op     25   26   77   78   26   25   77   78                       -0.14058302314798440391                                                    
op     23   27   75   79   27   23   75   79                       -0.09088521205143133830                                                    
op     25   27   77   79   27   25   77   79                       -0.10018861078676316589                                                    
op     25   27   75   79   27   25   75   79                       -0.04137656383356370926                                                    
a_ia   77   78                                                      0.02195442255040698509                                                    
a_ia   25   26                                                      0.02010276839637221979                                                    
mvp2   23   26   77   79   26   23   77   79                        0.08380963443987883565    0.99339287607358028875                          
a_ia   23   26                                                     -0.00170342405292442595                                                    
a_ia   75   79                                                      0.00641104875287107270                                                    
mvp2   23   26   75   78   26   23   75   78                       -0.03741520800587636031    0.84427386456627329103                          
mvp2   23   27   77   79   27   23   77   79                       -0.03404820409953523974   -0.20566599696089626903                          
a_ia   77   79                                                      0.00257601739435406362                                                    
mvp2   23   27   74   79   27   23   74   79                        0.02812817940236587641    0.23006119865234797572                          
op     21   26   73   78   26   21   73   78                       -0.01977572187613219068                                                    
a_ia   21   26                                                      0.01010826367859028914                                                    
mvp2   21   26   77   78   26   21   77   78                       -0.02624990157745548530    0.15705781352948805507                          
a_ia   73   77                                                     -0.12929896984354588563                                                    
mvp2   21   26   74   78   26   21   74   78                       -0.01049092056530620716    0.69899549335047916898                          
a_ia   25   27                                                      0.00303500205708912875                                                    
mvp2   22   27   75   79   27   22   75   79                        0.03045973098826479375   -0.15440401298763489768                          
a_ia   73   75                                                      0.26240589862260743637                                                    
a_ia   75   77                                                      0.08510895136379602322                                                    
mvp2   22   26   73   78   26   22   73   78                       -0.01377753525047772411   -0.57958439183970567044                          
a_ia   22   26                                                     -0.00040726667501991197                                                    
mvp2   25   26   75   79   26   25   75   79                        0.03622981719323556393   -0.06157991793105974110                          
mvp2   25   27   74   78   27   25   74   78                       -0.03547374905842105158    0.40005696184381744906                          
a_ia   74   78                                                     -0.00040568335069185858                                                    
mvp2   25   26   74   78   26   25   74   78                       -0.03405386349878558594    0.00774338815714532228                          
mvp2   22   26   74   78   26   22   74   78                       -0.00622703950233799170   -0.39965835611226491197                          
mvp2   23   27   77   78   27   23   77   78                        0.02811914045082929484   -0.00334494455905316691                          
a_ia   22   25                                                     -0.15774328261775838467                                                    
mvp2   23   39   75   79   39   23   75   79                        0.03470818764206574231   -0.10941954715228688344                          
mvp2   23   39   77   79   39   23   77   79                        0.02168678385734270839    0.11015420020643655608                          
a_ia   23   39                                                     -0.00220724172852646222                                                    
op     23   32   75   84   32   23   75   84                       -0.00508719812724045019                                                    
mvp2   25   39   77   79   39   25   77   79                        0.01302383858789237479    0.11485236089177096319                          
mvp2   25   39   75   79   39   25   75   79                        0.01807989136944189099   -0.15189401993045026362                          
op     23   39   75   91   39   23   75   91                       -0.01038514095655066610                                                    
a_ia   75   91                                                     -0.00344471087386140828                                                    
a_ia   79   91                                                     -0.25622791893688268150                                                    
a_ia   75   79                                                     -0.00744778635556789335                                                    
op     25   32   77   84   32   25   77   84                       -0.00260960830023263240                                                    
a_ia   25   32                                                     -0.00013474291831469721                                                    
a_ia   23   36                                                     -0.00485964564290143706                                                    
a_ia   77   84                                                     -0.00071993834119873652                                                    
mvp2   25   32   73   78   32   25   73   78                       -0.01648268144841152222   -0.25612229997269514437                          
mvp2   21   32   73   84   32   21   73   84                       -0.01586017674419903586   -0.60245857779806377685                          
a_ia   78   84                                                     -0.03144577234473100447                                                    
a_ia   21   32                                                      0.00430681777061288958                                                    
mvp3   73   78   77   84   73   77   84   78   73   77   78   84   -0.01304939056769457116    0.49431436330978723026    0.01717978288548281662
a_ia   73   84                                                      0.00253243331122996514                                                    
a_ia   75   88                                                     -0.00947573197621660521                                                    
om     23   36   75   88   36   23   75   88                       -0.01436200269007518841                                                    
op     23   38   75   90   38   23   75   90                       -0.00688444798549111159                                                    
op     23   45   75   97   45   23   75   97                       -0.02336872718705610905                                                    
mvp3   21   26   25   27   21   25   27   26   21   25   26   27   -0.01646566933584236656   -0.20646602453600515492   -0.05165283298662724787
a_ia   21   25                                                     -0.24962820452013184669                                                    
a_ia   26   32                                                     -0.09254066931501880866                                                    
a_ia   78   84                                                      0.09458298484517148330                                                    
op     23   44   75   96   44   23   75   96                       -0.00322182788206079682                                                    
op     23   41   75   93   41   23   75   93                       -0.00420995981012062346                                                    
op     11   45   63   97   45   11   63   97                       -0.20799594086698791617                                                    
op     11   45   63   78   45   11   63   78                       -0.02408985528132105702                                                    
op     21   45   63   97   45   21   63   97                        0.00922134881106819251                                                    
om     11   45   73   97   45   11   73   97                       -0.01016057651502928240                                                    
op     11   26   63   97   26   11   63   97                       -0.04279842579404445624                                                    
op     11   26   63   78   26   11   63   78                       -0.03366020230014880876                                                    
a_ia   63   78                                                      0.00975038814558982017                                                    
op     22   45   63   97   45   22   63   97                       -0.01366326871025084523                                                    
a_ia   11   45                                                      0.00201050449554446590                                                    
mvp2   11   45   73   78   45   11   73   78                       -0.01326494780762439707    0.05932601869552046187                          
om     21   26   63   97   26   21   63   97                       -0.01022604308168888719                                                    
op     21   45   63   78   45   21   63   78                       -0.00599706460647075890                                                    
op     11   29   63   81   29   11   63   81                       -0.00691157736570896433                                                    
om     11   45   74   97   45   11   74   97                       -0.00693880768845598662                                                    
a_ia   11   21                                                      0.13328485831476502566                                                    
op     23   45   63   97   45   23   63   97                       -0.06182496551964112436                                                    
om     23   45   73   97   45   23   73   97                       -0.00207928257969115966                                                    
a_ia   73   77                                                     -0.15096257434437720946                                                    
om     11   45   75   97   45   11   75   97                       -0.05550745301722177089                                                    
a_ia   11   23                                                     -0.38999338223011059679                                                    
a_ia   63   73                                                     -0.02631438530698997427                                                    
a_ia   63   77                                                      0.00644507363086707814                                                    
a_ia   63   75                                                     -0.34502695426010865365                                                    
op     11   45   63   97   45   11   63   97                        0.18803448595441349389                                                    
a_ia   63   79                                                      0.00949674639438720554                                                    
a_ia   27   32                                                      0.14807549861040417150                                                    
a_ia   24   25                                                     -0.09058698448096670630                                                    
a_ia   26   32                                                      0.22349189061412105817                                                    
a_ia   73   77                                                     -0.10426260612836285580                                                    
a_ia   79   83                                                      0.07286960897035933693                                                    
mvp2   23   32   73   78   32   23   73   78                        0.01205808608108075407    0.11921976804801391603                          
mvp2   21   32   73   78   32   21   73   78                        0.01116128265077413056    0.10870389112289929878                          
mvp2   11   27   73   78   27   11   73   78                        0.01416264662249814080    0.15136070492889269756                          
a_ia   11   27                                                      0.00609844760764197830                                                    
mvp2   11   27   77   78   27   11   77   78                        0.01497094119171923400    0.09724930806482139090                          
mvp2   23   39   75   88   39   23   75   88                       -0.00832645243497528824   -0.14287479859359117351                          
a_ia   77   88                                                     -0.00929617622138395085                                                    
op     23   36   77   88   36   23   77   88                       -0.01100575154905664328                                                    
a_ia   31   45                                                     -0.14433292209897502500                                                    
om     23   36   75   91   36   23   75   91                       -0.01022957771725472274                                                    
a_ia   77   79                                                     -0.00972886341408958112                                                    
mvp2   23   36   75   79   36   23   75   79                        0.01192803175364773489    0.01348500039485068559                          
op      0   29   52   81   29    0   52   81                       -0.01114971524686872786                                                    
op     15   29   67   81   29   15   67   81                       -0.00812813846173100242                                                    
op     15   29   52   81   29   15   52   81                       -0.00506458999785379654                                                    
op     13   29   65   81   29   13   65   81                       -0.00753790582597834141                                                    
a_ia   65   81                                                     -0.00202388811685161665                                                    
a_ia   13   29                                                     -0.00208549646167439885                                                    
op      0   29   67   81   29    0   67   81                       -0.00503277305734030692                                                    
a_ia    0   29                                                      0.00116841011500694509                                                    
op     12   29   64   81   29   12   64   81                       -0.00619402200183139309                                                    
a_ia   64   81                                                      0.00152953105234953854                                                    
om     13   29   64   81   29   13   64   81                        0.00672755291250437884                                                    
a_ia   23   36                                                     -0.00575530921508620591                                                    
op     12   29   65   81   29   12   65   81                        0.00674370410498211816                                                    
a_ia   12   29                                                      0.00155540696436123698                                                    
op      8   29   60   81   29    8   60   81                       -0.00656128799854587084                                                    
op      6   29   58   81   29    6   58   81                       -0.00653314997674665342                                                    
a_ia   58   81                                                      0.00104299785788552210                                                    
op      7   29   59   81   29    7   59   81                       -0.00461338044462166093                                                    
a_ia    6   29                                                      0.00111931494372087808                                                    
a_ia   59   81                                                     -0.00073885429896755844                                                    
mvp2    0   51   63   97   51    0   63   97                       -0.02832573492717422453   -0.44584314200849844978                          
a_ia    0   31                                                     -0.00130358929298338686                                                    
mvp2    0   51   75   97   51    0   75   97                        0.01086412767751503659   -0.09070250464282623992                          
a_ia    0   51                                                      0.00008412430880453081                                                    
mvp2    0   51   52  103   51    0   52  103                       -0.00406089243135737514    0.88003468439150744906                          
mvp2    0   45   52   97   45    0   52   97                       -0.00586243829959857098    0.15904006191087929900                          
mvp2   11   45   52  103   45   11   52  103                       -0.00346715823043840981    0.25455734218356140808                          
mvp2   11   51   52   97   51   11   52   97                       -0.00542815175954760969    0.14488831710419977639                          
op      0   33   52   85   33    0   52   85                       -0.00548610881425955991                                                    
op      0   40   52   92   40    0   52   92                       -0.00749519994722817971                                                    
op      0   34   52   86   34    0   52   86                       -0.00419522098810980182                                                    
a_ia    0   34                                                      0.00067216308745431629                                                    
a_ia   52   86                                                      0.00110958821155037325                                                    
op      0   35   52   87   35    0   52   87                       -0.00191008014111392760                                                    
om      0   33   52   83   33    0   52   83                       -0.00416034724298298183                                                    
mvp2    0   51   52   85   51    0   52   85                        0.00295838146959869668   -0.52114205020959725179                          
mvp2    0   31   52   85   31    0   52   85                       -0.00421752551833071924   -0.51607962582051913891                          
mvp2    0   31   52   83   31    0   52   83                       -0.00417255610211959491    0.77294579832620047277                          
mvp2   11   45   63   84   45   11   63   84                       -0.00315336716675867221   -0.05076397330132156882                          
mvp2    0   33   52  103   33    0   52  103                        0.00383570656714913531    0.29457066871037523859                          
mvp2    0   31   52  103   31    0   52  103                        0.00284856248021384461    0.09127696049404472600                          
mvp2    0   40   52  103   40    0   52  103                       -0.00333381446396094350   -0.19277526963103999713                          
mvp2    0   51   52   92   51    0   52   92                       -0.00293988838824913237    0.47999972551864006354                          
mvp2    0   51   52   83   51    0   52   83                        0.00204884379927147220   -0.18431475230553662215                          
mvp2    0   34   52   92   34    0   52   92                        0.00220934985689365824    0.66410848835069102858                          
op      2   29   54   81   29    2   54   81                       -0.00420597817938771473                                                    
op      3   29   55   81   29    3   55   81                       -0.00390590764703144981                                                    
op      4   29   55   81   29    4   55   81                       -0.00250259692183931641                                                    
mvp2   16   40   63   97   40   16   63   97                       -0.02316718511109349191   -0.70237041897838337068                          
a_ia   16   30                                                     -0.00078097583226323538                                                    
mvp2   16   40   63   78   40   16   63   78                       -0.01776382162434238243    0.04327787561613458817                          
mvp2   16   40   75   97   40   16   75   97                        0.01114847337871119164    0.09024529467605024724                          
a_ia   75   84                                                     -0.00272794823427399387                                                    
mvp2   16   40   73   97   40   16   73   97                       -0.00720257417964013328    0.35351313304468939824                          
a_ia   21   27                                                      0.00395687783394876435                                                    
mvp2   16   30   75   78   30   16   75   78                       -0.01295825648706294513   -0.14400821248196651880                          
a_ia   84   97                                                     -0.25607475774902227483                                                    
mvp2   16   40   68   92   40   16   68   92                       -0.01109429123703548244    0.68917249021709736656                          
a_ia   75   78                                                      0.00995015832656473767                                                    
mvp2   68   78   75   82   68   75   78   82                        0.01082618152430325602   -0.16427945013761760529                          
a_ia   16   30                                                      0.00126619203456784075                                                    
a_ia   68   82                                                     -0.00219986043750627653                                                    
mvp2   16   40   67   92   40   16   67   92                       -0.00891906360465936562    0.86775161091274455316                          
mvp2   15   40   67   92   40   15   67   92                       -0.00851089611647779486   -0.61626510964055114528                          
a_ia   67   92                                                     -0.00329222750424220442                                                    
mvp2   15   40   68   92   40   15   68   92                       -0.00874115670757231317   -0.22426067737600308138                          
op     16   28   68   80   28   16   68   80                       -0.00688887233346307734                                                    
a_ia   68   80                                                      0.00149646602781457238                                                    
a_ia   20   25                                                     -0.07228240546438044478                                                    
op     15   37   67   89   37   15   67   89                       -0.01307825374278953449                                                    
a_ia   15   37                                                      0.00004788043213747471                                                    
op     15   33   67   85   33   15   67   85                       -0.00728394477044681625                                                    
op     15   31   67   83   31   15   67   83                       -0.00858170154285006759                                                    
op     15   38   67   90   38   15   67   90                       -0.00579657688590378903                                                    
op     15   41   67   93   41   15   67   93                       -0.00580284144196518276                                                    
a_ia   15   34                                                      0.00163930546722878905                                                    
a_ia   67   90                                                      0.00254586142893902748                                                    
op     15   35   67   87   35   15   67   87                       -0.00581979878195887975                                                    
a_ia   15   35                                                     -0.00330371499384061974                                                    
a_ia   67   93                                                     -0.00034140683960334837                                                    
a_ia   67   87                                                      0.00054252336022280118                                                    
op     15   44   67   96   44   15   67   96                       -0.00392049666838485342                                                    
op     15   42   67   94   42   15   67   94                       -0.00433973767477508106                                                    
op     15   48   67  100   48   15   67  100                       -0.00089387525803502242                                                    
a_ia   15   48                                                     -0.00213405339263907394                                                    
a_ia   67   86                                                      0.00177190556369274379                                                    
a_ia   67  100                                                      0.00098511943474070048                                                    
op     15   46   67   98   46   15   67   98                       -0.00248353972312114315                                                    
op     15   43   67   94   43   15   67   94                        0.00228553045187444327                                                    
a_ia   15   43                                                      0.00077532853320204018                                                    
om      0   38   52   90   38    0   52   90                       -0.00183627879672742448                                                    
mvp2   12   45   63   97   45   12   63   97                        0.00375020938878104903    0.12793969184624673363                          
a_ia   32   45                                                     -0.18574797418901706214                                                    
a_ia   27   45                                                      0.06742282498279027203                                                    
a_ia   12   32                                                     -0.00029260972247502467                                                    
a_ia   12   45                                                      0.00060171141431968793                                                    
a_ia   12   21                                                      0.12053742106444868820                                                    
mvp2   12   45   75   97   45   12   75   97                       -0.00014296816152503913    0.14036845500742670123                          
a_ia   15   42                                                     -0.00031405530551760236                                                    
mvp2   15   48   52  103   48   15   52  103                       -0.00945796408068073566   -0.45351538092562515558                          
a_ia   52  103                                                     -0.00575503710709852467                                                    
a_ia   15   48                                                      0.00112571598045371909                                                    
mvp2   52  100   67  103   52   67  100  103                        0.00513609205453604070    0.62335600463160922846                          
a_ia   67  100                                                      0.00069520066722908187                                                    
a_ia   52  100                                                     -0.00020806293408939921                                                    
op     15   41   67   90   41   15   67   90                       -0.00354318051538672369                                                    
om     15   35   67   90   35   15   67   90                       -0.00190292995597376655                                                    
op     15   38   67   93   38   15   67   93                       -0.00272045580699701488                                                    
om     15   35   67   93   35   15   67   93                       -0.00019503210891274543                                                    
op     15   38   67   87   38   15   67   87                       -0.00370684552164792609                                                    
op     15   48   52  103   48   15   52  103                        0.00347491632045032273                                                    
a_ia   52  103                                                      0.00333334641991729196                                                    
mvp2   16   48   63   97   48   16   63   97                       -0.01528056711203347809   -0.61191708463149852015                          
mvp2   16   48   75   97   48   16   75   97                        0.00691551974350789085    0.18841422643565491901                          
a_ia   16   48                                                     -0.00116511145923122654                                                    
mvp2   16   48   63   78   48   16   63   78                       -0.00992986143223801264    0.13353963919208969302                          
mvp2   16   48   68  100   48   16   68  100                       -0.00942490209386763478    0.80852637742109956243                          
op     16   33   68   85   33   16   68   85                       -0.00754106621856696479                                                    
op     16   31   68   83   31   16   68   83                       -0.01131006154238931374                                                    
a_ia   16   31                                                      0.00083856019682561833                                                    
a_ia   85  100                                                      0.32871152804654590884                                                    
a_ia   68   85                                                      0.00276735447472089766                                                    
mvp2   23   39   68   93   39   23   68   93                       -0.01089113468239823711    0.47829050403906220312                          
mvp2   16   41   68   93   41   16   68   93                       -0.00703916936222911873   -0.79487242446741490642                          
a_ia   68   93                                                     -0.00096172061745301407                                                    
a_ia   33   48                                                      0.36438071554903739280                                                    
mvp2   15   48   68  100   48   15   68  100                       -0.00682487519419680382   -0.14621184291036448677                          
a_ia   16   41                                                     -0.00023855820661771566                                                    
a_ia   16   51                                                     -0.00082871080065402385                                                    
mvp2   15   39   23   41   15   23   39   41                       -0.00681731195853143516    0.16771514926075220542                          
mvp2   15   36   23   41   15   23   36   41                       -0.00681782980333134250    0.23535128641544422745                          
a_ia   16   34                                                     -0.00029271175103533236                                                    
mvp2   16   35   77   79   35   16   77   79                       -0.00745105974983154267   -0.13993346846042165055                          
mvp2   23   39   67   93   39   23   67   93                        0.00762099060598740892   -0.13036903327041260425                          
mvp2   23   36   67   93   36   23   67   93                        0.00740698570952230337   -0.23368580184706561065                          
om     15   41   67   89   41   15   67   89                       -0.00651105758950416662                                                    
mvp2   15   37   67   93   37   15   67   93                       -0.00610396583470360424   -0.19932721372679290672                          
mvp2   16   47   52  103   47   16   52  103                       -0.00361064815144304099   -0.57892372759326082843                          
a_ia   16   44                                                      0.00135860322791417311                                                    
mvp2   16   44   52  103   44   16   52  103                        0.00166351291074101171    0.39582317865897242992                          
a_ia   16   47                                                     -0.00114935453016879927                                                    
a_ia   37   48                                                      0.31122545049111338678                                                    
a_ia   78   97                                                     -0.00703457211531701657                                                    
mvp2   23   39   67   90   39   23   67   90                        0.00888858942502582933   -0.14825256722872695581                          
mvp2   23   36   67   90   36   23   67   90                        0.00673439924645225733   -0.20022372628164031294                          
a_ia   67   90                                                     -0.00247246665181738174                                                    
mvp2    0   51   52  103   51    0   52  103                       -0.00458240503166385416   -0.01263459041725369450                          
mvp2   15   35   23   39   15   23   39   35                        0.00703410075777746984    0.39681531621711763069                          
mvp2   23   39   67   87   39   23   67   87                        0.00886412528220878286   -0.36474211619761243153                          
a_ia   15   35                                                      0.00434710842483251262                                                    
mvp2   15   38   23   39   15   23   39   38                        0.00598156437759127246    0.23993943073058007776                          
mvp2   15   36   23   38   15   23   36   38                       -0.00506159335120098201    0.24539515247507526219                          
op      4   29   56   81   29    4   56   81                       -0.00249553221834675079                                                    
op      3   29   56   81   29    3   56   81                       -0.00250136049283737226                                                    
mvp2    0   34   52  103   34    0   52  103                        0.00203569676706147080    0.05267547855633341464                          
mvp2   11   45   64   97   45   11   64   97                        0.00125567082875457209   -0.02721289746487872210                          
a_ia   64   97                                                     -0.00007392174198348927                                                    
a_ia   11   32                                                      0.00346205755979471898                                                    
a_ia   11   12                                                     -0.38394670053654705866                                                    
a_ia   11   21                                                     -0.06616562002331005665                                                    
a_ia   92   97                                                     -0.05308850130105536441                                                    
mvp2   11   45   63   97   45   11   63   97                       -0.00566684491653722533   -0.22446202330443118522                          
a_ia   12   21                                                     -0.07390265456608990924                                                    
a_ia   63   64                                                     -0.40122913537518284377                                                    
mvp2   11   45   62   97   45   11   62   97                        0.01543165923423261282    0.21805324121823840833                          
a_ia   62   97                                                     -0.00059704766776897181                                                    
a_ia   74   97                                                     -0.00509822999180245800                                                    
a_ia   62   74                                                      0.09197665425344951629                                                    
a_ia   11   26                                                      0.00834648130253732960                                                    
mvp2   11   26   74   97   26   11   74   97                       -0.00315116700040295357    0.07474149573068308849                          
mvp2   10   45   63   97   45   10   63   97                       -0.00182010460459329851   -0.20293982746518310356                          
a_ia   10   45                                                      0.00392985599079248137                                                    
a_ia   62   63                                                     -0.31891345667079057380                                                    
a_ia   20   45                                                      0.00068824994679519958                                                    
a_ia    3   29                                                     -0.00077277497306319453                                                    
mvp2    0   44   52  103   44    0   52  103                       -0.00170396873169855064   -0.35857826180018298468                          
mvp2    0   44   52   96   44    0   52   96                       -0.00165610313812673588    0.74033354914733062735                          
mvp2   23   27   68   83   27   23   68   83                       -0.01127750581367362344    0.10655554871016048590                          
mvp2   23   27   68   93   27   23   68   93                        0.00834822870600948792    0.03022436005780790996                          
mvp2   23   27   68   85   27   23   68   85                        0.00892079253908998997   -0.06448884661587127309                          
a_ia   68   85                                                     -0.00580254580085379223                                                    
a_ia   78   91                                                      0.05753271879504676806                                                    
a_ia   78   83                                                      0.06649237511696527714                                                    
mvp2   11   45   62   97   45   11   62   97                       -0.01646402863384754250   -0.16370966673922066059                          
a_ia   63   74                                                      0.14222320338844957055                                                    
a_ia   10   11                                                     -0.33021269624236954110                                                    
a_ia   10   45                                                     -0.00400055893333004908                                                    
mvp2   11   45   63   97   45   11   63   97                       -0.00014607705396226797    0.03609703795507608615                          
mvp2   10   45   63   97   45   10   63   97                        0.00179852274112354479    0.21909488668624349517                          
a_ia   74   97                                                      0.00480180916459108272                                                    
mvp2   22   26   63   97   26   22   63   97                       -0.00439509756736572704   -0.07879523917942600486                          
om     12   28   64   80   28   12   64   80                       -0.00503713977064409752                                                    
a_ia   28   40                                                      0.09370590375873386058                                                    
a_ia   12   26                                                     -0.00373649104240127801                                                    
mvp2   21   26   75   84   26   21   75   84                        0.01362203149717883255   -0.01288330397194288254                          
mvp2   16   43   77   88   43   16   77   88                       -0.00326895964007717669   -0.26490385943171440575                          
a_ia   16   43                                                      0.00237482148706176684                                                    
