op     25   26   77   78   26   25   77   78                       -0.11951034777058795744                                                    
op     25   27   77   79   27   25   77   79                       -0.02446017436295407424                                                    
op     23   27   75   79   27   23   75   79                       -0.08281840224806605311                                                    
a_ia   75   79                                                     -0.00037182408124302444                                                    
a_ia   23   27                                                      0.01169196694579953399                                                    
op     23   26   75   78   26   23   75   78                       -0.10659457321473012059                                                    
a_ia   75   78                                                      0.00706052808486548524                                                    
op     25   28   77   80   28   25   77   80                       -0.03745520602494614715                                                    
a_ia   78   80                                                     -0.04128093749029412146                                                    
op     25   28   77   78   28   25   77   78                        0.06183124295873489856                                                    
mvp2   23   26   77   79   26   23   77   79                        0.07546286210733309241   -0.71387748206350642999                          
mvp2   25   27   75   78   27   25   75   78                        0.08208185926489337814    0.80813560145696738957                          
a_ia   78   79                                                     -0.09326124405650876303                                                    
a_ia   26   27                                                     -0.24426842700830767030                                                    
a_ia   79   80                                                     -0.24184342380901083236                                                    
a_ia   74   77                                                      0.25902884731599362667                                                    
mvp2   22   26   77   80   26   22   77   80                       -0.01611946728182395150   -0.50913225644194171071                          
a_ia   22   26                                                     -0.00017695365516555542                                                    
a_ia   22   25                                                      0.26123147198001023250                                                    
a_ia   76   77                                                      0.14808542390741052941                                                    
a_ia   23   24                                                      0.06880413374318629371                                                    
mvp2   19   26   77   80   26   19   77   80                        0.01833292136729483199    0.54814733968759399296                          
a_ia   74   75                                                     -0.21655253951576677873                                                    
mvp2   25   28   74   78   28   25   74   78                       -0.01289319548363049989    0.42909364590929582883                          
mvp3   23   27   25   28   23   25   28   27   23   25   27   28    0.01902383374064997926   -0.19283430577093677027   -0.35438723620689188687
a_ia   27   28                                                     -0.36168090093098825832                                                    
a_ia   23   25                                                     -0.00918546022266654265                                                    
a_ia   75   76                                                      0.08751654761908730928                                                    
a_ia   22   23                                                     -0.15866424576720872253                                                    
a_ia   23   28                                                      0.00173929681535289434                                                    
a_ia   78   79                                                     -0.33344160196476119173                                                    
op     23   36   75   88   36   23   75   88                       -0.01716189926520932454                                                    
a_ia   23   36                                                     -0.00789083758210703916                                                    
a_ia   75   88                                                     -0.00887968609820982517                                                    
a_ia   25   26                                                     -0.00226289192084810822                                                    
op     23   32   75   84   32   23   75   84                       -0.00724281337213620192                                                    
a_ia   74   78                                                      0.00005246722703072573                                                    
a_ia   19   25                                                     -0.18960813361123615706                                                    
a_ia   71   77                                                     -0.16613365896552662049                                                    
op     23   37   75   89   37   23   75   89                       -0.00889730473300659290                                                    
a_ia   75   89                                                      0.00362530586598713454                                                    
op     23   39   75   91   39   23   75   91                       -0.00523441785282396325                                                    
op     14   29   66   81   29   14   66   81                       -0.02706836489011068755                                                    
a_ia   66   81                                                      0.00097518379263055279                                                    
mvp2   19   28   71   80   28   19   71   80                       -0.01775663164986494499   -0.28012319407040386920                          
a_ia   22   27                                                     -0.00263316501531546312                                                    
mvp2   19   26   71   80   26   19   71   80                       -0.01550417416572101754    0.26356821032428040530                          
a_ia   71   80                                                      0.00120765386758137170                                                    
om     22   28   71   80   28   22   71   80                        0.01367434867766146103                                                    
op     23   34   75   86   34   23   75   86                       -0.00391560361441022336                                                    
mvp2   19   28   74   80   28   19   74   80                        0.01322881679056563467   -0.06759778845013912629                          
mvp2   22   28   74   80   28   22   74   80                       -0.01225345289362006311   -0.09247219472534951024                          
a_ia   24   25                                                      0.14393536912015172935                                                    
mvp2   25   28   71   78   28   25   71   78                        0.01758196806934753109   -0.38697082913193031617                          
a_ia   78   80                                                     -0.29876129773484866314                                                    
op     23   39   75   92   39   23   75   92                        0.00261161763002379713                                                    
op     23   40   75   92   40   23   75   92                       -0.00346390361137118323                                                    
op     23   40   75   91   40   23   75   91                        0.00312394436050646889                                                    
mvp2   23   39   75   79   39   23   75   79                        0.00560509473152289491   -0.07826915774035064777                          
a_ia   79   89                                                     -0.06659797675123003968                                                    
mvp2   23   27   75   91   27   23   75   91                        0.00518234761723070699    0.10865618684441091801                          
a_ia   27   39                                                     -0.16502596296065574766                                                    
a_ia   23   27                                                     -0.01218912821743598114                                                    
a_ia   23   39                                                      0.00252771940109201756                                                    
a_ia   27   37                                                     -0.07507188760662178439                                                    
a_ia   79   88                                                      0.04860741581798021238                                                    
mvp2   23   27   75   92   27   23   75   92                       -0.00342606805029962297   -0.06797989911188385970                          
a_ia   79   91                                                     -0.14994432755156669734                                                    
om      8   29   66   81   29    8   66   81                        0.01651012362711782103                                                    
mvp2   23   40   75   79   40   23   75   79                       -0.00408401981280018516    0.06063067135619685383                          
op     14   29   60   81   29   14   60   81                        0.01490872821877412512                                                    
op      8   29   60   81   29    8   60   81                       -0.01091123730829370551                                                    
op     24   26   76   78   26   24   76   78                       -0.01644073422705208745                                                    
mvp2   24   28   76   78   28   24   76   78                       -0.01202007109205311883   -0.21151466065443594311                          
mvp2   24   26   76   80   26   24   76   80                       -0.01144078603159746563    0.10959313568852151188                          
mvp2   24   28   76   80   28   24   76   80                       -0.00937541451439963432   -0.14494677726031338083                          
mvp2   22   26   71   80   26   22   71   80                        0.01009884213095664507    0.06707326124021767422                          
om     25   39   75   88   39   25   75   88                        0.00920199438073428591                                                    
a_ia   25   39                                                      0.00703086199820758626                                                    
mvp2   25   27   75   88   27   25   75   88                       -0.01159349510004175840    0.12163924972175436945                          
a_ia   25   37                                                      0.00223531964155420509                                                    
op     25   27   75   79   27   25   75   79                       -0.01684191589403216324                                                    
mvp2   25   36   75   79   36   25   75   79                       -0.01370481780636224889   -0.04968415480039629212                          
mvp2   23   36   75   79   36   23   75   79                       -0.01373373990898417961   -0.13354808488237898678                          
a_ia   75   79                                                     -0.00078376864067960519                                                    
om     25   36   75   91   36   25   75   91                        0.00741155946775084312                                                    
a_ia   27   40                                                      0.10016944862682357342                                                    
om     23   36   75   91   36   23   75   91                        0.00623845017440806913                                                    
op     14   32   66   84   32   14   66   84                       -0.00985788455688903394                                                    
op     14   30   66   82   30   14   66   82                       -0.00803506875854574643                                                    
op      8   32   60   84   32    8   60   84                       -0.00750345949208394442                                                    
a_ia    8   32                                                     -0.00219655014868214366                                                    
a_ia   60   84                                                     -0.00203091149632067709                                                    
op     14   31   66   83   31   14   66   83                       -0.00594848656867812478                                                    
a_ia   66   83                                                      0.00067356530389850249                                                    
a_ia   14   31                                                      0.00065441031383868076                                                    
om     14   37   66   89   37   14   66   89                       -0.00809543582241282339                                                    
a_ia   66   89                                                     -0.00035420983882146213                                                    
a_ia   14   37                                                      0.00141262498847420865                                                    
op     14   45   66   97   45   14   66   97                       -0.01142667298215285093                                                    
op     14   34   66   86   34   14   66   86                       -0.00600994553630923058                                                    
op     14   38   66   90   38   14   66   90                       -0.00595673650145028474                                                    
a_ia   14   38                                                      0.00765230132021077220                                                    
a_ia   66   90                                                      0.00934733967429586705                                                    
op     14   44   66   97   44   14   66   97                        0.00437313254642484901                                                    
op     14   43   66   97   43   14   66   97                        0.00386257325931786428                                                    
op     14   35   66   87   35   14   66   87                       -0.00359386360627968280                                                    
a_ia   66   87                                                      0.00172634537185110655                                                    
a_ia   14   35                                                      0.00168734760291297200                                                    
a_ia   23   37                                                      0.00359411111648708613                                                    
op     14   43   66   95   43   14   66   95                       -0.00398067289554926602                                                    
a_ia   19   39                                                      0.00086547827445483693                                                    
a_ia   78   89                                                      0.03310858485553984376                                                    
a_ia   77   80                                                     -0.00343475820333973654                                                    
op     14   44   66   95   44   14   66   95                       -0.00205816864629672054                                                    
a_ia   66   95                                                     -0.00004096334540075873                                                    
op      8   30   60   82   30    8   60   82                       -0.00632641373039905669                                                    
a_ia   60   82                                                     -0.00102435584866623994                                                    
a_ia    8   30                                                     -0.00095306166356633334                                                    
op     16   32   68   84   32   16   68   84                       -0.00681458650052137703                                                    
op     15   32   67   84   32   15   67   84                       -0.00732737016100603027                                                    
op     16   30   68   82   30   16   68   82                       -0.00850277875597554161                                                    
a_ia   68   82                                                     -0.00226416565122971019                                                    
a_ia   16   30                                                     -0.00220877391302726298                                                    
op      8   31   60   83   31    8   60   83                       -0.00603739139490142972                                                    
op     14   45   60   97   45   14   60   97                        0.00699666322983767599                                                    
op     15   30   67   82   30   15   67   82                       -0.00739978353351148938                                                    
op     15   31   67   83   31   15   67   83                       -0.01067388445564343251                                                    
a_ia   67   83                                                     -0.00265735798233198523                                                    
a_ia   15   31                                                     -0.00247328427686075098                                                    
om     16   31   68   83   31   16   68   83                       -0.00552534343813010625                                                    
op     13   30   65   82   30   13   65   82                       -0.00686455126587175255                                                    
a_ia   13   32                                                     -0.00100774592089349036                                                    
a_ia   13   30                                                     -0.00212070555415799908                                                    
a_ia   65   82                                                     -0.00204445841144208296                                                    
a_ia   65   84                                                     -0.00096561211888605261                                                    
a_ia   65   81                                                      0.00129418882976843467                                                    
a_ia   13   29                                                      0.00144955891143719621                                                    
op      6   30   58   82   30    6   58   82                       -0.00785643019593781737                                                    
a_ia   58   82                                                     -0.00153959768888740716                                                    
a_ia    6   30                                                     -0.00146270959139721676                                                    
op      7   30   59   82   30    7   59   82                       -0.00529764389310487336                                                    
om      6   32   58   84   32    6   58   84                       -0.00608025665251360394                                                    
a_ia   69   84                                                      0.00042888505220165402                                                    
op     11   30   63   82   30   11   63   82                       -0.00275811696270052056                                                    
op      2   30   54   82   30    2   54   82                       -0.00545323877713053788                                                    
op      2   32   54   84   32    2   54   84                       -0.00706959544253887070                                                    
a_ia    2   32                                                      0.00047789613063242529                                                    
op      7   32   59   84   32    7   59   84                       -0.00351376914789118143                                                    
a_ia   54   84                                                      0.00066170219418119978                                                    
op      8   45   66   97   45    8   66   97                        0.00638219813923117385                                                    
om      8   45   60   97   45    8   60   97                       -0.00451546100967531103                                                    
om     14   40   66   92   40   14   66   92                       -0.00374823902491885127                                                    
mvp2   23   36   77   91   36   23   77   91                        0.00780316317531207573    0.00205693135240487364                          
a_ia   77   91                                                      0.00650458708065153931                                                    
mvp2   23   36   77   79   36   23   77   79                       -0.01242148647260839928   -0.11090093081428546717                          
mvp2    8   45   75   88   45    8   75   88                        0.00604152124740366288    0.14449665920356380422                          
a_ia   19   23                                                      0.06757282424467858650                                                    
a_ia    8   37                                                     -0.00450430446915552583                                                    
mvp2   25   36   77   88   36   25   77   88                       -0.00538281382290448952   -0.16096123426720762573                          
op      8   34   60   86   34    8   60   86                       -0.00401362996731168074                                                    
a_ia    8   34                                                     -0.00193759935978585793                                                    
op      8   40   60   92   40    8   60   92                       -0.00318144331086025935                                                    
a_ia    8   40                                                      0.00080288791898610180                                                    
a_ia   60   92                                                     -0.00135417831927100302                                                    
a_ia   60   86                                                     -0.00212242132454212341                                                    
op     25   39   77   91   39   25   77   91                       -0.00458767593284977078                                                    
mvp2   23   39   77   88   39   23   77   88                        0.00615586213409051019   -0.17732744199653616146                          
a_ia   78   79                                                      0.09711477144502640713                                                    
a_ia   77   78                                                     -0.01283461477891439939                                                    
op      6   29   58   81   29    6   58   81                       -0.00436707853182841631                                                    
op      4   30   56   82   30    4   56   82                       -0.00274138489728042566                                                    
op      1   30   53   82   30    1   53   82                       -0.00330843646440668552                                                    
a_ia   53   82                                                      0.00077227033545587296                                                    
a_ia    1   30                                                      0.00081324052400937117                                                    
op     14   40   60   92   40   14   60   92                       -0.00225834357864939262                                                    
mvp2   14   27   25   38   14   25   27   38                        0.00971320543765934533   -0.14148821999859267917                          
a_ia    8   38                                                     -0.00128983130875811344                                                    
a_ia   14   38                                                     -0.00625145860271143772                                                    
mvp2   14   27   25   40   14   25   27   40                        0.00713828744498800922   -0.12707302958103455781                          
a_ia   25   40                                                     -0.00232667208867010523                                                    
mvp2   25   27   66   90   27   25   66   90                       -0.00912625003606921600    0.15343272225558693411                          
a_ia   66   90                                                     -0.00754960858736358764                                                    
mvp2   25   27   66   92   27   25   66   92                       -0.00741029681378695300    0.12539741111522925698                          
a_ia   60   90                                                     -0.00129128933281336903                                                    
a_ia   27   38                                                      0.02567210944933781894                                                    
a_ia   14   33                                                     -0.00110508436755409620                                                    
a_ia   60   85                                                     -0.00127125658955218345                                                    
mvp2   14   45   75   88   45   14   75   88                       -0.00819657165677007901   -0.13649905339727244624                          
a_ia   14   45                                                      0.00092972159341522830                                                    
mvp2   14   34   75   78   34   14   75   78                        0.00937522247934028524    0.14507893072362273990                          
a_ia   78   88                                                     -0.02020353209350661539                                                    
a_ia   14   34                                                      0.00079777316443555501                                                    
mvp2   14   45   75   78   45   14   75   78                        0.00734587863537813218    0.10261405726662514715                          
mvp2   66   88   75   97   66   75   88   97                        0.00633677646860624031   -0.20993740443798628026                          
a_ia   66   97                                                      0.00169197900660162715                                                    
om     14   45   66   81   45   14   66   81                       -0.01387402867541647281                                                    
op     14   29   66   97   29   14   66   97                       -0.01287035294481137480                                                    
a_ia   14   29                                                      0.00343295306569952816                                                    
mvp2    8   29   66   97   29    8   66   97                        0.00860861201413942213    0.17620136588205326245                          
mvp2    8   45   66   81   45    8   66   81                        0.00889621317071471150    0.02511282468898810502                          
op      6   31   58   83   31    6   58   83                       -0.00697535201903608671                                                    
op     25   41   77   93   41   25   77   93                       -0.00646158919285242436                                                    
a_ia   25   41                                                     -0.00035895636619740336                                                    
a_ia   77   92                                                     -0.00095078266672965928                                                    
a_ia   77   93                                                     -0.00228565564361050185                                                    
mvp2    8   29   75   78   29    8   75   78                       -0.00929060737355739789   -0.10741486216427269251                          
mvp2   66   78   75   97   66   75   78   97                       -0.00697153789789673687    0.05421528036762654490                          
mvp2   23   39   66   97   39   23   66   97                       -0.00349483820364807204   -0.04346477952909298670                          
mvp2    8   29   75   88   29    8   75   88                        0.00358184771092099870   -0.02729593241561755965                          
mvp2    8   40   75   88   40    8   75   88                       -0.00490041991738527326   -0.22031799947371133452                          
a_ia    8   40                                                     -0.00036133786950590086                                                    
mvp2   23   36   66   81   36   23   66   81                       -0.00650539967400826698   -0.15725131626843960597                          
mvp2   14   45   60   81   45   14   60   81                        0.00825889485573905527   -0.45391818352598034547                          
mvp2   14   29   60   97   29   14   60   97                        0.00719065903414178257   -0.10229421828412152418                          
mvp2    8   29   60   97   29    8   60   97                       -0.00467129799476540594    0.12377444635425659258                          
mvp2    8   45   60   81   45    8   60   81                       -0.00532117660460603055    0.23779787978946481664                          
mvp2   25   41   77   78   41   25   77   78                        0.01301976881376256008   -0.07593304292160282798                          
a_ia   78   93                                                     -0.12019133899619312278                                                    
a_ia   78   92                                                      0.07716325521151995437                                                    
a_ia   27   41                                                     -0.05834421931208910728                                                    
a_ia   77   93                                                     -0.00142026654363204444                                                    
op     13   31   65   83   31   13   65   83                       -0.00545998693287502116                                                    
mvp2   66   81   75   88   66   75   88   81                       -0.00676098294341087071    0.09413131533026845854                          
mvp2   60   88   75   97   60   75   88   97                       -0.00381091932365281187    0.11321119054305910090                          
mvp2   14   39   75   79   39   14   75   79                       -0.00568692905783015328   -0.06277140261171322566                          
mvp2   66   79   75   89   66   75   79   89                       -0.00693941877762966394    0.06895357218809276822                          
om      8   37   60   89   37    8   60   89                       -0.00448151677993507188                                                    
a_ia   60   89                                                     -0.00139749606880121757                                                    
mvp2   15   40   75   79   40   15   75   79                        0.00779073943421592589    0.14719905740793223781                          
mvp2   15   36   23   40   15   23   36   40                       -0.00417567917142684913    0.24461608144658214536                          
mvp2    8   40   75   79   40    8   75   79                       -0.00691195814094918912   -0.05947586818472461873                          
mvp2   15   26   23   34   15   23   26   34                       -0.01650807216154578927    0.20101116536993046680                          
a_ia   26   40                                                      0.07572066996484022594                                                    
mvp2   14   34   66   89   34   14   66   89                       -0.00278225673890117537    0.13267164967045355639                          
a_ia    8   15                                                     -0.15291479782336150905                                                    
mvp2   15   40   67   92   40   15   67   92                       -0.00691661964187911555    0.78822685892934318819                          
a_ia   78   90                                                     -0.01001018496820983879                                                    
mvp2   16   40   75   79   40   16   75   79                        0.00577532523249034771    0.08611235279181728153                          
mvp2   15   34   67   86   34   15   67   86                       -0.00782154639284855790    0.77409641383293692485                          
mvp2   23   26   66   86   26   23   66   86                        0.00947458126753687215   -0.13905125507582810629                          
a_ia   79   92                                                      0.10558246803809955006                                                    
mvp2   15   34   60   81   34   15   60   81                        0.00384806618873244398   -0.05860092410295598964                          
om     15   33   67   85   33   15   67   85                       -0.00808402776110118265                                                    
a_ia   15   33                                                      0.00173541576328869085                                                    
om     15   35   67   87   35   15   67   87                       -0.00806696308423496961                                                    
a_ia   15   35                                                     -0.00270884812389611193                                                    
a_ia   67   87                                                     -0.00276838181025688230                                                    
op     15   42   67   94   42   15   67   94                       -0.00572215257591855014                                                    
op     15   44   67   96   44   15   67   96                       -0.00501042712168819297                                                    
op     15   46   67   98   46   15   67   98                       -0.00328445760088823518                                                    
op     15   42   67   96   42   15   67   96                       -0.00303429328339665984                                                    
a_ia   29   33                                                      0.09654095418481058177                                                    
op     15   44   67   94   44   15   67   94                       -0.00306034823236885816                                                    
mvp2   66   79   75   86   66   75   79   86                       -0.00694953415175446603    0.09876211013263858085                          
mvp2   14   34   75   79   34   14   75   79                        0.00820176777912292980    0.09591917956304575610                          
op     16   34   68   86   34   16   68   86                       -0.00696623068605490593                                                    
a_ia   16   34                                                     -0.00302952027532643782                                                    
a_ia   68   86                                                     -0.00264452251712540094                                                    
mvp2   60   79   75   92   60   75   79   92                        0.00473223391804900723   -0.06726209408306400850                          
op     14   37   60   89   37   14   60   89                        0.00347167260877442570                                                    
om      6   34   58   86   34    6   58   86                       -0.00617871670211266131                                                    
a_ia   58   86                                                     -0.00193230320102319637                                                    
a_ia    6   34                                                     -0.00204193449738127855                                                    
mvp2   16   26   23   37   16   23   26   37                       -0.00634719391885053830    0.11941934197319889477                          
a_ia   26   37                                                      0.04250801065440767967                                                    
mvp3    8   26   23   37    8   23   37   26    8   23   26   37    0.00587120922609875653    0.12648062059925194167   -0.07546511824900679899
mvp2   14   37   75   79   37   14   75   79                        0.00590990325532759434    0.02909894537716182020                          
mvp2   23   26   68   89   26   23   68   89                        0.00553786865127936685   -0.12500929382916492472                          
mvp2   25   26   75   79   26   25   75   79                        0.02647831877435856754    0.07010941181174434877                          
mvp2   16   26   25   38   16   25   26   38                        0.01126927259049868152   -0.14115638385095027885                          
a_ia   16   38                                                      0.00237808215870365233                                                    
a_ia   25   26                                                     -0.00802466600849388763                                                    
a_ia   16   25                                                     -0.02024897789082116817                                                    
mvp2   16   38   68   90   38   16   68   90                       -0.00597462928437885159    0.74171049335924787993                          
a_ia   79   90                                                      0.02684661129420940623                                                    
mvp2    8   37   66   89   37    8   66   89                        0.00333325478230103332   -0.29137569552683023621                          
a_ia    8   37                                                      0.00345613940683541822                                                    
om     13   34   65   86   34   13   65   86                       -0.00597842921170226808                                                    
a_ia   65   86                                                     -0.00184110651251323618                                                    
a_ia   13   34                                                     -0.00184575087313662285                                                    
om     13   34   58   86   34   13   58   86                       -0.00348933711296526726                                                    
op      2   31   54   83   31    2   54   83                       -0.00310187820359929733                                                    
a_ia    2   31                                                      0.00061725760688569888                                                    
op     11   31   63   83   31   11   63   83                       -0.00411172316696655892                                                    
a_ia   11   31                                                      0.00126696225546120704                                                    
a_ia   64   83                                                     -0.00104025105649462784                                                    
a_ia   12   31                                                     -0.00095819134335585964                                                    
a_ia   54   83                                                      0.00062842569306635382                                                    
op      7   31   59   83   31    7   59   83                       -0.00326298272021712313                                                    
a_ia   63   83                                                      0.00112419522177782953                                                    
op      4   31   56   83   31    4   56   83                       -0.00418983324558985966                                                    
a_ia   56   83                                                     -0.00103674044242328786                                                    
a_ia    4   31                                                     -0.00096528926260128212                                                    
op      5   30   57   82   30    5   57   82                       -0.00182239978381697502                                                    
op      0   31   52   83   31    0   52   83                       -0.00335352866061961342                                                    
op      0   31   52   82   31    0   52   82                       -0.00203836658589868613                                                    
op      0   30   52   83   30    0   52   83                       -0.00203097600312869206                                                    
a_ia   52   83                                                      0.00058848462335880176                                                    
a_ia    0   30                                                      0.00040782581338762050                                                    
