op     31   32   95   96   32   31   95   96                       -0.02917227436789221126                                                    
op     31   34   95   98   34   31   95   98                       -0.04389489008877377196                                                    
op     31   36   95  100   36   31   95  100                        0.00107197399323493304                                                    
op     24   33   88   97   33   24   88   97                       -0.14342069150402142474                                                    
a_ia   88   97                                                      0.18862312778675208169                                                    
a_ia   24   33                                                      0.00531749695438057512                                                    
op     28   35   92   99   35   28   92   99                       -0.14305721076519806179                                                    
a_ia   92   99                                                      0.05766396878602223636                                                    
a_ia   28   35                                                     -0.00911377792613533855                                                    
a_ia   31   36                                                     -0.00365938307665957278                                                    
mvp2   28   35   91   99   35   28   91   99                        0.00116078130050454838    0.57645397058716230099                          
op     24   35   88   97   35   24   88   97                       -0.00003180869648794055                                                    
op     27   32   91   96   32   27   91   96                       -0.08142243547914239377                                                    
a_ia   91   96                                                     -0.01057025311775523259                                                    
a_ia   27   35                                                      0.00898755958372463200                                                    
mvp2   28   35   92   97   35   28   92   97                       -0.00075647266816580643   -0.23861418636075759636                          
a_ia   91   92                                                     -0.06418846493524785202                                                    
a_ia   27   28                                                     -0.47876531674218592016                                                    
op     24   32   88   97   32   24   88   97                       -0.00402550544916035515                                                    
a_ia   28   35                                                      0.01658827756075462873                                                    
a_ia   95  100                                                      0.01862091198557204799                                                    
op     31   37   95  101   37   31   95  101                       -0.01113157380301364741                                                    
om     24   33   88   99   33   24   88   99                        0.01013767149598685316                                                    
a_ia   88   99                                                      0.02982266663259524123                                                    
mvp2   28   33   92   99   33   28   92   99                        0.00143764073339271571    0.01321027426231299005                          
a_ia   33   35                                                      0.46790319430012067281                                                    
a_ia   31   37                                                     -0.00770392248943497625                                                    
a_ia   24   27                                                      0.01014976499929523199                                                    
mvp2   25   34   92   99   34   25   92   99                       -0.07738027161923308195   -0.45989041677420972043                          
a_ia   24   25                                                      0.02393401365302855535                                                    
mvp2   25   34   89   98   34   25   89   98                       -0.04324075436790132676    1.06614628059162197538                          
a_ia   98   99                                                      0.00566260221016769236                                                    
a_ia   88   89                                                      0.09286402748489212822                                                    
mvp2   25   34   88   97   34   25   88   97                       -0.02069539801624352762   -0.06843060514127694005                          
mvp3   88   97   89   98   88   89   98   97   88   89   97   98   -0.03330407836020862072    0.10822152849768164329    0.15339588886156696468
mvp2   27   34   92   99   34   27   92   99                        0.00476813509483963328    0.03465379675281891197                          
a_ia   88   97                                                     -0.14218428272742120178                                                    
mvp2   25   36   92   99   36   25   92   99                       -0.05599420747317133268   -0.36382111297190877774                          
mvp2   27   36   92   99   36   27   92   99                        0.00938150038284178700    0.04168316648327319296                          
a_ia   94   95                                                     -0.10599311648025182275                                                    
a_ia   95  101                                                     -0.00034261128937989542                                                    
mvp2   31   36   89   98   36   31   89   98                        0.05470035511526995936    0.47008475249471104451                          
mvp2   28   35   89  100   35   28   89  100                       -0.00810588309745251950    0.59879081227188402092                          
a_ia   35   38                                                      0.34490293234689051172                                                    
a_ia   89   91                                                     -0.14503463393497878497                                                    
a_ia   35   39                                                     -0.12239815999071408659                                                    
mvp3   89   98   95  100   89   95  100   98   89   95   98  100    0.02110807359215737325   -1.10040426248051015357   -0.26412093317376011958
a_ia   91   95                                                     -0.45780608440206627119                                                    
a_ia   89   95                                                     -0.16807044729844897168                                                    
a_ia   95   96                                                     -0.02291381458283271721                                                    
a_ia   31   36                                                      0.01043267939945882218                                                    
mvp2   31   34   92   99   34   31   92   99                        0.02375160256070941653    0.18262920856188336050                          
a_ia   27   31                                                      0.08017123654907226671                                                    
a_ia   31   34                                                      0.00061179798274675547                                                    
a_ia   97   99                                                      0.00801769482918902876                                                    
a_ia   24   25                                                      0.07704168844224917878                                                    
mvp2   24   33   88   96   33   24   88   96                       -0.00615576076014060988    0.20660880354271865533                          
a_ia   88   92                                                      0.13212586227238587444                                                    
a_ia   28   31                                                      0.19838652121906083514                                                    
mvp2   24   33   88  102   33   24   88  102                        0.00395822598394992078    0.02678395361575179601                          
a_ia   96   97                                                     -0.00997917082426458268                                                    
a_ia   92   97                                                      0.02352647143983510949                                                    
a_ia   35   37                                                      0.06195910991152644987                                                    
mvp2   21   34   88   97   34   21   88   97                        0.05584571254047627359    0.35835508453357645120                          
a_ia   99  102                                                     -0.00744221022599858908                                                    
a_ia   25   34                                                     -0.00407881499318211386                                                    
mvp3   89   98   91   99   89   91   99   98   89   91   98   99   -0.00082566297278324969    0.11919587338838517898    0.00067501230993507685
a_ia   98   99                                                      0.06377644625227744946                                                    
a_ia  100  101                                                     -0.07120556765614256822                                                    
a_ia   21   25                                                     -0.33917676556621662032                                                    
mvp2   31   37   95  100   37   31   95  100                        0.01904126551068131834    0.36622677766398992194                          
a_ia   95  100                                                      0.00059394324546040752                                                    
a_ia   30   31                                                     -0.30335119583511654939                                                    
a_ia   28   30                                                     -0.12611460351786132894                                                    
mvp2   23   34   88   97   34   23   88   97                       -0.01689365314658720918   -0.10544129703672651399                          
a_ia   23   32                                                     -0.00177880584126638539                                                    
a_ia   23   34                                                      0.00509332815310839428                                                    
a_ia   25   27                                                     -0.16227641764227518362                                                    
a_ia   92   93                                                      0.15092024038090776084                                                    
mvp2   21   32   88   97   32   21   88   97                       -0.01650989777982747597   -0.11917873662593096717                          
a_ia   32   34                                                     -0.07115152828484584691                                                    
a_ia   24   27                                                      0.14658822358948106479                                                    
a_ia   21   36                                                      0.00295830395477614597                                                    
mvp2   25   32   88   97   32   25   88   97                        0.01234989292443491697    0.08594010064868921883                          
mvp3   85   97   88   98   85   88   98   97   85   88   97   98   -0.03776694648471815713   -0.14705178876249155873    0.32062124296921784561
a_ia   85   97                                                      0.00243385876650421091                                                    
a_ia   97   98                                                     -0.15524843017789380362                                                    
a_ia   85   88                                                     -0.05002920741364813573                                                    
mvp3   87   97   88   98   87   88   98   97   87   88   97   98    0.01948677604394049440    0.27191696128056613846   -0.23220666667658002025
a_ia   87   88                                                     -0.10091641356255935669                                                    
op     22   34   86   98   34   22   86   98                       -0.00671143767200838796                                                    
a_ia   86   88                                                     -0.14636784658010915106                                                    
a_ia   99  102                                                      0.04664003303611545526                                                    
op     18   34   82   98   34   18   82   98                       -0.02097409543818662750                                                    
a_ia   26   34                                                      0.00653639221868911654                                                    
a_ia   82   98                                                      0.06213385552426120562                                                    
mvp3   87   96   88   97   87   88   97   96   87   88   96   97    0.01413943318492985081    0.16651168177615116583    0.24437866710086728061
mvp3   85   96   88   97   85   88   97   96   85   88   96   97   -0.00763878178091899080   -0.10453302472080315544   -0.12124355437466639851
mvp2   18   34   85   98   34   18   85   98                       -0.02049272370178569641   -0.75558475019084725410                          
mvp2   23   32   87   96   32   23   87   96                       -0.00410603699022778299   -0.71506023046695532663                          
op     19   34   83   98   34   19   83   98                       -0.00716152577762748516                                                    
mvp2   22   33   88   97   33   22   88   97                       -0.01915429045731403129   -0.23851492021818329614                          
mvp2   22   33   86   97   33   22   86   97                       -0.00374933846087738059    0.36124222046077136827                          
a_ia   21   27                                                     -0.05794743315357502728                                                    
a_ia   24   28                                                      0.07198049995538605139                                                    
mvp2   23   33   88   97   33   23   88   97                       -0.00697166070620399651   -0.05491174329521387315                          
a_ia   29   32                                                      0.00119671584580019171                                                    
a_ia   96   97                                                      0.00326257626755266155                                                    
mvp2   22   35   86   99   35   22   86   99                       -0.02317974568253068288   -0.48131019001660524381                          
a_ia   32   33                                                      0.02876511459649469180                                                    
mvp2   27   32   87   96   32   27   87   96                       -0.02807516085618582194   -0.27002065208139042207                          
mvp2   27   32   88   96   32   27   88   96                        0.01077808613698836779    0.25372248175739231524                          
mvp2   27   32   82   96   32   27   82   96                       -0.02586822322344505681   -0.08992834469203539460                          
mvp2   18   32   82   96   32   18   82   96                       -0.01138887258332941382   -1.05490131573252265973                          
mvp2   23   32   82   96   32   23   82   96                       -0.00228707984398484774   -0.66253063609983919857                          
a_ia   23   27                                                     -0.10131690334890243455                                                    
a_ia   19   34                                                     -0.00179100994120792614                                                    
mvp3   89   99   92  100   89   92  100   99   89   92   99  100   -0.01137662200012870377    0.03714055622656706190   -0.38869449481649359646
a_ia   99  100                                                     -0.04227651853243309665                                                    
a_ia   94   95                                                     -0.09583505050858458219                                                    
mvp2   22   33   86   99   33   22   86   99                        0.01312048553251977077   -0.01268138627933797398                          
a_ia   92  102                                                     -0.01662955368220396524                                                    
a_ia   91   92                                                     -0.45527161877050131844                                                    
mvp2   28   35   92   99   35   28   92   99                       -0.01745888963172815764   -0.07149876653457165609                          
a_ia   99  102                                                      0.21022741694103774801                                                    
om     22   36   86  100   36   22   86  100                       -0.01766853713889888350                                                    
mvp2   21   36   88   97   36   21   88   97                       -0.00865211120931498601   -0.05695789558660869362                          
a_ia   95  101                                                      0.00645239468744070264                                                    
op     31   40   95  104   40   31   95  104                       -0.00664651876726608890                                                    
mvp2   18   32   87   96   32   18   87   96                       -0.00883202611811546336    0.75804934287701908335                          
a_ia   23   25                                                     -0.25570868672531177346                                                    
a_ia   18   36                                                      0.00609136594458091138                                                    
mvp2   21   34   82   98   34   21   82   98                       -0.02138378706579166164    0.60921098053111100157                          
a_ia   90   98                                                      0.00179377353771926844                                                    
a_ia   18   25                                                     -0.28405978812380872078                                                    
a_ia   21   34                                                      0.03555667672891705405                                                    
mvp2   23   36   88   97   36   23   88   97                        0.00393842723382076092    0.05753743586170128460                          
mvp2   25   36   88   97   36   25   88   97                        0.00295282637849716978    0.08942382771847909306                          
mvp2   22   35   86   97   35   22   86   97                       -0.00156761158477684284   -0.38838756534589191638                          
a_ia   86   97                                                     -0.00325615263004972941                                                    
a_ia   89   97                                                     -0.03113907451805705828                                                    
a_ia   97  102                                                      0.24785976179701046940                                                    
a_ia   97   99                                                      0.13531270674173481727                                                    
mvp2   24   33   91   97   33   24   91   97                       -0.01502395416289865199    0.17282169472449826486                          
mvp2   18   32   91   96   32   18   91   96                       -0.01827308159290668213   -0.21027088710893646062                          
a_ia   32   36                                                     -0.33108547306627933438                                                    
mvp2   23   32   91   96   32   23   91   96                       -0.00698671509439128830    0.16854555210306360058                          
mvp2   27   34   91   96   34   27   91   96                       -0.00807347902704441331    0.01276782077311659595                          
a_ia   91   93                                                     -0.16361654480608259221                                                    
a_ia   93   96                                                      0.00742948655064835668                                                    
op     22   34   86  100   34   22   86  100                       -0.01094546337936511994                                                    
mvp2   25   37   92   99   37   25   92   99                        0.01043725818811184342    0.15857804084378271381                          
a_ia   35   36                                                      0.02895485058631184702                                                    
a_ia   24   37                                                     -0.00637045967266657021                                                    
a_ia   88   91                                                      0.05522275494149039149                                                    
a_ia   25   37                                                     -0.06659385126597232307                                                    
a_ia   97   99                                                      0.32732470640343397372                                                    
op     30   40   94  104   40   30   94  104                       -0.00454234839637035915                                                    
a_ia   18   34                                                     -0.00470341850759306568                                                    
a_ia   34   35                                                      0.12810349502058329674                                                    
a_ia   34   36                                                     -0.29959956497812456622                                                    
a_ia   33   34                                                     -0.05669008926482563271                                                    
a_ia   92   99                                                     -0.03600434742707942642                                                    
a_ia   23   32                                                     -0.02070325859492783832                                                    
a_ia   31   40                                                     -0.00121530012979897181                                                    
a_ia   88   91                                                     -0.07506982956789834405                                                    
mvp2   24   33   31   34   24   31   34   33                       -0.03052701038509359963    0.10534470608883672593                          
a_ia   24   34                                                     -0.00075628995099470589                                                    
a_ia   24   33                                                      0.06979096753858270163                                                    
a_ia   31   33                                                     -0.00049156123697638497                                                    
a_ia   82  100                                                     -0.00044066630138514735                                                    
om     18   36   82  100   36   18   82  100                       -0.00401053362345859827                                                    
mvp2   31   36   82  100   36   31   82  100                       -0.00895818912180814352   -0.05833161390256816348                          
a_ia   82   89                                                     -0.25924989090060029939                                                    
a_ia   33   37                                                     -0.03608993142583735714                                                    
a_ia   24   25                                                      0.11618556645058544796                                                    
op     22   36   86   98   36   22   86   98                       -0.00698290031601445701                                                    
a_ia   89  100                                                     -0.00788201951820736470                                                    
a_ia   31   35                                                     -0.00026794878215684505                                                    
a_ia   23   32                                                      0.02233092186867316475                                                    
a_ia   92   97                                                     -0.00851089485623803335                                                    
a_ia   21   29                                                      0.35828042378720170724                                                    
mvp2   18   36   82   98   36   18   82   98                        0.00359463445842471896    0.04952734093399573101                          
a_ia   82   98                                                     -0.06313974547566374163                                                    
a_ia   98  100                                                     -0.42852957136373870384                                                    
mvp2   24   33   95   98   33   24   95   98                       -0.02107267330664636118    0.26673211877378638635                          
a_ia   92   98                                                      0.01373361291439867925                                                    
mvp2   31   34   89  100   34   31   89  100                        0.01286247040994423045    0.04721522010685599152                          
op     27   32   83   96   32   27   83   96                        0.00923896083606478083                                                    
a_ia   83   96                                                      0.00211322744707614744                                                    
om     29   32   93   96   32   29   93   96                       -0.01915826260353091504                                                    
om     19   32   91   96   32   19   91   96                        0.00888644729969750510                                                    
a_ia   84   85                                                     -0.13402700750654006345                                                    
a_ia   26   27                                                      0.23990086313524169870                                                    
a_ia   21   26                                                      0.33494674242941518960                                                    
mvp2   28   33   95   98   33   28   95   98                       -0.00782139073597876502   -0.04019117865432719761                          
a_ia   25   28                                                      0.01550246928236839392                                                    
a_ia   19   29                                                      0.88420544322473793031                                                    
mvp2   31   34   82  100   34   31   82  100                        0.00675224709947438041   -0.06116906889934915770                          
op     19   32   93   96   32   19   93   96                       -0.01677325558207063902                                                    
mvp2   18   36   95  100   36   18   95  100                       -0.01144868458720997052   -0.00853745222301722367                          
mvp2   31   36   95  100   36   31   95  100                       -0.01417985452894956165   -0.25951358297018323196                          
mvp2   31   36   86  102   36   31   86  102                       -0.00623708179958557159    0.16344473070195883468                          
a_ia   86  102                                                     -0.00159828287873662765                                                    
mvp2   31   36   91   96   36   31   91   96                       -0.01405727141061681278    0.07853192749698981179                          
a_ia   83   88                                                     -0.08619427623575433295                                                    
a_ia   27   32                                                     -0.00867230748691281278                                                    
a_ia   19   27                                                      0.13011150050731715155                                                    
a_ia   96  100                                                     -0.28012655595908281247                                                    
a_ia   96  102                                                     -0.01816368387003857582                                                    
a_ia   89   96                                                      0.00290064217597628101                                                    
a_ia   96   99                                                      0.00788634541205704247                                                    
a_ia   96   97                                                     -0.21291670655862413031                                                    
a_ia   83   91                                                      0.08121123407223911073                                                    
a_ia   92   96                                                     -0.00154996352290318940                                                    
a_ia   95   99                                                      0.00134941837042842124                                                    
a_ia   95   97                                                     -0.01038482478786530508                                                    
a_ia   24   33                                                      0.01559265684711748541                                                    
a_ia   96   98                                                      0.08161014692016224648                                                    
a_ia   27   36                                                      0.00375260706832203058                                                    
a_ia   27   31                                                     -0.42224180041607400904                                                    
a_ia   23   35                                                     -0.00098854682609710877                                                    
mvp2   18   34   89  100   34   18   89  100                       -0.00410736146057130280    0.03050259723832336040                          
mvp3   24   33   25   37   24   25   37   33   24   25   33   37   -0.00430311087198125778    0.07018877717582172604   -0.00894211874837915442
mvp2   18   33   24   37   18   24   33   37                       -0.00488322068275089637    0.09033019585508969551                          
a_ia   18   37                                                      0.00464059972020694489                                                    
a_ia   25   37                                                      0.06540751889078143255                                                    
a_ia   18   28                                                      0.07641181858647687342                                                    
mvp2   24   33   82  101   33   24   82  101                        0.00577332845479172196   -0.06320106289811770750                          
a_ia   82  101                                                      0.00438706909603801300                                                    
mvp2   18   33   82   97   33   18   82   97                       -0.00738464696365985496   -0.03963817191408017943                          
a_ia   82   97                                                      0.00497166874293484325                                                    
mvp2   18   37   82  101   37   18   82  101                       -0.00414449090399563510   -0.08252639822196755626                          
a_ia   97  101                                                     -0.04436058020980607197                                                    
a_ia   25   30                                                      0.12531446649586214237                                                    
mvp2   26   35   92   99   35   26   92   99                       -0.01164338589491185905   -0.14669509658587748246                          
a_ia   26   36                                                      0.00180637313690016222                                                    
a_ia   26   35                                                      0.00017925488704045856                                                    
a_ia   92  102                                                      0.00193313164452154121                                                    
a_ia   95   98                                                     -0.00983361253734405492                                                    
a_ia   92  100                                                     -0.00274841250310377695                                                    
a_ia   95   96                                                      0.02853602181419252759                                                    
a_ia   89   98                                                     -0.01075797402846056204                                                    
mvp2   24   33   89   98   33   24   89   98                       -0.01327333086861645986    0.11346951179835587653                          
mvp3   27   32   31   36   27   31   36   32   27   31   32   36   -0.01639694084738843594   -0.06008666184454291431    0.10133486720238224499
a_ia   26   31                                                      0.06063094291638155414                                                    
a_ia   88   93                                                      0.01621838741991682084                                                    
a_ia   23   26                                                      0.57196472926055985653                                                    
mvp2   24   33   89   97   33   24   89   97                       -0.01009374611824511922    0.14901784151726116256                          
mvp2   31   36   73  102   36   31   73  102                       -0.01638470850699567591    0.27739060146348704095                          
a_ia   88  102                                                     -0.01261196344178616181                                                    
a_ia   19   36                                                     -0.00326276802617219428                                                    
a_ia   29   36                                                     -0.00308661118713255333                                                    
a_ia   83  102                                                     -0.00194780466565357049                                                    
a_ia   29   31                                                      0.10809336570413306811                                                    
a_ia   24   33                                                     -0.08827199159751365765                                                    
mvp2    9   38   73  102   38    9   73  102                       -0.01103191677098892126   -0.73042527657151357090                          
a_ia   73   88                                                     -0.05924600268238530698                                                    
a_ia   73  102                                                     -0.00023925094399223588                                                    
op      9   35   73   99   35    9   73   99                       -0.01086183454025157862                                                    
a_ia   73   99                                                      0.00109114482635496888                                                    
a_ia    9   35                                                      0.00286851695717047113                                                    
op      9   34   73   98   34    9   73   98                       -0.01119429650477369795                                                    
a_ia   92   98                                                     -0.00935657934598774915                                                    
a_ia   86   98                                                      0.00185595646982975103                                                    
a_ia   89   95                                                      0.09245812186787968900                                                    
a_ia   26   34                                                     -0.00846741404086340244                                                    
a_ia    9   27                                                     -0.04910543983030404847                                                    
a_ia   22   32                                                      0.00967235405547675967                                                    
op      9   33   73   97   33    9   73   97                       -0.01208395145950903922                                                    
a_ia   27   34                                                      0.00166649063663033749                                                    
a_ia   73   92                                                     -0.05192440621905178993                                                    
a_ia    9   33                                                      0.00105224892930002624                                                    
a_ia   22   34                                                      0.00105440493574832051                                                    
a_ia   32   34                                                      0.19102260583406344141                                                    
a_ia   26   32                                                     -0.00381244627377337695                                                    
op     15   38   79  102   38   15   79  102                       -0.00769948331757714603                                                    
a_ia   88   99                                                     -0.02895267332587360756                                                    
op     20   38   79  102   38   20   79  102                       -0.00437216801522398186                                                    
op     20   38   80  102   38   20   80  102                       -0.00478231621230919800                                                    
a_ia   80  102                                                     -0.00167269317918447048                                                    
op     20   38   84  102   38   20   84  102                       -0.00544967858136505105                                                    
op     16   38   80  102   38   16   80  102                       -0.00547198197934458536                                                    
op     16   38   84  102   38   16   84  102                       -0.00469858582563813330                                                    
a_ia   16   38                                                     -0.00111684623989460603                                                    
a_ia   84  102                                                     -0.00113183557558618818                                                    
a_ia   73  100                                                      0.00034302559725570545                                                    
om      9   37   73  101   37    9   73  101                       -0.00647267882144147814                                                    
a_ia  100  101                                                     -0.37152036684179801096                                                    
a_ia   32   33                                                     -0.26658929179386015029                                                    
a_ia   22   32                                                     -0.01043772239518592389                                                    
a_ia   95  101                                                     -0.00865613484278793602                                                    
a_ia   91   99                                                     -0.02298393431690159278                                                    
a_ia   29   35                                                      0.00189113864904370279                                                    
a_ia   21   31                                                     -0.17298744661365067499                                                    
mvp2   28   32   82   96   32   28   82   96                        0.01213516079043270961   -0.17046276215185954261                          
a_ia   28   32                                                      0.00387477689145742515                                                    
om     30   32   95   96   32   30   95   96                        0.02206036721560854230                                                    
a_ia   30   32                                                     -0.00584453553079500396                                                    
a_ia   31   36                                                      0.00475009344462636214                                                    
