op     16   30   60   74   30   16   60   74                       -0.01586744103991181987                                                    
op     16   24   60   68   24   16   60   68                       -0.01083033338686874986                                                    
op     16   26   60   70   26   16   60   70                       -0.01146405805871660716                                                    
op     16   28   60   72   28   16   60   72                       -0.00979988574694827357                                                    
op     16   25   60   69   25   16   60   69                       -0.00627369020615426744                                                    
op     16   27   60   71   27   16   60   71                       -0.00581380167523471141                                                    
a_ia   16   27                                                      0.00257012014085414861                                                    
op     16   32   60   76   32   16   60   76                       -0.00854516951185001379                                                    
a_ia   60   71                                                      0.00382701771471814257                                                    
op     16   39   60   83   39   16   60   83                       -0.01150911810789067777                                                    
op     16   34   60   78   34   16   60   78                       -0.00847097624373701827                                                    
op     16   33   60   77   33   16   60   77                       -0.00473440033621632620                                                    
op     16   35   60   79   35   16   60   79                       -0.01289753086054370480                                                    
op     16   35   60   78   35   16   60   78                       -0.00323839738808635825                                                    
a_ia   60   78                                                     -0.00090257132455254122                                                    
op     16   38   60   82   38   16   60   82                       -0.00579750282110601950                                                    
op     16   36   60   80   36   16   60   80                       -0.00323614930880339498                                                    
op     16   36   60   83   36   16   60   83                        0.00271162665696966483                                                    
op     16   40   60   84   40   16   60   84                       -0.00471928108965344317                                                    
op     16   40   60   83   40   16   60   83                        0.00385420520268098428                                                    
op     16   38   60   84   38   16   60   84                        0.00274181558526060505                                                    
op     18   30   62   74   30   18   62   74                       -0.00705121684805908120                                                    
a_ia   18   30                                                     -0.00189763412720916750                                                    
op     10   30   54   74   30   10   54   74                       -0.01299409279007421314                                                    
a_ia   59   74                                                      0.00094821876633115350                                                    
a_ia   10   30                                                     -0.00237801834205021581                                                    
a_ia   54   74                                                     -0.00183109550112824050                                                    
a_ia   15   30                                                      0.00184945780835983967                                                    
op     15   30   59   74   30   15   59   74                       -0.00643718930955587427                                                    
op     17   30   54   74   30   17   54   74                        0.00588664180771916908                                                    
om     15   30   54   74   30   15   54   74                        0.00604339811683556223                                                    
op     16   40   60   82   40   16   60   82                        0.00262254216463691028                                                    
op     16   39   60   84   39   16   60   84                        0.00381100197076294275                                                    
op     16   39   60   80   39   16   60   80                        0.00235583736128473342                                                    
op     12   30   56   74   30   12   56   74                       -0.00499428193976929249                                                    
a_ia   12   30                                                     -0.00050749787755327894                                                    
op     10   23   54   67   23   10   54   67                       -0.01108613498777119219                                                    
op     15   23   59   67   23   15   59   67                       -0.01110496900126805089                                                    
om     10   27   54   71   27   10   54   71                       -0.01465813796859000324                                                    
a_ia   10   27                                                     -0.01779037111618538350                                                    
a_ia   54   71                                                     -0.00808733398759121924                                                    
op     10   25   54   69   25   10   54   69                       -0.00719114618975403609                                                    
op     10   33   54   77   33   10   54   77                       -0.00509832923889886203                                                    
op     10   28   54   72   28   10   54   72                       -0.00241693969811718548                                                    
op     10   32   54   76   32   10   54   76                       -0.00316412981642195338                                                    
op     10   31   54   75   31   10   54   75                       -0.00460012830315102619                                                    
om     10   36   54   80   36   10   54   80                       -0.00331714999703259942                                                    
op     10   29   54   73   29   10   54   73                       -0.00364320754153334408                                                    
op     10   34   54   78   34   10   54   78                       -0.00479429766211835265                                                    
a_ia   54   78                                                     -0.00012478821033297255                                                    
a_ia   10   34                                                      0.00339171734766376652                                                    
op     14   23   58   67   23   14   58   67                       -0.00881126155397428737                                                    
op     15   23   58   67   23   15   58   67                       -0.00649464633847668827                                                    
op     10   40   54   84   40   10   54   84                       -0.00526882712167638882                                                    
op     16   39   60   82   39   16   60   82                        0.00217068078233273454                                                    
om     10   38   54   82   38   10   54   82                       -0.00454663223414963728                                                    
op     16   37   60   81   37   16   60   81                       -0.00239389241589308549                                                    
op     16   41   60   85   41   16   60   85                       -0.00258731915320039793                                                    
op     16   41   60   83   41   16   60   83                       -0.00261416013980814892                                                    
op     16   39   60   85   39   16   60   85                       -0.00254984745293523407                                                    
op     14   23   59   67   23   14   59   67                       -0.00642270894283872729                                                    
op     14   23   61   67   23   14   61   67                       -0.00371521754993702500                                                    
op     16   42   60   83   42   16   60   83                        0.00245310044089001649                                                    
a_ia   17   30                                                      0.00169858839876956143                                                    
a_ia   56   74                                                     -0.00036885264674645996                                                    
op     16   42   60   86   42   16   60   86                       -0.00189217822929144976                                                    
op     16   39   60   86   39   16   60   86                        0.00247476776595683887                                                    
op     15   32   59   76   32   15   59   76                       -0.01184265769107290499                                                    
op     15   26   59   70   26   15   59   70                       -0.00421377742690552497                                                    
op     15   28   59   72   28   15   59   72                       -0.00546784106883221703                                                    
a_ia   15   28                                                      0.00136093509278698813                                                    
om     15   35   59   79   35   15   59   79                       -0.03028054062439435035                                                    
a_ia   15   35                                                     -0.00314683264323692294                                                    
op     15   31   59   75   31   15   59   75                       -0.00279351282782786718                                                    
op     15   33   59   77   33   15   59   77                       -0.00256159103482958561                                                    
op     15   25   59   69   25   15   59   69                       -0.00631509509105214733                                                    
a_ia   59   69                                                     -0.00166767076133745337                                                    
om     15   35   59   72   35   15   59   72                        0.00947198726740514259                                                    
a_ia   59   72                                                      0.00104625981529897711                                                    
om     15   28   59   79   28   15   59   79                        0.00249714711815206269                                                    
a_ia   59   79                                                     -0.00445828015336910063                                                    
op     15   27   59   71   27   15   59   71                       -0.00691058311954246846                                                    
mvp2   54   78   60   80   54   60   78   80                        0.00093848216019541220   -0.33737318570254015704                          
om     15   35   60   79   35   15   60   79                        0.02256225972648496017                                                    
op     15   33   60   77   33   15   60   77                       -0.00131018355794292052                                                    
om     15   40   59   84   40   15   59   84                       -0.00441385632418071251                                                    
mvp2   10   34   16   36   10   16   34   36                       -0.00003647267501610224   -0.23390844653203027304                          
om     16   35   59   79   35   16   59   79                        0.02132716216166564635                                                    
mvp3   15   33   16   35   15   16   35   33   15   16   33   35    0.00591890673217221937    0.28442930492210327653    0.16911290514267110496
op     15   29   59   73   29   15   59   73                       -0.00442638059193373786                                                    
op     16   31   60   75   31   16   60   75                       -0.00330315407753067935                                                    
om     15   41   59   85   41   15   59   85                       -0.00691071974377585607                                                    
op     10   41   59   85   41   10   59   85                       -0.00404186722877156093                                                    
om     10   41   54   85   41   10   54   85                       -0.00381377233572416895                                                    
a_ia   15   34                                                      0.00111472036097692677                                                    
om     15   41   54   85   41   15   54   85                       -0.00402818275011936067                                                    
op     10   40   59   85   40   10   59   85                       -0.00391827080244355665                                                    
op     16   29   60   73   29   16   60   73                       -0.00329202669732697826                                                    
a_ia   16   29                                                     -0.00155784507784588575                                                    
op     16   34   59   79   34   16   59   79                        0.03595861653208842074                                                    
op     15   40   54   85   40   15   54   85                       -0.00312623249870489731                                                    
om     15   41   54   84   41   15   54   84                       -0.00383076389939032312                                                    
mvp2   10   36   59   79   36   10   59   79                        0.00984801401083560714    0.16213848415762513455                          
a_ia   10   33                                                      0.00047636039626783891                                                    
mvp2   16   34   60   79   34   16   60   79                       -0.01495911628133727092   -0.58395225904852399168                          
a_ia   60   73                                                      0.00257147088493272016                                                    
op     17   23   61   67   23   17   61   67                       -0.00386465124592876670                                                    
op     17   23   58   67   23   17   58   67                       -0.00446079116012720617                                                    
a_ia   17   23                                                      0.00185781252551357246                                                    
a_ia   61   67                                                      0.00119287321734130956                                                    
op     12   24   56   68   24   12   56   68                       -0.01525675852370200931                                                    
op     14   24   61   68   24   14   61   68                       -0.00751931214637282467                                                    
op     14   24   58   68   24   14   58   68                       -0.00940842773080428213                                                    
op     17   24   58   68   24   17   58   68                       -0.00877277375012080855                                                    
op     17   24   61   68   24   17   61   68                       -0.00758169203500222173                                                    
a_ia   61   68                                                     -0.00195173955454869307                                                    
a_ia   17   24                                                     -0.00121773993414426066                                                    
op      8   30   52   74   30    8   52   74                       -0.00415884699260812059                                                    
a_ia   52   74                                                      0.00069702233821392144                                                    
a_ia   11   30                                                     -0.00057014741856345930                                                    
op      6   30   50   74   30    6   50   74                       -0.00449878449306980507                                                    
a_ia    9   30                                                      0.00053621919982362444                                                    
a_ia    8   30                                                      0.00080776722247740524                                                    
om     12   28   56   72   28   12   56   72                       -0.00736964076407907193                                                    
a_ia   56   72                                                      0.01087668939701565661                                                    
a_ia   12   28                                                     -0.00021949643993270134                                                    
op     12   32   56   76   32   12   56   76                       -0.00197560707302221620                                                    
op     12   22   56   66   22   12   56   66                       -0.00582315177713550736                                                    
op     12   31   56   75   31   12   56   75                       -0.00650873232267670711                                                    
op     12   26   56   70   26   12   56   70                       -0.00320468038782802762                                                    
op     12   27   56   71   27   12   56   71                       -0.00544743853467625095                                                    
a_ia   12   27                                                     -0.00135486192449254996                                                    
a_ia   56   70                                                     -0.00013145628992724715                                                    
mvp2   12   35   59   79   35   12   59   79                        0.00431564338390649175    0.23083737781658447696                          
a_ia   12   35                                                      0.00109138113334163699                                                    
a_ia   56   71                                                     -0.00541545506933155917                                                    
mvp2   12   35   56   79   35   12   56   79                       -0.00285051416302371840    1.02246353192082550798                          
op     15   35   56   79   35   15   56   79                        0.00257482118596117325                                                    
a_ia   54   77                                                      0.00110496580921527082                                                    
om     16   39   56   83   39   16   56   83                       -0.00906731900732412298                                                    
op     12   39   56   83   39   12   56   83                       -0.01012804901454698349                                                    
op     12   39   60   83   39   12   60   83                       -0.00879102264747959848                                                    
om     12   39   60   84   39   12   60   84                        0.00502711706558593794                                                    
om     16   39   56   84   39   16   56   84                        0.00448962085822283453                                                    
op     12   40   60   83   40   12   60   83                        0.00511169204725067747                                                    
op     16   40   56   83   40   16   56   83                        0.00455597716216362813                                                    
op     12   40   56   84   40   12   56   84                       -0.00434307006240618361                                                    
om     16   39   54   84   39   16   54   84                        0.00349395491144822642                                                    
om     16   40   56   84   40   16   56   84                       -0.00366475407786773623                                                    
op     10   40   60   83   40   10   60   83                        0.00345820469838001949                                                    
mvp2   15   34   59   79   34   15   59   79                       -0.00754794528567665369    0.17585136646375124081                          
op     12   40   56   83   40   12   56   83                        0.00280850292719993753                                                    
om     17   27   61   71   27   17   61   71                       -0.01231373253481641769                                                    
a_ia   17   27                                                      0.00113428881365683939                                                    
a_ia   61   71                                                     -0.00132261664765225711                                                    
op     17   31   61   75   31   17   61   75                       -0.00768903493381020361                                                    
om     18   27   62   71   27   18   62   71                       -0.00546733145775716266                                                    
a_ia   61   72                                                      0.00148135188384307913                                                    
op     17   28   61   72   28   17   61   72                       -0.01068655389384801785                                                    
a_ia   17   28                                                      0.00691125023919734321                                                    
op     15   32   60   76   32   15   60   76                        0.00598383921003044737                                                    
op     16   32   59   76   32   16   59   76                        0.01211625704162336281                                                    
a_ia   59   76                                                      0.00226029978739623926                                                    
mvp2   15   35   61   79   35   15   61   79                        0.00694634430832608788   -0.18843726141261701867                          
op     17   35   61   79   35   17   61   79                       -0.01044600355458912694                                                    
a_ia   61   79                                                      0.00228910589405116908                                                    
a_ia   17   35                                                     -0.00139937659264288716                                                    
mvp2   17   35   59   79   35   17   59   79                        0.01711707471751405113    0.61201481646237765322                          
op     15   31   61   75   31   15   61   75                        0.00335633090960670618                                                    
om     17   34   61   78   34   17   61   78                       -0.01846863444872304250                                                    
a_ia   17   34                                                     -0.00539090455806841892                                                    
a_ia   61   78                                                      0.00613276598707982248                                                    
mvp2   16   34   61   78   34   16   61   78                        0.01915068647226487661   -0.83138179728472494379                          
mvp3   16   34   17   36   16   17   36   34   16   17   34   36    0.00226922209489244502   -0.29281715520752388260   -0.09402422774420844676
om     15   35   59   70   35   15   59   70                       -0.00015243884099040028                                                    
a_ia   59   70                                                      0.00042255347315358027                                                    
op     17   34   60   78   34   17   60   78                        0.00390655870563802205                                                    
mvp3   16   32   17   34   16   17   34   32   16   17   32   34   -0.00924724679498574627    0.27452868265908314527   -0.18676247084072475357
mvp2   16   32   61   78   32   16   61   78                       -0.01031214875288114820    0.18129260854971018802                          
mvp2   17   34   56   78   34   17   56   78                       -0.00438902462358968862    0.26988292336125918602                          
om     12   39   54   84   39   12   54   84                        0.00319073295380911063                                                    
mvp2   10   34   61   78   34   10   61   78                        0.01114352792006112307    0.31392056203762908062                          
a_ia   61   78                                                     -0.01404227512423686375                                                    
mvp2   16   34   56   78   34   16   56   78                        0.00539168126863187689   -0.37514175926022730323                          
a_ia   56   78                                                      0.00014093225776090927                                                    
mvp2   12   34   61   78   34   12   61   78                       -0.00955855425489102184   -0.33845845804792062950                          
mvp3   16   29   17   34   16   17   34   29   16   17   29   34    0.00598539396697383985    0.19627133511686403744    0.50456497897157226440
mvp2   12   34   60   78   34   12   60   78                        0.00401775127089823349    0.07682492679742720931                          
op     12   34   56   78   34   12   56   78                       -0.00397536222413047077                                                    
a_ia   60   61                                                      0.20192647681775124924                                                    
mvp2   15   26   59   79   26   15   59   79                        0.00845912067949477001    0.38577456688354250236                          
mvp2   15   26   59   72   26   15   59   72                       -0.00261145581745188867    0.89289257865309190620                          
mvp2   18   35   59   79   35   18   59   79                        0.00894884591728980702    0.25200108417150091089                          
mvp2   15   35   56   72   35   15   56   72                       -0.00109016699605994920    0.03284200262122807107                          
a_ia   70   79                                                      0.51671044009774858008                                                    
mvp3   60   78   61   80   60   61   80   78   60   61   78   80    0.00734546987394212730   -0.39821082967130910779   -0.34494148538001667692
a_ia   60   80                                                      0.00253588358493285699                                                    
mvp2   16   36   61   78   36   16   61   78                       -0.00640072825645507121   -0.25878201200190648068                          
mvp2   16   36   60   78   36   16   60   78                        0.00403539287578017370   -0.00747484986234762602                          
mvp3   10   29   16   34   10   16   34   29   10   16   29   34    0.00429974135269491943    0.41896667007253107773    0.14522320005573985391
mvp2   15   32   17   34   15   17   34   32                        0.00647151861099189672    0.08283322380780305805                          
mvp2   17   28   56   72   28   17   56   72                       -0.00477266445774374940   -0.44520673360635021343                          
a_ia   56   72                                                     -0.00707796499519972640                                                    
a_ia   28   35                                                      0.68929165027763239504                                                    
mvp2   17   35   56   72   35   17   56   72                        0.00490650127667391356   -0.11730631575346411877                          
a_ia   17   35                                                      0.00500780610585565503                                                    
mvp2   12   35   56   72   35   12   56   72                        0.00483015335968757942   -0.14424335251629416543                          
op     17   31   59   75   31   17   59   75                        0.00284968632844880216                                                    
a_ia   17   26                                                     -0.00407025951428829393                                                    
a_ia   29   34                                                     -0.28484896628339106961                                                    
mvp3   60   73   61   78   60   61   78   73   60   61   73   78    0.00557986034213011749    0.37904669472307184197    0.26436942355404446925
a_ia   60   73                                                     -0.00456872656308225135                                                    
a_ia   12   15                                                      0.17581288030931246924                                                    
a_ia   60   61                                                     -0.00245616667842404705                                                    
mvp2   15   35   60   78   35   15   60   78                        0.00415971854754846552    0.12360449089464653483                          
mvp2   16   35   60   72   35   16   60   72                        0.00742938223238394629    0.20061905203915195162                          
om     12   25   56   69   25   12   56   69                       -0.00506097022341171071                                                    
om     17   34   56   72   34   17   56   72                       -0.00469233413706279714                                                    
mvp2   17   35   61   72   35   17   61   72                        0.00961158569250343195   -0.31119193907675135602                          
a_ia   17   35                                                     -0.00999864674886026712                                                    
om     15   35   61   72   35   15   61   72                       -0.00225220004482431851                                                    
mvp2   17   35   60   79   35   17   60   79                       -0.00649186087174974044    0.20723432778490696871                          
om     16   35   56   79   35   16   56   79                       -0.00174756273498427790                                                    
mvp2   17   35   56   79   35   17   56   79                       -0.00143334964080881681   -0.07889165782643554892                          
mvp2   16   26   60   79   26   16   60   79                        0.00800498692428123701    0.53031169960681168174                          
a_ia   16   26                                                     -0.00237953487171682328                                                    
mvp2   16   26   59   79   26   16   59   79                       -0.00597615993043584207   -0.05790675022030129793                          
a_ia   25   28                                                      0.23333795672459370363                                                    
op     16   26   56   79   26   16   56   79                        0.00235401093489486955                                                    
op      5   30   50   74   30    5   50   74                        0.00222591551598101808                                                    
op      1   30   45   74   30    1   45   74                       -0.00398091783322418891                                                    
op      6   30   49   74   30    6   49   74                        0.00224791383643546368                                                    
op      6   30   45   74   30    6   45   74                        0.00175210524379202010                                                    
op      2   30   45   74   30    2   45   74                        0.00225773051375298102                                                    
mvp2   15   35   59   78   35   15   59   78                        0.00002050006813033441   -0.18482522457138261807                          
a_ia   59   60                                                     -0.20648367594468988728                                                    
a_ia   56   59                                                      0.25396144258686831341                                                    
a_ia   59   78                                                      0.00205271914324622884                                                    
a_ia   59   72                                                      0.00002650944808839176                                                    
mvp2   17   35   60   78   35   17   60   78                       -0.00216611960482225628    0.12534408171836203261                          
mvp2   10   33   59   76   33   10   59   76                       -0.00428628841890670367   -0.27112537771084632698                          
mvp2   15   35   60   79   35   15   60   79                       -0.00359995265180709746    0.23147465818369900026                          
op     18   31   62   75   31   18   62   75                       -0.00313072695449880759                                                    
op     14   31   58   75   31   14   58   75                       -0.00484355353234540952                                                    
op     11   24   55   68   24   11   55   68                       -0.00364221659504094250                                                    
om     15   26   61   79   26   15   61   79                       -0.00334374403919138197                                                    
mvp2   16   26   61   79   26   16   61   79                        0.00442241323823490406   -0.11846216977233817169                          
mvp2   12   35   60   78   35   12   60   78                       -0.00119443449055156581   -0.10589847995784280876                          
a_ia   12   15                                                      0.14545353468470945124                                                    
mvp2   12   28   61   72   28   12   61   72                       -0.00964551573896949184   -0.18781880488239088844                          
a_ia   26   28                                                     -0.35037872483488613495                                                    
a_ia   72   79                                                      0.26742207327067524236                                                    
mvp2   12   28   61   79   28   12   61   79                        0.00467752195676150728   -0.02249009257906795650                          
a_ia   61   79                                                     -0.00030450496350005197                                                    
op     11   31   55   75   31   11   55   75                       -0.00402143794364211854                                                    
op     11   31   52   75   31   11   52   75                        0.00373898590901646519                                                    
op      8   31   52   75   31    8   52   75                       -0.00401528810056327179                                                    
op      8   31   55   75   31    8   55   75                        0.00373279905941259179                                                    
op     14   22   58   66   22   14   58   66                       -0.00572322044424636387                                                    
a_ia   18   34                                                     -0.00148835669931509686                                                    
a_ia   62   70                                                      0.00098958269888955465                                                    
om     16   35   61   79   35   16   61   79                       -0.00250462863961291565                                                    
mvp2   10   33   60   76   33   10   60   76                        0.00360233387280136730    0.06452417708672920915                          
a_ia   59   60                                                      0.05955604598894972956                                                    
mvp2   59   76   60   83   59   60   83   76                       -0.00353841643445803201   -0.04267087720706839310                          
a_ia   60   76                                                     -0.00088265641938994758                                                    
mvp2   17   34   61   71   34   17   61   71                       -0.01340735741329934783    0.26842693045476651026                          
mvp2   17   28   61   71   28   17   61   71                       -0.00957389791846835828    0.27730707856874936557                          
a_ia   17   28                                                     -0.01439294485308013558                                                    
a_ia   15   29                                                     -0.00097823661959077577                                                    
mvp2   17   28   56   71   28   17   56   71                       -0.00432466757271917929    0.27261384119654319402                          
a_ia   56   71                                                      0.00491957811525863074                                                    
op     12   28   61   71   28   12   61   71                       -0.00809676961900927632                                                    
a_ia   72   78                                                     -0.24161620157956478772                                                    
mvp2   12   28   61   78   28   12   61   78                       -0.00747860924949504419   -0.21892794004962526366                          
a_ia   78   79                                                     -0.17447239218455889986                                                    
a_ia   32   34                                                      0.11387573668392295123                                                    
op     17   34   56   71   34   17   56   71                       -0.00210077920581558603                                                    
mvp2   16   28   61   71   28   16   61   71                        0.00761415609519553154    0.24911071986073252127                          
mvp2   10   27   61   71   27   10   61   71                        0.00869966280386136673    0.35491798404821289781                          
a_ia   61   71                                                     -0.00027104669069896010                                                    
a_ia   10   27                                                      0.01780910637794983625                                                    
mvp2   17   27   61   78   27   17   61   78                       -0.00448545901754849284   -0.19897379938785203501                          
mvp2   10   27   61   78   27   10   61   78                        0.00376857134017647257    0.08633126759780689052                          
om     10   27   61   72   27   10   61   72                        0.00447278102082528540                                                    
op     17   27   61   72   27   17   61   72                       -0.00418692352307860598                                                    
mvp2   17   27   56   72   27   17   56   72                       -0.00224573940052877688    0.12399581130978364063                          
a_ia   56   61                                                     -0.19360863852545071029                                                    
mvp2   10   27   56   72   27   10   56   72                        0.00213868736526402368    0.00454342596422411486                          
mvp2   10   34   61   71   34   10   61   71                        0.00695726305279830651    0.14620941345183038895                          
mvp2   17   27   54   71   27   17   54   71                        0.00752481128096033156   -0.42061248420804320247                          
a_ia   54   71                                                      0.00798098929749724642                                                    
a_ia   17   27                                                     -0.00037370040576904464                                                    
mvp2   17   28   54   71   28   17   54   71                        0.00575084693528593767   -0.18921689334864041920                          
mvp2   17   34   54   71   34   17   54   71                        0.00996424752436664632   -0.11603370268739746085                          
a_ia   27   34                                                     -0.39942797059175266794                                                    
mvp2   17   34   54   78   34   17   54   78                        0.00524569744478650679   -0.31732282413153195533                          
mvp2   15   35   54   80   35   15   54   80                        0.00478503679732501189   -0.32464509658608597942                          
mvp2   17   35   54   80   35   17   54   80                       -0.00352330314971143659    0.16282003239156767060                          
mvp2   10   34   54   71   34   10   54   71                       -0.00922478560543702093    0.20417645362879580095                          
