op     25   26   77   78   26   25   77   78                       -0.14854842797333531190                                                    
op     25   27   77   79   27   25   77   79                       -0.00841252365555006376                                                    
op     22   27   74   79   27   22   74   79                       -0.08922893883839759510                                                    
op     22   26   74   78   26   22   74   78                       -0.10857003111059071454                                                    
a_ia   74   78                                                     -0.00310243653732624001                                                    
mvp2   25   27   74   78   27   25   74   78                       -0.09600919791979319051   -0.81763715936450365174                          
a_ia   24   25                                                     -0.01336069975890339517                                                    
a_ia   76   77                                                      0.00020790007180727143                                                    
mvp2   22   26   77   79   26   22   77   79                       -0.08872776907441601302    0.77102527116663555073                          
mvp2   22   27   77   78   27   22   77   78                       -0.04516464262242352729   -0.02225815169290159753                          
a_ia   75   77                                                     -0.17157551466294956866                                                    
mvp2   25   26   74   79   26   25   74   79                       -0.03631349321281255454    0.02535667412483834718                          
a_ia   25   26                                                     -0.00946198144015580368                                                    
a_ia   22   23                                                      0.06493729338539157292                                                    
mvp2   22   26   76   79   26   22   76   79                       -0.00022583039788550414    0.01135199914349795634                          
a_ia   74   75                                                      0.09956967535289912297                                                    
mvp2   25   26   72   78   26   25   72   78                        0.03359694615075500823    0.13074596729706294829                          
mvp2   22   26   72   79   26   22   72   79                        0.01765863482973879448   -0.13966605036650550642                          
a_ia   72   78                                                      0.00650311001498721664                                                    
a_ia   23   25                                                     -0.15197145286566435263                                                    
a_ia   20   25                                                      0.21251754783349982580                                                    
op     20   32   72   84   32   20   72   84                       -0.00917332190932013819                                                    
op     11   26   63   78   26   11   63   78                       -0.04421459143582289614                                                    
a_ia   11   26                                                      0.01352271285702366828                                                    
a_ia   63   78                                                      0.01714425254318843045                                                    
mvp2   22   27   63   79   27   22   63   79                        0.01560923138146527202    0.04741698983751774926                          
op     11   45   63   97   45   11   63   97                       -0.05899191897949840335                                                    
op     11   45   74   97   45   11   74   97                        0.00155395131783119022                                                    
a_ia   74   84                                                     -0.00254687485225633036                                                    
op     11   45   72   97   45   11   72   97                       -0.00172625125862939334                                                    
a_ia   72   74                                                     -0.21141130079895578686                                                    
op     22   45   63   97   45   22   63   97                        0.01618914349216974552                                                    
a_ia   22   32                                                     -0.00586197029325301756                                                    
op     22   45   74   97   45   22   74   97                        0.00082385575894962306                                                    
a_ia   63   74                                                     -0.42591607330543057586                                                    
a_ia   20   22                                                     -0.19904407115127575878                                                    
op     11   29   63   81   29   11   63   81                       -0.00507157783012986661                                                    
op     22   45   72   97   45   22   72   97                        0.00036007277914589767                                                    
mvp2   11   45   63   84   45   11   63   84                        0.00197847247482506056   -0.13864074358348962845                          
a_ia   11   22                                                     -0.36626740276101282801                                                    
op     11   26   63   97   26   11   63   97                       -0.03401421245680791294                                                    
mvp2   11   26   74   97   26   11   74   97                        0.01544942409879994545    0.09810541689483907868                          
a_ia   26   32                                                      0.00471453081355734192                                                    
op     22   26   63   97   26   22   63   97                        0.02493983482442278105                                                    
om     20   45   63   97   45   20   63   97                       -0.00483200860699314980                                                    
om     11   45   63   78   45   11   63   78                       -0.02592006664112987691                                                    
mvp2   11   45   74   78   45   11   74   78                        0.01788221206394407375    0.00367094770824565216                          
mvp2   22   45   63   78   45   22   63   78                        0.01864883863607781980   -0.05507729548074877940                          
mvp2   22   45   74   78   45   22   74   78                       -0.01520218831495114171   -0.02649098382924323578                          
mvp2   22   26   74   97   26   22   74   97                       -0.01316951033668733832   -0.01327300865942778949                          
mvp2   22   26   74   84   26   22   74   84                       -0.00768840258559527930    0.04517992669993781824                          
a_ia   84   97                                                     -0.27920597874437863561                                                    
mvp2   11   27   77   78   27   11   77   78                       -0.02095078672709250675   -0.14354782480341321538                          
mvp3   63   78   77   79   63   77   79   78   63   77   78   79    0.01765389693538211777    0.13401739568594539520   -0.16757585434666483204
a_ia   78   79                                                     -0.09848391731496122792                                                    
a_ia   26   27                                                     -0.12497616402345890219                                                    
op     11   45   62   97   45   11   62   97                        0.00126211849036945815                                                    
op     22   45   62   97   45   22   62   97                        0.00018985935494400397                                                    
a_ia   62   63                                                      0.00586097148128730122                                                    
a_ia   76   77                                                      0.28283176254516650960                                                    
a_ia   27   32                                                      0.05221692387234353611                                                    
a_ia   78   97                                                      0.22756298931855650780                                                    
om     10   45   63   97   45   10   63   97                       -0.00179415219968847716                                                    
op     10   45   74   97   45   10   74   97                        0.00110226709390900458                                                    
a_ia   63   75                                                     -0.09747328167956970102                                                    
a_ia   10   11                                                      0.37079644807957018449                                                    
om     19   45   63   97   45   19   63   97                        0.00731517896260686432                                                    
a_ia   19   25                                                     -0.09029387290067632243                                                    
op     17   45   63   97   45   17   63   97                       -0.00712203131326108029                                                    
op     23   45   63   97   45   23   63   97                        0.00541580564959468110                                                    
mvp2    0   29   63   97   29    0   63   97                        0.02728262254707438175    0.44914061278981071146                          
mvp2    0   29   74   97   29    0   74   97                       -0.01410030501140167349    0.04273499236470296864                          
a_ia   63   71                                                     -0.11748001041566338842                                                    
a_ia    0   29                                                     -0.00038600632973887004                                                    
op      0   29   63   78   29    0   63   78                        0.01312698856938085759                                                    
mvp2    0   29   74   78   29    0   74   78                       -0.00588486172959966532   -0.00691764716410686858                          
a_ia   17   45                                                      0.00031346796893505556                                                    
a_ia   17   25                                                      0.06504881762539747869                                                    
mvp2    0   51   63   97   51    0   63   97                       -0.02445217619506714207   -0.40084305077119425365                          
op      0   51   62   97   51    0   62   97                        0.00020400315896350907                                                    
op      0   51   74   97   51    0   74   97                        0.01403976828839329817                                                    
mvp2    0   51   74   78   51    0   74   78                        0.00524545282505922000   -0.01631807126610703221                          
mvp2    0   51   63   78   51    0   63   78                       -0.00625673392538845987    0.13260929023537601501                          
a_ia   63   77                                                      0.02876263045010469740                                                    
mvp2    0   51   52  103   51    0   52  103                       -0.00819051817058300338    0.76852007276782274836                          
mvp2    0   29   52   81   29    0   52   81                       -0.01292577792649675893    0.76833308183043003137                          
mvp2    0   51   52   81   51    0   52   81                        0.00675424530607784870   -0.22921486938239415965                          
mvp2    0   29   52  103   29    0   52  103                        0.00713426089308894992    0.03499767868092021339                          
mvp2   11   51   52   97   51   11   52   97                       -0.00771361442436452414    0.14697962603367675793                          
mvp2    0   45   52   97   45    0   52   97                       -0.01194770699816176743    0.28244206461802057184                          
mvp2   11   29   52   97   29   11   52   97                        0.01118036043826300778   -0.20167828825865327658                          
mvp2   11   45   52  103   45   11   52  103                       -0.00492871889837108272    0.01574803179633815081                          
mvp2   11   51   63  103   51   11   63  103                       -0.00218710972987200920   -0.04049441982830734310                          
mvp2   22   51   52   97   51   22   52   97                        0.00530603986919188971   -0.14529046678597648534                          
op     22   45   52  103   45   22   52  103                        0.00295023027654245287                                                    
mvp2   22   29   52   97   29   22   52   97                       -0.00759870764194918794    0.09921050134126746523                          
op     10   28   62   80   28   10   62   80                       -0.00276538837818271054                                                    
a_ia   24   26                                                      0.00111833021441119611                                                    
mvp2    0   26   52   97   26    0   52   97                       -0.00820168857487119790    0.13049822983225056738                          
mvp2    0   29   62   97   29    0   62   97                        0.00042394794783021377   -0.03044623008808193879                          
op      0   40   52   92   40    0   52   92                       -0.00827788574121145898                                                    
a_ia    0   40                                                      0.00110782907307842618                                                    
op      0   31   52   83   31    0   52   83                       -0.00538876327956722134                                                    
op      0   31   52   85   31    0   52   85                        0.00491163454484447055                                                    
op      0   33   52   85   33    0   52   85                       -0.00597791998576533215                                                    
op      0   33   52   83   33    0   52   83                        0.00494818977570680215                                                    
op      0   34   52   86   34    0   52   86                       -0.00432766568194368258                                                    
a_ia    0   34                                                      0.00055487766978174716                                                    
a_ia   52   92                                                      0.00117148493162591116                                                    
a_ia   52   86                                                      0.00097322458739587236                                                    
mvp2    0   40   52   81   40    0   52   81                       -0.00780991506523748269   -0.33784449279741518568                          
mvp2    0   29   52   92   29    0   52   92                       -0.00815391023729862552    0.33355274761017661422                          
op      0   30   52   85   30    0   52   85                        0.00312552208215637799                                                    
op      0   30   52   83   30    0   52   83                       -0.00251263153230565179                                                    
mvp2    0   34   52   81   34    0   52   81                       -0.00358251038997796237   -0.17396767756592326770                          
mvp2    0   33   52   81   33    0   52   81                        0.00510814023192207069    0.41417755430110059223                          
mvp2   11   45   67   92   45   11   67   92                        0.01180050149664631579   -0.41788342642637421598                          
mvp2   22   45   67   92   45   22   67   92                       -0.00912368371736725983    0.12484164123010089986                          
mvp2   11   26   67   92   26   11   67   92                        0.01226961793078787735   -0.03045946458963201542                          
mvp2   22   26   67   92   26   22   67   92                       -0.00819469772350724969   -0.00915736174531423669                          
a_ia   29   30                                                      0.19580995114740928909                                                    
mvp2    0   29   52   85   29    0   52   85                        0.00434212436369868764   -0.40139782385530686781                          
mvp2    0   29   52   83   29    0   52   83                       -0.00279936076918118086    0.37729888963529861767                          
mvp2    0   29   52   86   29    0   52   86                       -0.00388175905987221204    0.25252901222472545761                          
mvp2   11   45   70   92   45   11   70   92                        0.00849466983555609637   -0.37518171966861102451                          
a_ia   70   78                                                      0.00232693596784466338                                                    
mvp2   22   45   70   92   45   22   70   92                       -0.00664680986773556314    0.09681785582872869111                          
om      0   40   52   85   40    0   52   85                        0.00289756299333234976                                                    
mvp2   15   40   63   97   40   15   63   97                        0.01903149314063764044    0.50923354298680312269                          
mvp2   15   40   63   78   40   15   63   78                        0.01295911623008952004   -0.06642928362963923528                          
op     15   40   74   97   40   15   74   97                       -0.01229179941696870344                                                    
mvp2   15   40   74   78   40   15   74   78                       -0.00817222116895092825    0.01438535899900659533                          
a_ia   67   77                                                      0.01786799176611468878                                                    
mvp2   18   40   70   92   40   18   70   92                       -0.00654377011870536495   -0.51091420401881226798                          
mvp2   18   40   67   92   40   18   67   92                       -0.00681405366101300956   -0.41439490597571226882                          
mvp2   17   40   70   92   40   17   70   92                        0.00479135795277092248    0.43957288275702927072                          
mvp2   17   40   67   92   40   17   67   92                        0.00556239490625760283    0.35207550748172988797                          
a_ia   18   22                                                      0.01748617489403320527                                                    
mvp2   15   40   67   92   40   15   67   92                       -0.00063998052465434390    0.25055457715246953754                          
a_ia   15   45                                                      0.00038163159896970598                                                    
a_ia   78   97                                                     -0.24930670286219211440                                                    
mvp2    0   33   52   82   33    0   52   82                        0.00299489942414598318   -0.53224645782047297349                          
om      0   51   52   85   51    0   52   85                       -0.00347071490997498096                                                    
om      0   51   52   83   51    0   52   83                        0.00271415066032345631                                                    
a_ia   63   79                                                      0.00424270055885323134                                                    
a_ia   62   63                                                      0.34689314146952227036                                                    
mvp2   18   40   69   92   40   18   69   92                        0.00473418105282632194   -0.55338303452859860521                          
a_ia   18   40                                                     -0.00177168626814211590                                                    
mvp2   17   40   69   92   40   17   69   92                       -0.00378184827278057242    0.04528164176886532305                          
mvp2   15   40   69   92   40   15   69   92                        0.00563698475200794576   -0.10376866595580516717                          
a_ia   70   92                                                     -0.00197532803966651719                                                    
a_ia   79   84                                                      0.04703602777673657198                                                    
mvp2    0   33   52  103   33    0   52  103                       -0.00371490612820061248   -0.01980918717005395249                          
a_ia   52  103                                                     -0.00054251169711132491                                                    
mvp2   22   27   74   91   27   22   74   91                       -0.01298237522948355455    0.02348135059194081734                          
a_ia   74   91                                                      0.01117944168363446504                                                    
a_ia   79   91                                                     -0.21681222126319504850                                                    
a_ia   26   45                                                     -0.02364840317008499657                                                    
a_ia   78   91                                                      0.12644078952252282844                                                    
mvp2   11   45   69   97   45   11   69   97                       -0.00160608852919671258    0.02845501041282159221                          
a_ia   69   77                                                      0.06262592558723559244                                                    
mvp2   22   32   74   78   32   22   74   78                       -0.00882033304933263484   -0.04400104050936228667                          
mvp2   22   39   74   91   39   22   74   91                       -0.01215481396504887804    0.18721106377198165616                          
a_ia   22   39                                                     -0.00274613091208592008                                                    
mvp2   22   39   74   79   39   22   74   79                        0.00017243177281766128    0.06441501276484443150                          
a_ia   27   39                                                     -0.23304976175447830733                                                    
a_ia   78   84                                                     -0.02916854340968002418                                                    
mvp2   22   27   74   91   27   22   74   91                        0.01783698062227836306   -0.01424966137474423071                          
a_ia   74   91                                                     -0.01504646704878710370                                                    
mvp2   22   39   77   79   39   22   77   79                       -0.01199432945198387022   -0.01672044253072840422                          
mvp2   22   39   77   91   39   22   77   91                        0.00724524466952910888    0.13874659014089874010                          
a_ia   77   91                                                      0.00222503715972365013                                                    
a_ia   63   69                                                      0.12465001921402581175                                                    
mvp2   11   32   63   97   32   11   63   97                        0.01417957280952143739   -0.12472738903298384583                          
a_ia   72   74                                                      0.24232538397587596868                                                    
mvp2    0   31   52  103   31    0   52  103                        0.00250342514416876947    0.41254236668900901019                          
om      0   31   52   86   31    0   52   86                        0.00239736540719447198                                                    
op      0   31   52   82   31    0   52   82                       -0.00238554780526305157                                                    
a_ia   21   25                                                     -0.05859423659912493115                                                    
op     11   26   70   92   26   11   70   92                        0.00753846426353226712                                                    
a_ia   11   18                                                      0.04140227426271540084                                                    
a_ia   32   45                                                     -0.28967553179574434541                                                    
mvp2   11   45   63   97   45   11   63   97                       -0.00101075993241532503   -0.07816669022934556732                          
a_ia   18   26                                                      0.00269451290384421218                                                    
mvp2   11   32   63   97   32   11   63   97                       -0.01454481613546708234    0.13681607668484083162                          
mvp2   15   40   61   92   40   15   61   92                       -0.00493396849164949060    0.51984259724319537010                          
a_ia   61   92                                                     -0.00129805075999980726                                                    
a_ia   11   32                                                      0.00284815181838601406                                                    
a_ia   19   40                                                     -0.00072214630016053868                                                    
a_ia   10   32                                                     -0.00136187300653204573                                                    
a_ia   72   74                                                      0.05112910770852567566                                                    
mvp2   22   27   77   91   27   22   77   91                       -0.00595018936546231128    0.06783151599122813624                          
a_ia   20   27                                                     -0.00025960346549233523                                                    
mvp2   25   39   77   78   39   25   77   78                       -0.01480681312341188688    0.08852301648747576412                          
a_ia   25   39                                                      0.00072570464379696472                                                    
a_ia   20   22                                                      0.22321560173350307732                                                    
op     25   39   77   91   39   25   77   91                       -0.00500540121367906710                                                    
a_ia   24   25                                                      0.29205232182476109637                                                    
a_ia   84   91                                                     -0.37341847930742400052                                                    
a_ia   79   84                                                      0.10386582362233105770                                                    
op      0   34   52   83   34    0   52   83                        0.00263414481162170273                                                    
om     25   39   74   91   39   25   74   91                        0.00624634036400915308                                                    
a_ia   73   75                                                     -0.34121266146372569716                                                    
mvp2    9   40   67   92   40    9   67   92                       -0.00498110978615457205   -0.52221205860026054246                          
a_ia    9   40                                                     -0.00136517142059837892                                                    
a_ia   15   19                                                      0.23220519727138849708                                                    
a_ia   77   84                                                     -0.00093391907521256617                                                    
op      9   40   61   92   40    9   61   92                       -0.00390048958358823420                                                    
a_ia   20   22                                                      0.06209029200385793312                                                    
a_ia   11   45                                                     -0.00650968827704782871                                                    
a_ia    0   31                                                     -0.00104623565934506115                                                    
a_ia   67   92                                                     -0.00185851591006374012                                                    
a_ia   22   27                                                      0.00311877241532076618                                                    
a_ia   17   26                                                      0.00270226309247898182                                                    
op      9   28   61   80   28    9   61   80                       -0.01031935793311415488                                                    
op     18   28   61   80   28   18   61   80                        0.00694895221913792351                                                    
op      9   28   62   80   28    9   62   80                        0.00672671996444255699                                                    
op      9   28   70   80   28    9   70   80                        0.00781575126739224128                                                    
op     18   28   70   80   28   18   70   80                       -0.00695629310781073484                                                    
op     10   28   61   80   28   10   61   80                        0.00450051094593574650                                                    
a_ia    9   10                                                     -0.16912031336700877882                                                    
a_ia   77   78                                                     -0.00449792925373530741                                                    
op     17   28   61   80   28   17   61   80                       -0.00339939212987489274                                                    
a_ia   19   26                                                     -0.00355467006253556419                                                    
a_ia   15   40                                                     -0.00234187053952269022                                                    
a_ia   61   80                                                     -0.00056074778276180915                                                    
a_ia   17   28                                                     -0.00057533034565008373                                                    
op     25   32   77   84   32   25   77   84                       -0.00793406076505029541                                                    
a_ia   69   78                                                      0.00171825229103898520                                                    
a_ia   18   26                                                     -0.00119916119160207515                                                    
op      6   40   58   92   40    6   58   92                       -0.00452306187853898992                                                    
a_ia   14   40                                                      0.00144108507077157842                                                    
op      6   40   65   92   40    6   65   92                       -0.00326809234658986206                                                    
a_ia   60   92                                                     -0.00270530259089874804                                                    
op     13   40   65   92   40   13   65   92                       -0.00340920570061851395                                                    
a_ia    8   40                                                     -0.00287554595333273282                                                    
op      8   40   60   92   40    8   60   92                       -0.00319381768675915329                                                    
op     13   40   58   92   40   13   58   92                       -0.00315497773507711875                                                    
op     12   40   64   92   40   12   64   92                       -0.00308871702995954563                                                    
op      6   40   64   92   40    6   64   92                        0.00230719692482360796                                                    
op     13   40   64   92   40   13   64   92                        0.00251094723769643841                                                    
op     12   40   65   92   40   12   65   92                        0.00249695181867292488                                                    
op      6   40   55   92   40    6   55   92                       -0.00277902493176058118                                                    
op      3   40   55   92   40    3   55   92                       -0.00298234348898260412                                                    
op      3   40   64   92   40    3   64   92                        0.00204709521137045377                                                    
op      3   40   58   92   40    3   58   92                       -0.00270964092135882705                                                    
op     12   40   58   92   40   12   58   92                        0.00218058828321386318                                                    
op     12   40   55   92   40   12   55   92                        0.00204262522379598408                                                    
a_ia   12   40                                                      0.00100088387885621409                                                    
op      3   40   65   92   40    3   65   92                       -0.00223418295519507790                                                    
op      0   35   52   87   35    0   52   87                       -0.00174090030196240460                                                    
op      0   34   52  103   34    0   52  103                        0.00182268307426919265                                                    
om      0   29   52   82   29    0   52   82                       -0.00209254244406110405                                                    
op     13   40   55   92   40   13   55   92                       -0.00222334553189888285                                                    
mvp2    6   33   63   97   33    6   63   97                        0.00298429275951527006    0.35954454744540365052                          
a_ia   11   33                                                     -0.00058473696562813689                                                    
mvp2    6   33   63   78   33    6   63   78                        0.00875001521574219829    0.11891419258619521926                          
mvp2    6   33   11   45    6   11   45   33                       -0.00240381537465952531    0.26713198902868728890                          
mvp2    6   31   63   78   31    6   63   78                       -0.01662440827639494884   -0.32750070949357834582                          
a_ia    6   31                                                     -0.00461092451429882030                                                    
mvp2    6   30   74   79   30    6   74   79                        0.01157000652257368124    0.09201328298511136927                          
a_ia    6   30                                                     -0.00314613619469971241                                                    
mvp2    6   30   74   91   30    6   74   91                       -0.00686725357841210405   -0.13787084968406057572                          
mvp2    6   27   25   31    6   25   27   31                       -0.00891242754159867444    0.07635325301061897385                          
a_ia   22   39                                                      0.00104794541968074870                                                    
a_ia   20   39                                                     -0.00089391327526101903                                                    
a_ia   72   91                                                     -0.00164524978153570431                                                    
a_ia    9   33                                                     -0.00087378624117110401                                                    
mvp2    6   50   52  103   50    6   52  103                       -0.00403782092795031394   -0.43955145347461338501                          
a_ia    6   50                                                     -0.00160170424381014614                                                    
mvp2    6   50   52   81   50    6   52   81                        0.00369311781549844665    0.02457799022890157573                          
mvp2    6   34   52  103   34    6   52  103                        0.00224571356444489001    0.40005279687253125775                          
a_ia    6   34                                                      0.00189077080335580306                                                    
a_ia    6   29                                                      0.00199053099486757798                                                    
mvp2    6   34   52   81   34    6   52   81                       -0.00416690870637673877   -0.11943453298279975427                          
a_ia   25   27                                                      0.00388936712381877199                                                    
mvp2    6   29   52   81   29    6   52   81                       -0.00270575762381281048   -0.21125972314824653653                          
mvp2    6   29   52   86   29    6   52   86                       -0.00273358057161854958   -0.12669151225798344629                          
mvp2   18   31   74   79   31   18   74   79                       -0.01529692632332713478   -0.16165036804987001351                          
a_ia   11   45                                                      0.00520343215827637120                                                    
mvp2   18   30   74   78   30   18   74   78                       -0.00970564898831028332   -0.09394225046219945030                          
a_ia   74   78                                                      0.00271539894342510144                                                    
a_ia   63   79                                                     -0.00239492005407086457                                                    
a_ia   25   36                                                      0.00795597029050900198                                                    
a_ia   25   37                                                     -0.00587684287990354170                                                    
mvp2   18   31   70   83   31   18   70   83                       -0.00854936123917047347    0.71944778756234539774                          
a_ia   78   83                                                      0.02422527592774558272                                                    
mvp2   18   31   69   83   31   18   69   83                        0.00426570534148194500   -0.37716450771431192512                          
mvp2   18   35   74   78   35   18   74   78                       -0.00686083999791229585   -0.08780469134940825648                          
mvp2    6   31   58   83   31    6   58   83                       -0.01297934429872876598    0.75427940535387116849                          
a_ia   58   83                                                      0.00112351636352903171                                                    
mvp2    6   33   58   85   33    6   58   85                       -0.00888614855893648213    0.76949293189346923416                          
a_ia    6   33                                                      0.00092630186869639740                                                    
a_ia   58   70                                                     -0.30796465525481525605                                                    
mvp2    6   31   63   97   31    6   63   97                       -0.00670355975126772294   -0.12213988265192383953                          
mvp2   58   83   63   97   58   63   97   83                       -0.00480208596519055009   -0.17745095228419435762                          
mvp2    6   27   58   79   27    6   58   79                       -0.00904427414021550559   -0.28698259741608556084                          
a_ia   70   97                                                      0.00109596310124980383                                                    
mvp2    6   30   58   82   30    6   58   82                       -0.00850575461403070901    0.69896331128599753502                          
a_ia    6   18                                                     -0.26199509373065393847                                                    
