op     23   24   71   72   24   23   71   72                       -0.08421956126066584836                                                    
op     19   25   67   73   25   19   67   73                       -0.17475182126584234976                                                    
op     19   25   68   73   25   19   68   73                        0.02479501506211700956                                                    
a_ia   19   20                                                     -0.00402886252958281361                                                    
a_ia   67   69                                                      0.11021674541450281193                                                    
a_ia   71   72                                                     -0.09126196628982990999                                                    
a_ia   23   24                                                     -0.03170657173758037461                                                    
op     23   26   71   74   26   23   71   74                       -0.03346781003150652717                                                    
mvp2   67   73   69   74   67   69   74   73                       -0.01752643711021108913    0.17306039134807460478                          
mvp2   19   24   21   25   19   21   24   25                       -0.04292254238413696632   -0.25666119087569289059                          
a_ia   20   21                                                     -0.01842645223016325245                                                    
mvp2   21   26   67   73   26   21   67   73                       -0.05125357046475624567   -0.30428313916017485363                          
a_ia   69   74                                                     -0.00237733016451081598                                                    
mvp2   19   25   69   72   25   19   69   72                        0.02050564199034933185   -0.15257246596855134069                          
op     23   27   71   75   27   23   71   75                       -0.00634845023167217998                                                    
op     14   24   62   72   24   14   62   72                       -0.02101222533840839402                                                    
a_ia   14   24                                                     -0.00929852386390002741                                                    
mvp2   19   25   62   72   25   19   62   72                        0.03955046909472841737   -0.09468228527245683979                          
a_ia   62   72                                                     -0.01749478696374142869                                                    
mvp2   14   24   19   25   14   19   25   24                        0.03157757716994512992    0.26390004637351305306                          
mvp2   19   25   65   72   25   19   65   72                        0.01438838763523025283   -0.11803078262523587771                          
a_ia   62   68                                                      0.08925441732193836741                                                    
mvp2   19   25   65   74   25   19   65   74                       -0.01060512881920877733    0.04765921077538957940                          
mvp2   19   25   62   74   25   19   62   74                       -0.05881512420380011902    0.31537289767470022550                          
a_ia   68   69                                                     -0.60268952607859072046                                                    
mvp2   17   24   19   25   17   19   25   24                        0.02101541907721731980    0.25956339872695505244                          
a_ia   17   24                                                      0.00451728348804596083                                                    
mvp2   14   26   62   74   26   14   62   74                       -0.03333664102695848425   -0.43750782598785581401                          
mvp2   23   26   67   73   26   23   67   73                       -0.03784056033087047910   -0.12585414952353546347                          
a_ia   21   26                                                     -0.00141449491369816127                                                    
mvp2   67   73   71   74   67   71   74   73                       -0.03689690342882229190    0.37944870120623896970                          
a_ia   71   74                                                     -0.01323612275641428311                                                    
mvp2   21   26   68   73   26   21   68   73                        0.00465110938977616063   -0.12253080671727160922                          
mvp2   17   25   19   26   17   19   25   26                        0.02151997319053267771   -0.23302284094111178070                          
a_ia   68   73                                                     -0.00536064809604108045                                                    
a_ia   25   26                                                     -0.01294651067459613898                                                    
a_ia   17   19                                                      0.03000901453134781696                                                    
mvp2   14   26   69   72   26   14   69   72                        0.00234765479467261397    0.01809418030643840727                          
a_ia   20   21                                                     -0.10705870686935149705                                                    
a_ia   69   72                                                      0.02893292248564511421                                                    
mvp2   21   28   67   73   28   21   67   73                       -0.00237375622261146776   -0.03082504540399156820                          
mvp2   20   25   69   72   25   20   69   72                        0.00014562338033965403   -0.13251671230510128630                          
a_ia   22   23                                                     -0.15861250207689164826                                                    
a_ia   74   76                                                      0.25006234970068330625                                                    
a_ia   74   75                                                     -0.06084916100597454608                                                    
a_ia   23   28                                                      0.00455409364729802025                                                    
a_ia   62   65                                                      0.42384336370579256403                                                    
mvp2   21   26   62   72   26   21   62   72                        0.02803394350221028591   -0.36941046626036033729                          
mvp2   14   26   71   72   26   14   71   72                        0.02921319325093254052   -0.05393787031136588334                          
a_ia   71   72                                                      0.05994354630252145266                                                    
a_ia   62   71                                                      0.17110439653831369111                                                    
mvp2   21   24   71   72   24   21   71   72                       -0.05028822343768605402    0.31212631017710029679                          
mvp2   14   24   71   72   24   14   71   72                        0.02668408352966827879    0.35559057099667895629                          
a_ia   14   21                                                      0.02855012422966947752                                                    
mvp2   23   26   62   72   26   23   62   72                        0.03355022645928983777    0.08066055731979705767                          
a_ia   23   26                                                     -0.01924859189702938372                                                    
a_ia   62   72                                                      0.01368276650074956927                                                    
a_ia   69   71                                                     -0.51547067106078536813                                                    
a_ia   19   20                                                     -0.42921942665886819723                                                    
a_ia   26   28                                                      0.36045225740282837990                                                    
a_ia   26   27                                                      0.28907605260912100364                                                    
mvp2   23   26   71   72   26   23   71   72                       -0.02761119004387972697    0.22104225922625167500                          
a_ia   71   72                                                      0.06245373238473953675                                                    
a_ia   74   77                                                     -0.10221999448605072203                                                    
a_ia   73   75                                                     -0.09303450223432295496                                                    
a_ia   73   76                                                      0.08558069348832474110                                                    
a_ia   67   68                                                     -0.46327680235275714438                                                    
mvp2   23   26   65   72   26   23   65   72                        0.01564600679994719579   -0.06579190900447970392                          
a_ia   24   25                                                     -0.00591172636187665013                                                    
a_ia   19   20                                                     -0.11692294062502907315                                                    
a_ia   17   18                                                     -0.19486800038973850491                                                    
a_ia   65   67                                                      0.03123350631387247084                                                    
a_ia   73   77                                                      0.05677552354934769369                                                    
a_ia   73   74                                                     -0.06138260960460215077                                                    
a_ia   73   78                                                     -0.07234995761588076946                                                    
a_ia   73   79                                                      0.07062967787164049771                                                    
a_ia   73   82                                                     -0.14870719395240292182                                                    
a_ia   73   81                                                     -0.11563309031027421692                                                    
a_ia   73   85                                                      0.15036916506002701022                                                    
a_ia   73   86                                                      0.10378984786940538554                                                    
a_ia   73   89                                                     -0.22171722835002588559                                                    
a_ia   73   88                                                     -0.07576598471380847910                                                    
a_ia   73   87                                                      0.06831146098392372468                                                    
a_ia   73   90                                                      0.03933325788318406402                                                    
mvp2   14   26   71   74   26   14   71   74                        0.01752306586875878452   -0.02214802421520103287                          
a_ia   65   74                                                     -0.00362510415393041668                                                    
a_ia   68   71                                                     -0.14506932490098578548                                                    
mvp2   23   24   62   74   24   23   62   74                        0.01909609735409658476    0.23672262753549630498                          
a_ia   72   74                                                      0.13161334658523654584                                                    
a_ia   20   21                                                     -0.33318641848443109055                                                    
mvp2   14   24   71   74   24   14   71   74                        0.01711255654564541526    0.12302568467310551203                          
a_ia   23   24                                                      0.04183311495591450491                                                    
mvp2   23   24   71   74   24   23   71   74                       -0.01760073802347647889    0.02361154757778880647                          
a_ia   71   74                                                     -0.00006264138345959463                                                    
a_ia   73   91                                                     -0.03469881697852720409                                                    
a_ia   73   93                                                      0.04611081289573930320                                                    
a_ia   73   92                                                      0.03264950674248666418                                                    
a_ia   73   94                                                      0.02658218074728698616                                                    
op     16   28   64   76   28   16   64   76                       -0.01485566564870976006                                                    
a_ia   64   76                                                      0.00054465610782025774                                                    
a_ia   16   28                                                      0.00220179811641040696                                                    
op      8   28   56   76   28    8   56   76                       -0.01688594027148493035                                                    
op     12   28   60   76   28   12   60   76                       -0.00629466244339580826                                                    
a_ia   60   76                                                     -0.00059877093571180881                                                    
a_ia   64   72                                                     -0.00179485348672717452                                                    
a_ia   16   21                                                      0.09408461333392649506                                                    
op      8   28   56   74   28    8   56   74                        0.00644813422143657167                                                    
a_ia    8   28                                                      0.00162616578577595770                                                    
a_ia   25   28                                                      0.09721811294348184362                                                    
a_ia   67   85                                                      0.00928541950270359365                                                    
a_ia   67   86                                                      0.00710471561184511380                                                    
a_ia   67   84                                                     -0.00437731775239192863                                                    
a_ia   67   89                                                     -0.00507239913704140254                                                    
a_ia   67   87                                                      0.00124834360600939334                                                    
a_ia   67   88                                                     -0.00177738059751540007                                                    
a_ia   67   91                                                     -0.00167930091438621074                                                    
a_ia   14   26                                                      0.00407449405036738183                                                    
a_ia   67   90                                                      0.00070372640708490908                                                    
a_ia   20   25                                                     -0.00535487979491513794                                                    
a_ia   19   28                                                      0.00029736498820714697                                                    
a_ia   67   73                                                      0.00762788453227493390                                                    
a_ia   19   25                                                      0.00796925326178771556                                                    
a_ia   67   94                                                      0.00057331887151896915                                                    
a_ia   14   29                                                     -0.00188533679536826305                                                    
a_ia   14   27                                                      0.00441141901626614184                                                    
a_ia   14   30                                                     -0.00166668839401047241                                                    
a_ia   27   29                                                     -0.48548665504213811550                                                    
a_ia   70   75                                                     -0.00012474952149445700                                                    
mvp2   19   25   49   75   25   19   49   75                        0.01757609198558448063   -0.19965644556860234760                          
a_ia   49   75                                                      0.00658410786057574918                                                    
mvp2   19   25   49   74   25   19   49   74                       -0.00137408279030814726    0.00776675363969778470                          
op     20   25   49   75   25   20   49   75                       -0.01159021174179079502                                                    
a_ia   18   19                                                      0.02801965394217101682                                                    
a_ia   62   69                                                      0.14763146632144152903                                                    
a_ia   15   19                                                     -0.10458727930651968985                                                    
op      7   27   55   75   27    7   55   75                       -0.01325561963190807942                                                    
a_ia   55   75                                                      0.00244418078772310225                                                    
a_ia   25   27                                                     -0.09990975145012177816                                                    
op      7   32   55   80   32    7   55   80                       -0.01178781763636604744                                                    
a_ia   55   80                                                      0.00216558096200158284                                                    
a_ia    7   32                                                      0.00191340146931692290                                                    
a_ia   74   75                                                      0.32341627922471444245                                                    
a_ia   68   80                                                     -0.00374809022557897383                                                    
op      7   31   55   79   31    7   55   79                       -0.00783344372700374610                                                    
a_ia   55   79                                                      0.00253304451000919712                                                    
a_ia    7   31                                                      0.00097004583552042650                                                    
a_ia   68   79                                                      0.00416409069619427721                                                    
a_ia   55   68                                                      0.05313235501007633477                                                    
mvp2    1   27   49   75   27    1   49   75                       -0.00943700231410799298   -0.86884193135480747294                          
op      7   33   55   80   33    7   55   80                        0.00553468054103506153                                                    
a_ia    7   33                                                     -0.00231052370988138337                                                    
om      7   33   55   81   33    7   55   81                       -0.00569135836367527445                                                    
a_ia   55   81                                                     -0.00277634167950910511                                                    
om      7   29   55   77   29    7   55   77                       -0.00423690703682730145                                                    
om      7   34   55   82   34    7   55   82                       -0.00520338210582975500                                                    
a_ia   14   35                                                      0.00216753598650134887                                                    
a_ia   55   82                                                      0.00099325261697802772                                                    
a_ia    7   34                                                      0.00088074589000835645                                                    
a_ia   49   75                                                     -0.00328962186880705403                                                    
a_ia    1   27                                                     -0.00304431619697110266                                                    
om      7   30   55   78   30    7   55   78                       -0.00474500156131257064                                                    
mvp2    1   27   60   76   27    1   60   76                        0.00320460711437045099   -0.38585297638538201825                          
a_ia   21   28                                                      0.00149736190325245114                                                    
op      3   27   51   75   27    3   51   75                       -0.00637965940353269097                                                    
a_ia   49   76                                                     -0.00055133573725680933                                                    
a_ia    3   27                                                      0.00139160676493121742                                                    
op      4   27   52   75   27    4   52   75                       -0.00615447620946705468                                                    
a_ia   52   75                                                     -0.00154691413496721420                                                    
a_ia    4   27                                                     -0.00166872700678508752                                                    
a_ia   51   75                                                      0.00122579274203161851                                                    
op      9   27   57   75   27    9   57   75                       -0.00400521908835861726                                                    
om      3   27   52   75   27    3   52   75                        0.00489919872452293341                                                    
om      4   27   51   75   27    4   51   75                        0.00496904035348075777                                                    
mvp2   14   26   55   79   26   14   55   79                       -0.00949607337166927072    0.17712449944322833373                          
a_ia   26   33                                                     -0.05303263438659583384                                                    
mvp2    7   26   14   31    7   14   26   31                        0.00825942173166253207   -0.25591347426648897168                          
mvp2   14   26   55   80   26   14   55   80                       -0.00676764174211475292    0.06747273772635473121                          
a_ia   68   70                                                      0.04666194400539015047                                                    
a_ia   22   24                                                      0.00605014032245428449                                                    
a_ia   64   71                                                      0.07328943939035302557                                                    
om      7   30   55   80   30    7   55   80                        0.00438410331134251978                                                    
a_ia   14   33                                                     -0.00111876312113645291                                                    
a_ia   26   31                                                      0.01806031849302242379                                                    
a_ia   65   71                                                     -0.04273888898470839387                                                    
op      7   32   55   81   32    7   55   81                        0.00483130382192413152                                                    
mvp2    7   31   55   81   31    7   55   81                        0.00325741615940677463   -0.47562412678067567118                          
a_ia    7   31                                                      0.00348574528176464910                                                    
mvp2   23   26   55   80   26   23   55   80                        0.00971091428772782005   -0.11416893109132529582                          
a_ia   65   72                                                      0.01208749523482136046                                                    
mvp2    7   26   14   32    7   14   26   32                        0.00489675377993972153   -0.08799888437299588362                          
om      4   27   53   75   27    4   53   75                        0.00307107104595114337                                                    
mvp2    7   26   23   32    7   23   26   32                       -0.00723849069593778070    0.23713847765924261912                          
a_ia   23   31                                                      0.00108881677265456386                                                    
mvp2    7   26   23   31    7   23   26   31                       -0.00483545944981781696   -0.05857136715262586252                          
mvp2    7   32   55   78   32    7   55   78                        0.00440158689865911747   -0.40555475474389329760                          
a_ia   55   78                                                      0.00104097820248930713                                                    
om      7   31   55   80   31    7   55   80                       -0.00375691169200417481                                                    
mvp2    7   32   55   77   32    7   55   77                       -0.00340310035794077516    0.66859275137368656683                          
a_ia   55   77                                                     -0.00164608652744635282                                                    
a_ia   15   17                                                      0.18332306046148086343                                                    
a_ia    8   19                                                      0.03415300831103403739                                                    
a_ia   25   33                                                     -0.11364295058115797543                                                    
a_ia   25   31                                                      0.07100295523365804384                                                    
a_ia   25   34                                                     -0.14729503521399794908                                                    
a_ia   25   29                                                      0.05032580351379393330                                                    
a_ia   25   37                                                      0.15277876722784344832                                                    
a_ia   25   38                                                      0.10671637247774067025                                                    
a_ia   25   41                                                     -0.21850492553784767180                                                    
a_ia   25   40                                                     -0.07428147224405183546                                                    
a_ia   25   39                                                      0.06653824249526155143                                                    
a_ia   25   42                                                      0.04270127870778714363                                                    
a_ia   25   43                                                     -0.03435987734579316194                                                    
a_ia   25   45                                                      0.04588919796034994503                                                    
a_ia   25   44                                                      0.03343514921652052108                                                    
a_ia   25   46                                                      0.02763703132822849934                                                    
a_ia   56   76                                                      0.00190259179312605845                                                    
mvp2   21   26   65   72   26   21   65   72                        0.01135169762400923578    0.06994333115374797016                          
mvp2    1   26   49   74   26    1   49   74                       -0.00538427793672724073   -0.49058532265537041495                          
a_ia   19   26                                                     -0.00165979811914772585                                                    
a_ia   17   26                                                     -0.00472937920639244017                                                    
op      8   26   56   76   26    8   56   76                        0.00890942836125661886                                                    
om      8   26   56   74   26    8   56   74                       -0.00406846453391204038                                                    
om     12   26   60   74   26   12   60   74                       -0.00669638169578026018                                                    
a_ia   74   76                                                      0.13133707253237639212                                                    
mvp2   21   24   70   72   24   21   70   72                       -0.00558673603832393270    0.00199597160094437849                          
a_ia   70   72                                                     -0.00131657846612682193                                                    
a_ia   21   24                                                     -0.00236655480993999429                                                    
a_ia   70   71                                                     -0.14869417266601295258                                                    
a_ia   16   24                                                     -0.00187786306158594643                                                    
a_ia   62   64                                                     -0.07581829555906265117                                                    
mvp2   21   26   69   74   26   21   69   74                       -0.01230829638928246372   -0.02851327765118912352                          
mvp2   17   26   62   74   26   17   62   74                       -0.00794211319265110231    0.05327213735676773754                          
a_ia   49   69                                                      0.03658873736621808676                                                    
a_ia   56   69                                                      0.08940468000215402722                                                    
op     20   32   68   80   32   20   68   80                       -0.00462907360492920746                                                    
a_ia   20   32                                                     -0.00356767058582605195                                                    
a_ia   20   31                                                      0.00367093086929286706                                                    
a_ia    7   20                                                      0.06054408264853838872                                                    
mvp2   20   30   68   78   30   20   68   78                       -0.00616942830112014208   -0.59000511621452256250                          
a_ia   68   78                                                     -0.00244009828350317919                                                    
a_ia   20   30                                                     -0.00183222995346951330                                                    
a_ia   23   30                                                      0.00263675199890359754                                                    
a_ia   20   38                                                     -0.00471442254243096669                                                    
a_ia   20   37                                                     -0.00393554032172794242                                                    
a_ia   20   36                                                      0.00268750066027314844                                                    
a_ia   20   35                                                      0.00202399946677903541                                                    
a_ia   20   40                                                      0.00147064644762769244                                                    
a_ia   20   41                                                      0.00206327865331654451                                                    
a_ia   20   39                                                     -0.00089804669147760445                                                    
a_ia   68   85                                                     -0.00410821780785959687                                                    
a_ia   68   83                                                      0.00198115722165599509                                                    
a_ia   68   82                                                     -0.00272397873687911128                                                    
a_ia   68   86                                                     -0.00480464456106023327                                                    
a_ia   68   84                                                      0.00296926560108271183                                                    
om     20   41   68   89   41   20   68   89                       -0.00284521954203003887                                                    
a_ia   68   89                                                      0.00178465885740124804                                                    
a_ia   68   88                                                      0.00144123806519570502                                                    
a_ia   68   87                                                     -0.00077153212634698291                                                    
mvp2   15   32   55   80   32   15   55   80                       -0.00564862852076246889   -0.20572652980851452442                          
a_ia   15   32                                                      0.00100125537231389645                                                    
a_ia   15   33                                                     -0.00103609627777793848                                                    
a_ia   15   31                                                     -0.00103663069542288917                                                    
a_ia   15   23                                                     -0.07700356408549416387                                                    
op     16   26   64   74   26   16   64   74                       -0.00553636837996241294                                                    
a_ia   64   74                                                      0.00122160941732738513                                                    
om     20   38   68   86   38   20   68   86                       -0.00330078812360438739                                                    
mvp2   16   28   71   72   28   16   71   72                        0.00689569725049918401    0.08576293272494175945                          
a_ia   16   28                                                      0.00110056210587057102                                                    
mvp2    6   32   55   80   32    6   55   80                       -0.00991326741892701278   -0.38207352989083342987                          
a_ia   55   74                                                     -0.00087852969877079174                                                    
a_ia   19   32                                                      0.00475670507589946029                                                    
a_ia    6   19                                                     -0.07876267609518161628                                                    
a_ia    6   32                                                      0.00079992280042129435                                                    
a_ia   18   21                                                     -0.03230579467185720755                                                    
mvp2    6   32   54   80   32    6   54   80                       -0.01056386603633118447    0.95507530401092988193                          
mvp2    7   32   54   80   32    7   54   80                       -0.00998519389957368275    0.18273965981479969867                          
a_ia    7   26                                                     -0.00134138863893455522                                                    
mvp2    7   26   55   74   26    7   55   74                       -0.00609689652807435256    0.10707132355156095960                          
mvp2    3   32   55   80   32    3   55   80                        0.00707793704045046185    0.45627117383091125857                          
mvp2    3   32   51   80   32    3   51   80                       -0.00695827172443100935    0.79908300630102024886                          
mvp2    7   32   51   80   32    7   51   80                        0.00699887510973561892   -0.14018971194782034462                          
a_ia   51   80                                                      0.00064885125102267323                                                    
mvp2    6   32   51   80   32    6   51   80                        0.00391862049454407002    0.26949707507878356560                          
a_ia    1    3                                                      0.28360135657678431365                                                    
mvp2    6   32   63   80   32    6   63   80                       -0.00527686163293755988    0.60665231648116568763                          
a_ia   49   51                                                      0.32769498643796124426                                                    
a_ia    6   32                                                      0.00108596260282767189                                                    
om      7   32   63   80   32    7   63   80                       -0.00583674819833842652                                                    
mvp2    7   32   52   80   32    7   52   80                       -0.00561650608764701926    0.28074806166391463869                          
mvp2    6   32   52   80   32    6   52   80                       -0.00548498274490419584   -0.35581777209060660994                          
op      3   32   52   80   32    3   52   80                        0.00453593102037323608                                                    
op     10   27   58   75   27   10   58   75                       -0.00248393408072942069                                                    
mvp2    4   32   55   80   32    4   55   80                       -0.00559800845027785474   -0.33245196307707797212                          
om      4   32   52   80   32    4   52   80                       -0.00419812375112037402                                                    
om      4   32   51   80   32    4   51   80                        0.00474440759344943539                                                    
op      4   32   54   80   32    4   54   80                       -0.00528288727803907961                                                    
mvp2    3   32   54   80   32    3   54   80                        0.00395601978092285055    0.32071955004250818355                          
a_ia    3   32                                                      0.00092926998730002931                                                    
a_ia    1    4                                                     -0.19962441297747571256                                                    
a_ia   19   37                                                      0.00706378690625584539                                                    
