op     31   32   95   96   32   31   95   96                       -0.05387307083034287292                                                    
op     27   35   91   99   35   27   91   99                       -0.12437227291827143705                                                    
a_ia   91   99                                                      0.00764377571989469790                                                    
a_ia   27   35                                                      0.04688236201041863505                                                    
op     27   33   91   99   33   27   91   99                        0.03406418773613578699                                                    
op     31   36   95  100   36   31   95  100                       -0.03174191903364519118                                                    
op     23   33   87   97   33   23   87   97                       -0.14573860021626042216                                                    
a_ia   23   33                                                      0.05082660015989389629                                                    
op     27   35   91   97   35   27   91   97                        0.01944047554905518893                                                    
op     23   33   87   99   33   23   87   99                       -0.00010693577704592124                                                    
op     31   34   95   98   34   31   95   98                       -0.03301847456190773467                                                    
om     27   33   91   97   33   27   91   97                       -0.00087398817572840798                                                    
om     23   35   87   97   35   23   87   97                       -0.03163691903557137169                                                    
a_ia   87   97                                                      0.02680165917136144091                                                    
op     30   32   94   96   32   30   94   96                       -0.02011473693445886210                                                    
a_ia   33   35                                                      0.09963156321734922827                                                    
op     28   32   92   96   32   28   92   96                       -0.04144163705067098469                                                    
a_ia   92   96                                                     -0.00869206077138842681                                                    
a_ia   28   32                                                     -0.00735318566554734373                                                    
a_ia   31   36                                                     -0.00946420196161633538                                                    
a_ia   87   99                                                      0.00212822557186732441                                                    
mvp2   27   35   89   98   35   27   89   98                        0.10062854590680309075   -0.57639861154073535054                          
a_ia   27   28                                                     -0.01388062338080547908                                                    
a_ia   89   97                                                     -0.00092135078798489785                                                    
a_ia   87   89                                                     -0.00679863466673041438                                                    
a_ia   91   92                                                      0.01127232512859361116                                                    
mvp2   25   34   89   98   34   25   89   98                       -0.04844128184366185141   -0.79487655164427406529                          
a_ia   95  100                                                     -0.00490905781959489855                                                    
mvp2   25   34   87   97   34   25   87   97                        0.03416407921745563681    0.22442975961785274763                          
a_ia   34   35                                                      0.01110216052100512600                                                    
mvp2   23   33   89   98   33   23   89   98                        0.02949780044471907864   -0.11162571907639298741                          
a_ia   23   25                                                     -0.04116020334248490092                                                    
mvp2   25   34   88   98   34   25   88   98                        0.00278533557934897754   -0.02618262120225229098                          
a_ia   87   88                                                     -0.02927618730968593180                                                    
a_ia   23   27                                                     -0.00275079597363399623                                                    
a_ia   33   35                                                      0.12465070861942841030                                                    
mvp2   24   34   87   97   34   24   87   97                       -0.01349339104578498906   -0.08370548508496321316                          
mvp2   22   34   87   97   34   22   87   97                        0.03510767970328703552    0.31355570030735413489                          
om     31   36   94  100   36   31   94  100                       -0.00443870565086290896                                                    
a_ia   95  101                                                     -0.00000911299846113324                                                    
mvp2   27   35   89  100   35   27   89  100                        0.05692123922065999569   -0.46274505246033276196                          
mvp2   24   33   87   97   33   24   87   97                       -0.00020819255839961198   -0.03602822983247992716                          
a_ia   25   28                                                      0.09387952461075610433                                                    
a_ia   23   28                                                      0.04124208795294920238                                                    
a_ia   30   36                                                      0.00564682527619257864                                                    
a_ia   30   31                                                     -0.26035168811283693202                                                    
mvp2   86   97   87   98   86   87   97   98                       -0.03875526593345626769    0.36103591879440988244                          
a_ia   86   87                                                      0.01345185160463576758                                                    
mvp2   27   35   92  100   35   27   92  100                        0.02110194535320448345   -0.17759549150004252938                          
a_ia   92  100                                                      0.00829725029461837044                                                    
mvp2   31   36   92   96   36   31   92   96                        0.00237402696142508885   -0.25620591526971825402                          
mvp3   25   35   27   36   25   27   36   35   25   27   35   36   -0.04420363660464164679    0.17913536063420792965    0.63523198282396198255
mvp2   28   36   89   98   36   28   89   98                       -0.00445662893070519414   -0.09396930480216617032                          
a_ia   28   36                                                     -0.00037639981410992230                                                    
a_ia   31   32                                                     -0.00684682476294499760                                                    
a_ia   96  100                                                     -0.43703881430114555062                                                    
mvp2   31   36   89   98   36   31   89   98                       -0.02053575760508222214   -0.40542628288108734091                          
a_ia   25   31                                                      0.31498595729410894251                                                    
a_ia   31   36                                                      0.02979670564980051867                                                    
mvp2   27   35   92   98   35   27   92   98                        0.01802733212885668582   -0.24281747301965228569                          
op     30   39   94  103   39   30   94  103                       -0.01255440731357044051                                                    
mvp3   92   96   95  100   92   95  100   96   92   95   96  100   -0.02200449100228369509   -0.15301647567835932606    0.25100984565405032312
mvp2   27   35   95  100   35   27   95  100                        0.01690729955480938310   -0.29720297973672582525                          
mvp2   27   35   95   98   35   27   95   98                        0.00809972412095132793   -0.11935258940933111960                          
mvp2   27   35   91  102   35   27   91  102                       -0.02299961051666076992    0.58394972239367148870                          
a_ia   91  102                                                     -0.00075083760631837568                                                    
a_ia   95   98                                                      0.00000884699874337155                                                    
a_ia   32   35                                                      0.02652459183378904142                                                    
a_ia   25   31                                                      0.22835845360789136516                                                    
a_ia   35   38                                                      0.30207945837605032491                                                    
a_ia   35   40                                                     -0.15003174892345555458                                                    
mvp2   23   33   87  102   33   23   87  102                       -0.02636865155224105486    0.28056842778379081915                          
a_ia   87   89                                                     -0.14112933183942732995                                                    
mvp2   31   34   87   97   34   31   87   97                       -0.04388761590373907451   -0.26102750644397665347                          
a_ia   86   88                                                     -0.38130017600258764299                                                    
mvp2   24   34   89   98   34   24   89   98                        0.00116432678524077435    0.00928824293044540512                          
mvp2   23   33   95  100   33   23   95  100                        0.02399923880915273700   -0.17082246363404460232                          
a_ia   32   36                                                     -0.42928993195308751130                                                    
mvp2   87   97   95   98   87   95   98   97                       -0.03082268227083608328    0.18750612926329465746                          
a_ia   97   98                                                     -0.05873096707385731113                                                    
mvp2   27   33   91  102   33   27   91  102                        0.01700171817341203026    0.79122577969952234689                          
a_ia   23   31                                                     -0.00039070282978862674                                                    
a_ia   36   37                                                     -0.33801222867465458011                                                    
a_ia   91   92                                                     -0.23880776076008158881                                                    
a_ia   87   91                                                      0.20090381987279004594                                                    
mvp2   30   32   92   96   32   30   92   96                        0.00005953774230012866   -0.17676644193610513422                          
a_ia   30   32                                                     -0.00845335108108868222                                                    
a_ia   23   24                                                     -0.31993176865539146858                                                    
a_ia   88   89                                                      0.26422864456301087266                                                    
a_ia   24   31                                                      0.01793290844877204471                                                    
op     18   34   82   98   34   18   82   98                       -0.01817165380219809209                                                    
a_ia   98   99                                                      0.07327285226599672407                                                    
a_ia   89   95                                                      0.26027148565789487433                                                    
a_ia   88   97                                                     -0.00109192136703235572                                                    
op     21   34   85   98   34   21   85   98                       -0.00974454657887571449                                                    
op     19   34   83   98   34   19   83   98                       -0.01225883227516878088                                                    
mvp2   27   33   89  100   33   27   89  100                       -0.00299749208545645142   -0.01291732242432648038                          
a_ia   24   25                                                      0.33756232687335685494                                                    
a_ia   36   39                                                     -0.20316784286283062766                                                    
mvp2   18   34   86   98   34   18   86   98                       -0.01344920415654654935   -0.74622376369459963996                          
mvp2   22   34   82   98   34   22   82   98                       -0.01266510810760562884    0.75461214941392940059                          
mvp2   24   32   92   96   32   24   92   96                       -0.02152508158611816935   -0.16486782066188768181                          
a_ia   24   27                                                     -0.08593267247156517741                                                    
mvp2   23   33   88   96   33   23   88   96                        0.01015311904686157403   -0.13841516228273895162                          
a_ia   97   99                                                      0.47346685842367469688                                                    
a_ia   28   29                                                      0.22813380687561837790                                                    
mvp2   23   33   92   96   33   23   92   96                        0.01994353590352160657   -0.15710346002311553759                          
a_ia   23   27                                                      0.18085798875657191354                                                    
mvp2   23   33   92  100   33   23   92  100                        0.00224892397696715464   -0.00001301054019884379                          
mvp2   28   32   88   96   32   28   88   96                       -0.02548791805616316963   -0.14595103939290898776                          
a_ia   88   96                                                      0.00148637429210026861                                                    
a_ia   32   33                                                     -0.05253517018557767732                                                    
a_ia   28   31                                                     -0.26567562590088011909                                                    
mvp3   23   32   24   33   23   24   33   32   23   24   32   33   -0.00899012380718841597   -0.02051052524294149498   -0.10985198884579362721
mvp2   28   32   82   96   32   28   82   96                       -0.00659758583558823011   -0.15797854133101324470                          
a_ia   82   89                                                      0.31565884193126297896                                                    
a_ia   82   96                                                     -0.00383046767665677071                                                    
a_ia   82  100                                                      0.00138998773420057932                                                    
mvp2   28   32   95   96   32   28   95   96                        0.02432254373127148983    0.11251084578637170208                          
a_ia   31   32                                                     -0.00052136480319631856                                                    
a_ia   95   96                                                     -0.00975292764092587812                                                    
mvp2   31   32   95   96   32   31   95   96                       -0.00644955722910938670    0.16297026962527702554                          
mvp2   23   33   82  100   33   23   82  100                       -0.01357804060652273784    0.14239161570832808978                          
mvp2   28   32   95  100   32   28   95  100                       -0.01956692827917613092   -0.11732531417144953512                          
a_ia   28   31                                                     -0.18133922138317376538                                                    
a_ia   28   32                                                     -0.01278000638480435679                                                    
mvp2   18   32   92   96   32   18   92   96                       -0.00451081419734942514    0.67073468113581680150                          
a_ia   18   31                                                      0.13157749584837399870                                                    
a_ia   92   95                                                     -0.17585086167397992463                                                    
a_ia   18   32                                                     -0.00359771193740331986                                                    
a_ia   18   25                                                      0.27627328013637036941                                                    
a_ia   29   31                                                     -0.22854383600797173459                                                    
a_ia   85   99                                                      0.00211320912147064215                                                    
a_ia   85   97                                                      0.00294485075608868097                                                    
mvp2   28   32   92   96   32   28   92   96                       -0.04475367943501797063    0.12646262812801820075                          
a_ia   92   96                                                     -0.00855425613226313414                                                    
a_ia   25   31                                                     -0.19193134962838606650                                                    
mvp2   18   32   82   96   32   18   82   96                       -0.00510699913444596226    0.23435437165966219175                          
a_ia   18   28                                                     -0.25298103661176007950                                                    
mvp2   23   33   88  100   33   23   88  100                        0.00692309467850060149   -0.09571397044352067396                          
a_ia   91  102                                                      0.01198221791836336612                                                    
mvp2   23   38   87  102   38   23   87  102                       -0.00709251121311994370   -0.17093062155943886116                          
a_ia   24   33                                                      0.00883684671445751808                                                    
a_ia   23   38                                                     -0.00496763056104622056                                                    
a_ia   87   88                                                     -0.31497345241162216789                                                    
op     23   37   87  101   37   23   87  101                       -0.00895110826245004189                                                    
a_ia   35   36                                                     -0.03127171148583562238                                                    
a_ia   88   91                                                     -0.00447485595784878967                                                    
a_ia   33   38                                                      0.06563639618028392630                                                    
mvp2   27   38   91  102   38   27   91  102                       -0.00560917979419114400   -0.21458887039834559363                          
a_ia  100  102                                                      0.02716405805882378052                                                    
a_ia   94  101                                                     -0.00063603054278275222                                                    
a_ia   93   99                                                     -0.00158640650074468232                                                    
mvp2   23   35   87  102   35   23   87  102                       -0.01067311415583459440   -0.04939783767455373925                          
a_ia   35   37                                                      0.08319359093937865601                                                    
a_ia   87  102                                                     -0.00857518673290443706                                                    
a_ia   23   35                                                     -0.00218219747600467391                                                    
a_ia   36   40                                                      0.06732597143416153840                                                    
a_ia   88  102                                                      0.00287454048084707231                                                    
a_ia   27   33                                                      0.00589496943946362338                                                    
mvp2   27   35   91  104   35   27   91  104                        0.00562717849314819853   -0.01208252203645410715                          
a_ia   27   35                                                     -0.00454571193132946322                                                    
a_ia   87  104                                                     -0.00189407250084257846                                                    
a_ia   83   98                                                     -0.03207878582258270189                                                    
mvp2   22   34   83   98   34   22   83   98                        0.00828808046039487302   -0.63959828629274229073                          
a_ia   22   34                                                      0.02073383686713323529                                                    
a_ia   25   29                                                     -0.07641525784689752465                                                    
a_ia   95  100                                                      0.01214715035038214930                                                    
op     30   32   95   96   32   30   95   96                        0.01993591796734192623                                                    
a_ia   95   96                                                      0.01877697519878879923                                                    
mvp2   23   33   87  111   33   23   87  111                       -0.01277308338068554490    0.12692697856151063940                          
a_ia   87  111                                                      0.00043389224271021359                                                    
a_ia   23   33                                                     -0.00397057664316306184                                                    
mvp2   27   35   91  111   35   27   91  111                        0.00796346181559180397   -0.09910601019588700933                          
a_ia   83   98                                                      0.02406357360579819415                                                    
a_ia   87  103                                                     -0.00158795000454917557                                                    
a_ia   33   39                                                     -0.03528692008624772364                                                    
a_ia   33   41                                                      0.06745333965563039824                                                    
a_ia   33   40                                                     -0.02995630836026286908                                                    
a_ia   33   45                                                     -0.12494588254482362488                                                    
a_ia   33   44                                                      0.07204249361745153346                                                    
a_ia   33   47                                                      0.16516163554908416811                                                    
a_ia   33   46                                                     -0.09632924966382086507                                                    
a_ia   23   39                                                      0.00008129998724691449                                                    
a_ia   88  100                                                      0.00198473195353091048                                                    
a_ia   24   38                                                      0.00246810268715175413                                                    
a_ia   27   38                                                     -0.00573487555378120878                                                    
mvp2   23   35   87  111   35   23   87  111                       -0.00643828294415304918   -0.07436585338433802927                          
a_ia   87   94                                                      0.02523720007495959539                                                    
a_ia  100  101                                                     -0.35713536913195809142                                                    
a_ia   86   98                                                      0.00040812141637325700                                                    
a_ia  100  104                                                      0.09791927210225029321                                                    
mvp2   27   37   91  101   37   27   91  101                       -0.00520541270091397657    0.15742126712591339444                          
mvp2   27   35   94  100   35   27   94  100                        0.00279897510510614643   -0.05884785501367095079                          
a_ia   94  100                                                      0.00458976280629855554                                                    
mvp2   27   38   91  101   38   27   91  101                       -0.00504833723104797672    0.16911025303022075850                          
om     24   32   88   96   32   24   88   96                       -0.00952372505671304770                                                    
a_ia   24   32                                                     -0.00058788506805970242                                                    
a_ia  100  103                                                     -0.20798709486592831253                                                    
a_ia   87  100                                                      0.00224766649866541728                                                    
mvp2   28   32   94   96   32   28   94   96                       -0.03137902209758894334    0.17136092419594625702                          
a_ia   94   96                                                     -0.01003193895121998018                                                    
mvp2   24   32   94   96   32   24   94   96                       -0.01100989191054505684    0.09711233552506781663                          
a_ia   82   92                                                     -0.22835912159006310773                                                    
a_ia   82   95                                                      0.04601944383905516578                                                    
mvp2   30   32   88   96   32   30   88   96                       -0.00245465583703806866   -0.08830842013186783468                          
a_ia   88   96                                                     -0.00262785200438084158                                                    
a_ia   28   30                                                      0.31723928723928379592                                                    
a_ia   28   38                                                      0.00146743035679283143                                                    
a_ia   27   28                                                     -0.21879059019070415393                                                    
a_ia   28   35                                                      0.00116661067593013760                                                    
a_ia   28   39                                                     -0.00329158653868754812                                                    
a_ia   23   28                                                     -0.00028813491873281319                                                    
op     21   35   85   99   35   21   85   99                       -0.01579244193363171789                                                    
a_ia   25   35                                                      0.00173445393611356292                                                    
a_ia   29   35                                                     -0.00142006898990825869                                                    
om     21   35   85   97   35   21   85   97                        0.00915401751298653560                                                    
a_ia   21   35                                                      0.00184673961067276563                                                    
a_ia   89   90                                                     -0.17270022507446547433                                                    
mvp2   19   34   86   98   34   19   86   98                        0.00897681812776111691    0.65821479363911572502                          
a_ia   19   34                                                     -0.00024106827963144294                                                    
a_ia   90   99                                                     -0.00028497382073626150                                                    
a_ia   89   93                                                      0.03758119114770191310                                                    
a_ia   83   89                                                     -0.21578103949094556979                                                    
a_ia   36   42                                                      0.10996571980504495081                                                    
mvp2   19   32   92   96   32   19   92   96                        0.01117581610933335648   -0.36242395436266044983                          
a_ia   19   32                                                      0.00388402300219370736                                                    
a_ia   19   25                                                     -0.15239646466004791447                                                    
a_ia   88   95                                                     -0.07447862321223436277                                                    
mvp2   19   32   82   96   32   19   82   96                        0.00674171920379352651   -0.27870382562868395437                          
a_ia   96   97                                                     -0.07247755312048691223                                                    
a_ia   94   95                                                     -0.18286264385455927584                                                    
a_ia   90   92                                                      0.19797395307766388339                                                    
a_ia   87  105                                                     -0.00159067532929804733                                                    
mvp2   31   34   93   98   34   31   93   98                       -0.00813027724666876700    0.19754951613890492368                          
a_ia   31   34                                                     -0.00211803823222401653                                                    
op     23   43   87  107   43   23   87  107                       -0.00377601403514963392                                                    
a_ia   23   41                                                     -0.00335198727015716732                                                    
a_ia   19   32                                                      0.00964521912559792444                                                    
a_ia   92   97                                                     -0.00112324352995837829                                                    
a_ia   90   96                                                     -0.00201964998991165665                                                    
a_ia   87  107                                                      0.00076475883534944710                                                    
a_ia   23   43                                                      0.00075571174871732626                                                    
mvp2   23   33   87  109   33   23   87  109                        0.00778939150763739707   -0.09688012049627249545                          
a_ia   87  109                                                     -0.00004080302622503803                                                    
a_ia   23   42                                                     -0.00153491316817464386                                                    
a_ia   87  110                                                     -0.00269147354606932105                                                    
a_ia   23   33                                                     -0.02433941262780459774                                                    
a_ia   23   45                                                      0.00076511153886468558                                                    
a_ia   23   44                                                     -0.00217189906509045356                                                    
a_ia   23   46                                                     -0.00091487757383461625                                                    
a_ia   23   47                                                     -0.00043497492181974052                                                    
a_ia   23   48                                                      0.00109435984990115015                                                    
a_ia   33   42                                                     -0.03121188907185581951                                                    
a_ia   23   49                                                      0.00105358466928116520                                                    
a_ia   90   97                                                      0.00086925257833359211                                                    
a_ia   33   43                                                      0.06878689610120911069                                                    
a_ia   23   52                                                     -0.00207021006635816707                                                    
a_ia   23   51                                                     -0.00121472831608955968                                                    
a_ia   23   55                                                     -0.00152019520040999395                                                    
a_ia   23   54                                                      0.00136117988408769965                                                    
a_ia   23   56                                                      0.00076621987909759773                                                    
om     27   40   91  104   40   27   91  104                       -0.00427174688146546213                                                    
a_ia   27   40                                                      0.00124096573452966616                                                    
a_ia   91  104                                                     -0.00040342317251396170                                                    
mvp2   27   37   91  102   37   27   91  102                       -0.00487639651511364691   -0.09101906196094358692                          
a_ia  101  102                                                     -0.11361082730353264103                                                    
a_ia  100  111                                                      0.06795349802468622635                                                    
a_ia   28   40                                                      0.00045869008929378882                                                    
mvp2   18   37   82  101   37   18   82  101                       -0.00599476985057367188   -0.49675564592527382546                          
a_ia   18   37                                                      0.00114464996723400445                                                    
a_ia   87  110                                                     -0.00047488833254084222                                                    
a_ia   91  102                                                     -0.00977469706353350370                                                    
a_ia   19   32                                                     -0.00121458459003824190                                                    
mvp2   18   36   82  100   36   18   82  100                       -0.00837420967283775478   -0.42587302314459696273                          
a_ia   82  100                                                      0.00192425660506556173                                                    
a_ia   18   27                                                      0.05108330111059004169                                                    
a_ia  102  104                                                     -0.26365684631376840041                                                    
mvp2   26   35   91   99   35   26   91   99                       -0.01182611464980567670   -0.10855334821623553732                          
a_ia   90   91                                                     -0.12939016207067391417                                                    
a_ia   84   86                                                     -0.24044600735572663197                                                    
a_ia   26   35                                                      0.00156722112494222967                                                    
mvp2   26   34   91   99   34   26   91   99                       -0.00773218016368643849   -0.14921583244893457665                          
a_ia   21   34                                                     -0.00157362442510515553                                                    
a_ia   34   35                                                      0.08615579963593562873                                                    
a_ia   25   34                                                      0.00804531234138283237                                                    
a_ia   32   34                                                      0.09284451967245849202                                                    
mvp2   27   35   91   99   35   27   91   99                       -0.02846617054370966654    0.00317282599869053326                          
a_ia   19   27                                                      0.05766411205240021959                                                    
a_ia   91   99                                                     -0.00031917915997875653                                                    
mvp2   25   34   27   35   25   27   35   34                       -0.00953364804819932694   -0.04524649325473982520                          
a_ia   27   34                                                      0.00106354392899459622                                                    
a_ia   27   35                                                     -0.00536527776187843263                                                    
a_ia   96   99                                                      0.02161189106075174504                                                    
mvp2   18   36   95  100   36   18   95  100                       -0.00896769851066056729   -0.06908015082434035281                          
a_ia   95  100                                                      0.00735694257921057446                                                    
a_ia   18   36                                                     -0.00073450297696792826                                                    
a_ia   19   37                                                      0.00239493910070805258                                                    
a_ia   19   24                                                      0.14987054330057206220                                                    
mvp2   19   36   95  100   36   19   95  100                        0.00547116962339429334   -0.11310710217695739421                          
