op     17   27   61   71   27   17   61   71                       -0.01904806370924213774                                                    
a_ia   17   27                                                     -0.00652346780706310279                                                    
a_ia   61   71                                                     -0.00728845072724076774                                                    
op     17   24   61   68   24   17   61   68                       -0.00918184029047565582                                                    
op     17   22   61   66   22   17   61   66                       -0.00552987917849989165                                                    
op     17   31   61   75   31   17   61   75                       -0.00931273552576419514                                                    
op     17   25   61   69   25   17   61   69                       -0.00737465829967980276                                                    
op     17   28   61   72   28   17   61   72                       -0.00663323441212519335                                                    
a_ia   17   28                                                      0.00275635970090477682                                                    
a_ia   61   72                                                      0.00169289882248729569                                                    
op     17   34   61   78   34   17   61   78                       -0.01017659412468895075                                                    
a_ia   17   34                                                     -0.00277983553294524482                                                    
a_ia   61   78                                                     -0.02117291633614886565                                                    
op     17   35   61   79   35   17   61   79                       -0.01152764276044010786                                                    
a_ia   17   35                                                      0.00307216079833980832                                                    
a_ia   61   79                                                      0.00477488419104440866                                                    
a_ia   17   32                                                     -0.00135282575444671603                                                    
op     16   24   60   68   24   16   60   68                       -0.01412085059460756881                                                    
op     16   30   60   74   30   16   60   74                       -0.01723700144948004526                                                    
op     16   26   60   70   26   16   60   70                       -0.01133540564841229586                                                    
op     16   28   60   72   28   16   60   72                       -0.00840959562404987489                                                    
a_ia   16   26                                                     -0.00083777995248911436                                                    
op     16   34   60   78   34   16   60   78                       -0.00919621763088162431                                                    
a_ia   16   34                                                     -0.01836752958558106677                                                    
a_ia   60   72                                                     -0.00147857466798028228                                                    
op     12   24   56   68   24   12   56   68                       -0.01599517270761595389                                                    
op     16   39   60   83   39   16   60   83                       -0.00923130536872224065                                                    
op     17   39   61   83   39   17   61   83                       -0.00555404383154010656                                                    
op     16   33   60   77   33   16   60   77                       -0.00633616030229692834                                                    
op     16   38   60   82   38   16   60   82                       -0.00694087626461141385                                                    
op     16   36   60   80   36   16   60   80                       -0.00514923164291037922                                                    
op     16   40   60   84   40   16   60   84                       -0.00622943564143010626                                                    
op     18   27   62   71   27   18   62   71                       -0.00561500748548448420                                                    
a_ia   18   27                                                     -0.00096625482847855805                                                    
op     12   27   56   71   27   12   56   71                       -0.00744059878785191618                                                    
a_ia   56   71                                                     -0.00210907615428453576                                                    
a_ia   12   27                                                     -0.00310064923678809177                                                    
op      9   27   53   71   27    9   53   71                       -0.01419067494424484065                                                    
a_ia    9   27                                                      0.00382532207691269359                                                    
a_ia   53   71                                                      0.00274348128344438936                                                    
op     15   27   59   71   27   15   59   71                       -0.00659772671168721257                                                    
op     18   30   62   74   30   18   62   74                       -0.00468680287220400119                                                    
a_ia   18   30                                                      0.00137863817719923116                                                    
a_ia   62   74                                                      0.00152991284923120947                                                    
om     16   40   60   83   40   16   60   83                       -0.00494883132059214473                                                    
op     16   32   60   76   32   16   60   76                       -0.00637295513208967906                                                    
om     16   35   60   79   35   16   60   79                       -0.01287078252917483318                                                    
op     17   29   61   73   29   17   61   73                       -0.00255971581847053153                                                    
om     16   33   60   79   33   16   60   79                        0.00807818332442746673                                                    
op     10   27   54   71   27   10   54   71                       -0.00631118551795507247                                                    
a_ia   10   27                                                      0.00105339072151440982                                                    
op     12   24   53   68   24   12   53   68                        0.00635300624804808079                                                    
op      6   27   50   71   27    6   50   71                       -0.00597512477622887898                                                    
a_ia   54   71                                                      0.00122341759742090818                                                    
op     13   24   57   68   24   13   57   68                       -0.00750380955319642634                                                    
op      9   24   57   68   24    9   57   68                       -0.00617447545428446466                                                    
op      9   24   53   68   24    9   53   68                       -0.00585202258663064696                                                    
op     13   24   53   68   24   13   53   68                       -0.00669777992079844450                                                    
om     10   30   54   74   30   10   54   74                       -0.01234613195111074722                                                    
a_ia   10   30                                                     -0.00215002140051759501                                                    
a_ia   54   74                                                     -0.00189366624427382037                                                    
op     15   30   59   74   30   15   59   74                       -0.00987598696709606101                                                    
a_ia   53   74                                                     -0.00077591303924378458                                                    
a_ia   59   74                                                     -0.00119500924957914307                                                    
a_ia   15   30                                                     -0.00169789537184883606                                                    
om     16   39   60   84   39   16   60   84                       -0.00497609162585324095                                                    
om     17   39   61   84   39   17   61   84                        0.00399726448485568462                                                    
op     17   35   61   78   35   17   61   78                        0.02352984392371538364                                                    
om     17   34   60   78   34   17   60   78                        0.01095627858045713707                                                    
om     17   35   60   78   35   17   60   78                       -0.01629276372126229125                                                    
a_ia   60   78                                                      0.00391547787246910792                                                    
mvp2   16   34   61   78   34   16   61   78                        0.00714710107833341039    0.75867321683766009155                          
a_ia   61   78                                                      0.02330645618452419077                                                    
mvp2   16   35   61   79   35   16   61   79                       -0.00964632616116385504    0.68841173091394747274                          
mvp3   60   78   61   79   60   61   79   78   60   61   78   79   -0.02192151611185533255    0.17974656231944660667    0.29609927179460149294
op     12   30   56   74   30   12   56   74                       -0.00575750592050011233                                                    
a_ia   12   30                                                     -0.00081925481019905829                                                    
om     10   30   56   74   30   10   56   74                       -0.00469165740548961076                                                    
a_ia   56   74                                                     -0.00079584507828491414                                                    
op     18   30   54   74   30   18   54   74                        0.00575858145979212845                                                    
op     12   30   54   74   30   12   54   74                       -0.00415707845283797266                                                    
op      9   24   56   68   24    9   56   68                        0.00706028253865663945                                                    
op     13   24   56   68   24   13   56   68                        0.00728892807654643159                                                    
om     18   30   59   74   30   18   59   74                        0.00422397650959011571                                                    
op     15   23   59   67   23   15   59   67                       -0.01747593764308119982                                                    
op     10   23   54   67   23   10   54   67                       -0.00728410591523530240                                                    
op     15   25   59   69   25   15   59   69                       -0.01028778105113973065                                                    
om     15   26   59   70   26   15   59   70                       -0.00796143564122257959                                                    
om     15   35   59   79   35   15   59   79                       -0.02173942015077906867                                                    
mvp2   17   35   59   79   35   17   59   79                       -0.01402146985036213135    0.96876505002199042593                          
mvp2   15   35   61   79   35   15   61   79                       -0.01662417955262772418   -0.67597133743539461470                          
mvp2   15   35   60   79   35   15   60   79                       -0.01286188538981316611   -0.41741581898428320452                          
mvp2   16   35   59   79   35   16   59   79                       -0.01243890772423584569   -0.24109166356798023001                          
a_ia   15   29                                                     -0.00135581663385632477                                                    
op     15   41   59   85   41   15   59   85                       -0.00123497297731370108                                                    
om     15   32   59   76   32   15   59   76                       -0.01165203023881208715                                                    
om     15   41   59   84   41   15   59   84                        0.00763483783698571186                                                    
mvp2   60   72   61   75   60   61   72   75                        0.00281035107954269361   -0.17575030395758192703                          
om     15   40   59   84   40   15   59   84                       -0.00738132186060436440                                                    
op     15   36   59   80   36   15   59   80                       -0.00414356242738531978                                                    
op     15   40   59   85   40   15   59   85                        0.00698685718706367354                                                    
mvp3   16   32   17   34   16   17   34   32   16   17   32   34   -0.00514996116280810011   -0.19909043136175968991   -0.26248490719706207841
op     15   38   59   82   38   15   59   82                       -0.00380044081735441634                                                    
mvp3   60   75   61   79   60   61   79   75   60   61   75   79   -0.00833920705319113678   -0.24820278730568506864   -0.07175761209105271932
op     12   24   57   68   24   12   57   68                        0.00624876391170919605                                                    
om     10   30   62   74   30   10   62   74                        0.00593296056303370747                                                    
op     10   23   62   74   23   10   62   74                        0.00318120736571369427                                                    
mvp2   17   28   61   79   28   17   61   79                       -0.00955242919429223625   -0.24304354506206010678                          
a_ia   17   35                                                      0.00180323753451516462                                                    
mvp2   17   35   61   72   35   17   61   72                       -0.00294032636491103460    0.16642605702594612249                          
a_ia   72   79                                                     -0.29438429269600230320                                                    
mvp2   16   28   17   31   16   17   28   31                        0.00667201804280434605   -0.32269881667384853197                          
mvp3   16   31   17   35   16   17   35   31   16   17   31   35   -0.00530064636975707999   -0.20525428236768542001   -0.17998740360916951064
a_ia   16   31                                                     -0.00122030188842113486                                                    
a_ia   60   70                                                      0.00201060524256310149                                                    
op     12   24   60   68   24   12   60   68                       -0.01303673044444621752                                                    
a_ia   60   74                                                      0.00268252528964125310                                                    
a_ia   70   79                                                     -0.20693729956785084090                                                    
a_ia   60   68                                                     -0.00184438810734231990                                                    
om     10   30   60   74   30   10   60   74                        0.00777553641346324324                                                    
om     18   30   60   74   30   18   60   74                       -0.00598061359003369906                                                    
mvp2   15   26   59   79   26   15   59   79                       -0.00759219340935272328   -0.35446731121307373247                          
mvp2   15   34   59   79   34   15   59   79                       -0.00756640858655712768   -0.11631361413568282182                          
om     15   29   59   73   29   15   59   73                       -0.00476008275420229752                                                    
mvp2   15   34   59   78   34   15   59   78                       -0.00455165491861832684    0.15066181123849609058                          
mvp2   15   26   59   72   26   15   59   72                       -0.00572043000589046290    0.53367629202982658221                          
a_ia   15   26                                                     -0.00051918201463925354                                                    
mvp2   15   28   59   72   28   15   59   72                       -0.00826785639065072582   -0.42332742913351706360                          
a_ia   15   28                                                      0.00124135764219029921                                                    
mvp2   16   26   59   79   26   16   59   79                       -0.00523658408270998629   -0.15468763900438006753                          
mvp2   15   28   61   79   28   15   61   79                       -0.00876166747394115965   -0.25640786405788651425                          
mvp2   15   26   61   79   26   15   61   79                       -0.00254834464440967289   -0.16467497307264900019                          
op     15   41   59   73   41   15   59   73                       -0.00712031262515809386                                                    
a_ia   59   73                                                     -0.00107676138561077885                                                    
mvp2   16   26   61   79   26   16   61   79                       -0.00492060477591615367   -0.11251630411227063477                          
om     15   28   59   79   28   15   59   79                       -0.00931760351690346343                                                    
mvp2   15   28   59   70   28   15   59   70                       -0.00606361243398122370    0.42430695434301701763                          
om     10   41   59   85   41   10   59   85                        0.00837976391942966796                                                    
om     17   27   53   71   27   17   53   71                        0.01302342566595419450                                                    
a_ia   17   24                                                      0.00197166434184316590                                                    
om     17   24   57   68   24   17   57   68                       -0.00887613052761068201                                                    
op     17   24   53   68   24   17   53   68                       -0.00725111891195725448                                                    
op     17   24   56   68   24   17   56   68                        0.00814789298348201144                                                    
om     17   27   56   71   27   17   56   71                       -0.00432941825623836801                                                    
mvp2   12   35   59   79   35   12   59   79                       -0.00917391430919769352   -0.44630496057993762626                          
mvp2   12   35   61   79   35   12   61   79                       -0.00711937649619340512    0.08329259899572628856                          
mvp2   12   28   61   72   28   12   61   72                       -0.00841238262410249488   -0.53890504072195799523                          
mvp2   12   28   61   79   28   12   61   79                       -0.00836304059513891945   -0.20538332006772219707                          
a_ia   12   28                                                      0.00218791893233608384                                                    
mvp2   12   28   56   72   28   12   56   72                       -0.01091172211619832744    0.79996679763085365433                          
op     12   22   56   66   22   12   56   66                       -0.00523020939091855142                                                    
a_ia   59   72                                                      0.00125815029909804969                                                    
mvp2   12   35   56   79   35   12   56   79                       -0.00567738545767626675    0.51300518441944353842                          
a_ia   12   35                                                      0.00035221260838519885                                                    
mvp2   15   35   56   79   35   15   56   79                       -0.00805681061466029767    0.32842896303811419667                          
a_ia   15   35                                                     -0.00142369934512598276                                                    
op     16   39   56   83   39   16   56   83                       -0.00768732188524782686                                                    
om     12   39   56   83   39   12   56   83                       -0.00904791182450215281                                                    
om     16   39   56   84   39   16   56   84                       -0.00535432565795861820                                                    
op     16   40   56   84   40   16   56   84                       -0.00543855371091870980                                                    
op     12   40   56   84   40   12   56   84                       -0.00553042611205934592                                                    
op     12   39   56   84   39   12   56   84                       -0.00390782767257282816                                                    
om     16   40   56   83   40   16   56   83                       -0.00531998227941862887                                                    
om     12   40   56   83   40   12   56   83                       -0.00389067315849191131                                                    
mvp2   16   34   56   78   34   16   56   78                        0.00332133874930427061   -0.35277612105518951768                          
om     12   39   61   83   39   12   61   83                        0.00345822890551651663                                                    
mvp2   12   34   61   78   34   12   61   78                       -0.00492523256287663753   -0.19320533142475154742                          
a_ia   12   34                                                     -0.00088766929410516199                                                    
om     12   33   56   77   33   12   56   77                       -0.00532103966358923527                                                    
a_ia   56   77                                                      0.00135974996482100927                                                    
op     12   36   56   80   36   12   56   80                       -0.00213060220211120331                                                    
op     12   38   56   82   38   12   56   82                       -0.00243827072031248824                                                    
op     12   37   56   81   37   12   56   81                       -0.00360404440011104872                                                    
op     12   42   56   86   42   12   56   86                       -0.00231225259461887442                                                    
op     15   22   59   66   22   15   59   66                       -0.00775266144950157061                                                    
mvp2   15   35   59   70   35   15   59   70                       -0.00375561910857548321   -0.00790617088031537844                          
op     15   41   62   85   41   15   62   85                        0.00502525092752160139                                                    
om     15   41   54   85   41   15   54   85                        0.00682935939599319409                                                    
a_ia   59   62                                                     -0.32157720046736693043                                                    
op     15   41   57   85   41   15   57   85                        0.00539320246652135685                                                    
om     13   41   57   85   41   13   57   85                       -0.00433315532560294217                                                    
op     13   23   57   67   23   13   57   67                       -0.00627641514739944728                                                    
om     13   41   59   85   41   13   59   85                        0.00763150716046448723                                                    
op     13   41   54   85   41   13   54   85                       -0.00255591015397612677                                                    
a_ia   54   59                                                      0.18047307216926788964                                                    
om     15   41   59   85   41   15   59   85                       -0.01371586023615711802                                                    
om     15   41   59   67   41   15   59   67                       -0.00717392147963463560                                                    
op     15   23   59   85   23   15   59   85                       -0.00679409054469793956                                                    
op     18   41   59   85   41   18   59   85                        0.00185581376398060599                                                    
a_ia   15   23                                                     -0.00180011416154162752                                                    
om     18   41   57   85   41   18   57   85                       -0.00103246740205658856                                                    
om     15   23   54   85   23   15   54   85                        0.00384955200951160592                                                    
om     13   41   59   67   41   13   59   67                        0.00397310363938880619                                                    
op     13   23   59   85   23   13   59   85                        0.00439399771224273199                                                    
om     15   25   54   67   25   15   54   67                       -0.00682822679069140705                                                    
a_ia   15   25                                                      0.00155168782516724676                                                    
op      6   30   50   74   30    6   50   74                       -0.00446717002418625404                                                    
op     18   41   54   85   41   18   54   85                       -0.00101163117243111824                                                    
a_ia   57   59                                                      0.08688388872757790704                                                    
op     13   23   54   67   23   13   54   67                       -0.00573855064343909912                                                    
op      6   41   59   85   41    6   59   85                       -0.00407614768374592231                                                    
op      9   30   53   74   30    9   53   74                       -0.00470537274651664818                                                    
a_ia    9   30                                                     -0.00090524063712282431                                                    
om     15   41   50   85   41   15   50   85                       -0.00331341647444844669                                                    
a_ia   50   59                                                     -0.07631461490076221765                                                    
a_ia   15   18                                                     -0.26740861319391678874                                                    
op      6   41   50   85   41    6   50   85                       -0.00195239800125944734                                                    
op      5   41   59   85   41    5   59   85                       -0.00475643440399803590                                                    
op      5   41   50   85   41    5   50   85                       -0.00266606688742362973                                                    
op      4   41   59   85   41    4   59   85                       -0.00455809976762585646                                                    
om     14   41   59   85   41   14   59   85                        0.00317444592054268518                                                    
mvp2    3   41   59   85   41    3   59   85                        0.00578771734343291964    0.20805812653126934397                          
op      1   27   45   71   27    1   45   71                       -0.00537510267606470821                                                    
a_ia   45   71                                                     -0.00115054626086802891                                                    
a_ia    1   27                                                     -0.00113727639841264836                                                    
om      1   27   44   71   27    1   44   71                       -0.00452686700013732370                                                    
a_ia   44   71                                                     -0.00112311218931430913                                                    
a_ia   15   18                                                     -0.05447243368566873079                                                    
op      0   27   44   71   27    0   44   71                       -0.00430839775400756152                                                    
a_ia    0   27                                                     -0.00114003181831003487                                                    
om      0   27   45   71   27    0   45   71                       -0.00453056076317416481                                                    
mvp2    1   41   59   85   41    1   59   85                       -0.00260501912240631043   -0.12575630610646754137                          
om      3   41   49   85   41    3   49   85                        0.00345401432743814782                                                    
om      9   30   59   74   30    9   59   74                       -0.00367594981660698990                                                    
a_ia   75   79                                                      0.09012754282450652354                                                    
om     15   41   49   85   41   15   49   85                       -0.00431962847668640546                                                    
op      4   41   49   85   41    4   49   85                       -0.00279016878468415228                                                    
op      4   41   50   85   41    4   50   85                       -0.00256067038148321147                                                    
om      3   41   50   85   41    3   50   85                        0.00314845599236350526                                                    
a_ia   58   59                                                      0.10822263032843515429                                                    
op      5   41   49   85   41    5   49   85                       -0.00286522927003704866                                                    
mvp2   15   41   48   85   41   15   48   85                       -0.00401469571264376299    0.12986349246816572545                          
mvp2   15   41   47   85   41   15   47   85                        0.00418136809977656763   -0.25750000996202687675                          
om      3   41   48   85   41    3   48   85                        0.00320946197138121357                                                    
op      3   41   47   85   41    3   47   85                       -0.00365966938848250782                                                    
op      5   41   48   85   41    5   48   85                       -0.00281364651593352458                                                    
mvp2    5   41   47   85   41    5   47   85                        0.00310463091409919970    1.18099917160463818711                          
a_ia    3   15                                                     -0.09673656405347190457                                                    
op      4   41   47   85   41    4   47   85                        0.00289100236781827859                                                    
op      4   41   48   85   41    4   48   85                       -0.00261612139131634121                                                    
om      1   41   47   85   41    1   47   85                        0.00167315465230918675                                                    
om     12   39   60   83   39   12   60   83                       -0.00735121051856104865                                                    
op     12   40   60   83   40   12   60   83                       -0.00535949917804467123                                                    
op     12   39   60   84   39   12   60   84                       -0.00533302269558596793                                                    
om     12   40   60   84   40   12   60   84                       -0.00534766009306511698                                                    
om     12   35   60   79   35   12   60   79                       -0.00641660094826264089                                                    
a_ia   70   79                                                     -0.32153474765613193620                                                    
op     16   26   60   79   26   16   60   79                       -0.00749312658706750932                                                    
mvp2   10   36   61   78   36   10   61   78                        0.00368724591483980159    0.42381913696727729901                          
a_ia   10   29                                                      0.00051582481307427784                                                    
a_ia   10   36                                                     -0.00206429113507855836                                                    
om     13   39   61   83   39   13   61   83                       -0.00547865830870169178                                                    
op     13   39   61   84   39   13   61   84                        0.00362273680431576990                                                    
om     13   40   61   84   40   13   61   84                       -0.00456345914948466744                                                    
op     13   40   61   83   40   13   61   83                        0.00336425130547890775                                                    
op     13   40   57   84   40   13   57   84                       -0.00514978824834903554                                                    
om     13   39   57   83   39   13   57   83                       -0.00399811992435897354                                                    
op     13   39   57   84   39   13   57   84                        0.00288917131710903982                                                    
om     13   40   57   83   40   13   57   83                        0.00305764246194079829                                                    
op     10   38   60   82   38   10   60   82                        0.00278395776611648892                                                    
om     12   39   57   83   39   12   57   83                        0.00275827164635276002                                                    
mvp2   10   36   60   78   36   10   60   78                       -0.00447436579060404762   -0.27237043253915887986                          
mvp2   16   26   60   82   26   16   60   82                        0.00452184686439688344   -0.30546824470707784061                          
mvp2   16   26   60   73   26   16   60   73                        0.00353820426785923705   -0.29728198571804992367                          
op     13   22   57   66   22   13   57   66                       -0.00486860367797200752                                                    
om     10   33   56   77   33   10   56   77                       -0.00366894055109967445                                                    
a_ia   10   33                                                      0.00093692126337815453                                                    
mvp2   16   36   60   78   36   16   60   78                        0.00603988958924638140    0.55286065936533335119                          
a_ia   16   36                                                      0.00103385304610722280                                                    
mvp2   12   34   60   78   34   12   60   78                        0.00452782319129265039    0.22009861434107902411                          
mvp2   12   34   56   78   34   12   56   78                       -0.00308153617071230471    0.35404414216002888516                          
a_ia   29   36                                                     -0.45666700089165646048                                                    
op     16   35   56   79   35   16   56   79                       -0.00487752841812721244                                                    
a_ia   26   35                                                     -0.41268604112209028578                                                    
a_ia   56   79                                                     -0.00021674582634170390                                                    
a_ia   61   73                                                      0.00032693883544896102                                                    
a_ia   16   26                                                      0.00254672797432328431                                                    
a_ia   73   79                                                      0.22710208922442440271                                                    
a_ia   34   36                                                      0.13180074618931064689                                                    
op      9   31   53   75   31    9   53   75                       -0.00924825727437656418                                                    
a_ia   53   75                                                     -0.00083875584327343432                                                    
a_ia    9   31                                                     -0.00081779536458457375                                                    
op     13   22   61   66   22   13   61   66                       -0.00509992961111490912                                                    
a_ia   57   61                                                     -0.06174277989276701767                                                    
om      9   25   53   69   25    9   53   69                       -0.00576906086388451460                                                    
op      9   40   57   84   40    9   57   84                       -0.00371640699882987841                                                    
op      9   40   61   84   40    9   61   84                       -0.00270230919282312505                                                    
om      9   39   61   83   39    9   61   83                       -0.00349146353605828911                                                    
op      9   39   57   83   39    9   57   83                       -0.00345594209936765607                                                    
op      9   40   57   83   40    9   57   83                        0.00266440609135497244                                                    
mvp2    9   34   60   78   34    9   60   78                       -0.00557546712781132724   -0.71769815476349374528                          
mvp2    9   34   61   78   34    9   61   78                        0.00607881873817516741    0.10953581846486423745                          
om      9   34   56   78   34    9   56   78                        0.00299316355516610847                                                    
a_ia    9   35                                                     -0.00119446694346064960                                                    
a_ia   12   29                                                     -0.00097071813273055319                                                    
mvp2   16   35   60   78   35   16   60   78                       -0.00372010378114350860   -0.07803994848448313204                          
mvp2   16   34   60   79   34   16   60   79                       -0.00464833533126147481    0.04188688093733694551                          
a_ia   56   61                                                     -0.10095471820220713877                                                    
mvp2   16   36   61   78   36   16   61   78                       -0.00431579232988174230    0.04548594274328737752                          
op     13   39   56   83   39   13   56   83                        0.00320086351219213373                                                    
