op     27   28   83   84   28   27   83   84                       -0.04451311144147519772                                                    
op     24   29   80   85   29   24   80   85                       -0.07136369269327569320                                                    
op     23   28   79   84   28   23   79   84                       -0.04052791029692477676                                                    
op     26   32   82   88   32   26   82   88                       -0.04259107250990402244                                                    
op     24   32   82   88   32   24   82   88                       -0.01744667159749494628                                                    
op     25   28   81   84   28   25   81   84                       -0.02042748706684069382                                                    
op     24   29   80   86   29   24   80   86                        0.01935201654256573506                                                    
op     24   32   80   88   32   24   80   88                       -0.00764297170887265256                                                    
op     23   28   81   84   28   23   81   84                        0.01530064542699162249                                                    
op     26   32   80   88   32   26   80   88                       -0.00693963168209716253                                                    
a_ia   26   32                                                     -0.00024953274198124111                                                    
op     24   30   80   86   30   24   80   86                       -0.01092989736908508286                                                    
op     24   30   80   85   30   24   80   85                        0.02044024073436187874                                                    
op     23   28   74   84   28   23   74   84                       -0.01696444895506602976                                                    
op     18   28   74   84   28   18   74   84                       -0.01271211013924169672                                                    
op     18   28   79   84   28   18   79   84                       -0.01633274056249143721                                                    
a_ia   18   28                                                      0.00236100543693745432                                                    
om     26   32   81   88   32   26   81   88                        0.00485029527603151808                                                    
op     24   37   80   93   37   24   80   93                       -0.02560972689759630910                                                    
op     24   37   83   93   37   24   83   93                        0.02717038871556089544                                                    
mvp2   24   37   80   85   37   24   80   85                       -0.02409214011953256587    0.50050314574647825072                          
om     24   29   80   93   29   24   80   93                       -0.02656431638081150487                                                    
op     24   33   80   89   33   24   80   89                       -0.00481197127701447989                                                    
op     24   38   80   94   38   24   80   94                       -0.01055983530849491370                                                    
mvp2   24   37   80   94   37   24   80   94                        0.01228635962545066192   -0.89379206205102945670                          
mvp2   24   38   80   93   38   24   80   93                        0.02423368556313604261    0.28861454153916132892                          
mvp2   24   29   80   94   29   24   80   94                        0.01601554112865796395    0.34935658338615793728                          
op     24   36   80   92   36   24   80   92                       -0.00517896948505831844                                                    
op     26   37   82   93   37   26   82   93                       -0.01583127730389719337                                                    
op     24   38   80   85   38   24   80   85                        0.01708321680163627995                                                    
op     10   32   66   88   32   10   66   88                       -0.02106993540588132652                                                    
a_ia   66   88                                                     -0.00379809742453672506                                                    
a_ia   10   32                                                     -0.00382992660479635795                                                    
om     26   37   81   93   37   26   81   93                       -0.00083894975436788789                                                    
mvp2   27   37   83   93   37   27   83   93                       -0.01395810635751139860   -0.52805800638666844371                          
a_ia   26   27                                                      0.10697368300728997415                                                    
mvp2   26   37   83   93   37   26   83   93                       -0.02178036893171834271   -0.82803805587477541383                          
op     23   28   77   84   28   23   77   84                       -0.00702386146024815920                                                    
mvp2   26   37   80   93   37   26   80   93                        0.02743616569883119624    0.51989799641348988235                          
op     25   28   79   84   28   25   79   84                        0.01307420911811161927                                                    
op     22   35   78   91   35   22   78   91                       -0.01799866429961755748                                                    
a_ia   22   35                                                      0.00457725263899256326                                                    
a_ia   78   91                                                      0.00561470508364509194                                                    
op     22   31   78   87   31   22   78   87                       -0.00785411510485937991                                                    
op     22   36   78   92   36   22   78   92                       -0.01410427595434710947                                                    
a_ia   22   33                                                     -0.00235596541331409455                                                    
a_ia   22   36                                                     -0.00286483596817642579                                                    
a_ia   78   92                                                     -0.00565273792434147198                                                    
a_ia   78   89                                                     -0.00283939081620871499                                                    
op     22   34   78   90   34   22   78   90                       -0.01120146694172434627                                                    
a_ia   22   34                                                      0.00258124969643630129                                                    
op     22   44   78  100   44   22   78  100                       -0.01034409864352090098                                                    
a_ia   22   44                                                      0.00299274502119813851                                                    
a_ia   78  100                                                      0.00323245110050010770                                                    
op     22   45   78  100   45   22   78  100                       -0.00853311406472053759                                                    
op     22   42   78   98   42   22   78   98                       -0.00493755081527916424                                                    
a_ia   22   45                                                      0.00096708131567396175                                                    
om     22   45   78  101   45   22   78  101                       -0.00614443609707253195                                                    
a_ia   78  101                                                      0.00123354712016210985                                                    
om     22   44   78  101   44   22   78  101                       -0.00739135763031150469                                                    
op     26   28   27   37   26   27   37   28                       -0.01022610450739660885                                                    
a_ia   27   28                                                     -0.00312297155838433399                                                    
mvp2   27   28   82   93   28   27   82   93                        0.00936326900132844996   -0.29128219465571258961                          
a_ia   24   29                                                     -0.00335316842767861834                                                    
mvp2   27   28   80   93   28   27   80   93                       -0.03592054555703054486   -0.08293806087994623488                          
a_ia   80   93                                                     -0.00578211648540684527                                                    
a_ia   29   39                                                     -0.07951396846389305328                                                    
mvp2   25   37   82   93   37   25   82   93                       -0.00789049755153678825   -0.34396195712765625929                          
a_ia   28   37                                                     -0.11443979349416537328                                                    
mvp2   27   37   80   93   37   27   80   93                        0.01323240118814267459    0.19970313426238511800                          
a_ia   81   93                                                     -0.00358707856303685157                                                    
a_ia   81   82                                                     -0.24229508156223580895                                                    
op     22   42   78  101   42   22   78  101                       -0.00371565576106529976                                                    
op     22   41   78   97   41   22   78   97                       -0.00344812264769204981                                                    
op     22   46   78  102   46   22   78  102                       -0.00356600855555756942                                                    
op     22   47   78  103   47   22   78  103                       -0.00381603697414732192                                                    
a_ia   78  103                                                      0.00107029020448086453                                                    
a_ia   22   47                                                      0.00089370998706243224                                                    
op     22   49   78  105   49   22   78  105                       -0.00426905298798966899                                                    
op     22   48   78  104   48   22   78  104                       -0.00308271195300302819                                                    
op     22   52   78  108   52   22   78  108                       -0.00292923796265496172                                                    
op     22   53   78  109   53   22   78  109                       -0.00287933767180507776                                                    
mvp2   27   37   81   93   37   27   81   93                       -0.00325713780894322773    0.35124738264898641704                          
a_ia   27   37                                                     -0.00322994143471120763                                                    
a_ia   81   93                                                      0.00323912516347536197                                                    
mvp2   25   37   80   93   37   25   80   93                        0.01122418911507467795    0.15859279658366234877                          
op     25   37   83   93   37   25   83   93                       -0.00879296866870380410                                                    
mvp2   25   37   81   93   37   25   81   93                       -0.00066435843002892673    0.16256899756243353705                          
om     20   29   80   85   29   20   80   85                       -0.00383047620274748609                                                    
a_ia   26   29                                                     -0.00253487687104494378                                                    
a_ia   80   85                                                     -0.00184659160826309795                                                    
a_ia   20   35                                                      0.00280257250841251275                                                    
mvp2   27   28   80   85   28   27   80   85                       -0.01563649711903924988   -0.09119628787017436400                          
op     26   29   82   85   29   26   82   85                       -0.01570321412709726680                                                    
a_ia   82   85                                                      0.00258358545688120236                                                    
a_ia   80   82                                                     -0.00702777846224381629                                                    
om     26   39   82   95   39   26   82   95                       -0.01163279927127708335                                                    
a_ia   20   29                                                     -0.00052133284078428378                                                    
op     26   40   82   95   40   26   82   95                        0.00658985508723664796                                                    
om     24   29   76   85   29   24   76   85                       -0.00674194225828491853                                                    
a_ia   76   80                                                     -0.27048653870533551080                                                    
a_ia   20   24                                                     -0.35977699194106788072                                                    
a_ia   24   29                                                      0.00298393423923585524                                                    
om     20   35   76   91   35   20   76   91                       -0.01036157690443321663                                                    
a_ia   76   91                                                      0.00302699904449715016                                                    
mvp3   24   28   27   37   24   27   37   28   24   27   28   37    0.00564223193837162448    0.09889697087914527118   -0.07200438564423361498
op     10   30   66   88   30   10   66   88                        0.00139456288467741359                                                    
a_ia   79   86                                                      0.00152374714470233257                                                    
a_ia   10   30                                                      0.00106182606672178183                                                    
mvp2   26   37   82   95   37   26   82   95                       -0.01336987550475354954    0.47660214326264044304                          
a_ia   82   95                                                      0.00100620754930068551                                                    
a_ia   26   37                                                     -0.00018217686611221421                                                    
mvp2   27   28   83   93   28   27   83   93                        0.00871507313720614948    0.33724866475944043076                          
mvp3   24   37   26   39   24   26   39   37   24   26   37   39    0.01167499665629581976   -0.36770874288717469991   -0.20729776015085954466
a_ia   24   37                                                      0.00083911589100213197                                                    
mvp2   24   37   82   95   37   24   82   95                        0.01193412602795156964   -0.08786579025267662879                          
mvp3   26   37   27   39   26   27   39   37   26   27   37   39    0.00873569378470278289   -0.38667581635067399537   -0.23650420059858792698
mvp3   26   37   27   40   26   27   40   37   26   27   37   40   -0.00834662956361765726    0.42935213287743839716    0.29738875882360382708
a_ia   37   40                                                     -0.22128171226321310949                                                    
mvp2   80   84   83   85   80   83   84   85                        0.01346920609172748244    0.09260515844470140756                          
a_ia   83   84                                                     -0.00943545949347940338                                                    
a_ia   28   29                                                     -0.10497688348980008244                                                    
a_ia   84   93                                                     -0.03406334548446932065                                                    
mvp3   80   84   83   93   80   83   93   84   80   83   84   93    0.01929699384371965504    0.11340480353915097234    0.41806430332259941762
om     27   37   82   95   37   27   82   95                       -0.00988380339236477959                                                    
a_ia   84   85                                                     -0.10744491769616965060                                                    
a_ia   80   84                                                      0.00185152612068000596                                                    
op     17   32   73   88   32   17   73   88                       -0.00192757222091813341                                                    
op     26   39   82   93   39   26   82   93                       -0.00732071401789529536                                                    
a_ia   76   95                                                     -0.00122664873618757650                                                    
mvp2   24   37   82   93   37   24   82   93                        0.00958854783856765563   -0.15134592899964929846                          
a_ia   24   27                                                      0.03415011399451110125                                                    
mvp3   24   37   27   40   24   27   40   37   24   27   37   40    0.00615525254262042770   -0.15412178265893486384   -0.04762385596646377672
op     22   51   78  107   51   22   78  107                       -0.00196693921061789640                                                    
mvp3   80   93   82   94   80   82   94   93   80   82   93   94    0.00814868376273968943   -0.45293466380330915655   -0.11093942746823684531
a_ia   80   82                                                     -0.19168481919970770111                                                    
mvp2   24   37   80   95   37   24   80   95                        0.00563055517337247846   -0.07384502734751616226                          
mvp2   24   39   80   95   39   24   80   95                       -0.00426442136808647537    0.14655009323997281179                          
mvp2   26   28   82   84   28   26   82   84                       -0.00975836711268568066    0.07691774469296240591                          
a_ia   93   94                                                      0.07547141149190760012                                                    
a_ia   81   85                                                      0.00133582175633379860                                                    
a_ia   81   83                                                     -0.12746140359933155750                                                    
op     22   55   78  111   55   22   78  111                       -0.00158988356323502052                                                    
om     10   32   66   86   32   10   66   86                        0.00697933439007822776                                                    
a_ia   66   86                                                      0.00169823081813036251                                                    
op     10   30   66   86   30   10   66   86                       -0.00182290482627408645                                                    
op     17   30   73   86   30   17   73   86                       -0.00574363091546756417                                                    
a_ia   30   32                                                      0.22836093502092932872                                                    
op     14   30   70   86   30   14   70   86                       -0.00744750464797071070                                                    
om     10   32   64   88   32   10   64   88                        0.00720744742774766245                                                    
op      8   32   64   88   32    8   64   88                       -0.00580350591858033726                                                    
op     15   32   71   88   32   15   71   88                       -0.00281132324806971550                                                    
op      8   32   66   88   32    8   66   88                        0.00728387569811915752                                                    
op      8   30   64   86   30    8   64   86                       -0.00619413886821119399                                                    
a_ia    8   30                                                      0.00096416392336173080                                                    
a_ia   64   86                                                      0.00119788860667928453                                                    
om      0   32   66   88   32    0   66   88                        0.00702502647006250126                                                    
op     13   30   69   86   30   13   69   86                       -0.00456030704265467796                                                    
a_ia   69   86                                                      0.00132562649585851299                                                    
op      6   32   62   88   32    6   62   88                       -0.00399314732303942838                                                    
a_ia   62   88                                                      0.00098838352535785012                                                    
op     11   32   66   88   32   11   66   88                        0.00408784114087914346                                                    
op     10   32   56   88   32   10   56   88                        0.00700525261749876480                                                    
om      0   32   56   88   32    0   56   88                       -0.00531158588497401222                                                    
a_ia    0   32                                                      0.00067181761538773178                                                    
mvp2   24   42   80   85   42   24   80   85                       -0.01036552640455459633   -0.07930277334036302250                          
op     18   28   81   84   28   18   81   84                        0.00888829806418445570                                                    
om     21   28   79   84   28   21   79   84                       -0.00826935902186632169                                                    
a_ia   21   28                                                      0.00053192817401141181                                                    
a_ia   79   83                                                      0.08141000584151698860                                                    
mvp2   23   28   83   84   28   23   83   84                        0.01720493894790035491    0.04431507749096573467                          
a_ia   21   29                                                     -0.00062430923013960245                                                    
a_ia   21   35                                                      0.00196028434797467172                                                    
a_ia   20   21                                                      0.35469828840090211752                                                    
a_ia   20   35                                                      0.00066963558886494164                                                    
a_ia   77   83                                                      0.16663175746651523457                                                    
om     25   28   74   84   28   25   74   84                        0.00841466612084835509                                                    
a_ia   74   84                                                      0.00192477157005213964                                                    
om     21   35   77   91   35   21   77   91                       -0.00768098069942552142                                                    
a_ia   77   91                                                      0.00237035210171544081                                                    
a_ia   77   93                                                     -0.00039744033623221372                                                    
op     17   35   73   91   35   17   73   91                       -0.00866039315030166582                                                    
a_ia   17   35                                                      0.00213274695097643565                                                    
a_ia   73   91                                                      0.00241124783350451285                                                    
om     21   33   77   89   33   21   77   89                       -0.01075179263113485925                                                    
a_ia   25   28                                                     -0.00830023397292568334                                                    
a_ia   56   88                                                      0.00069233137197166465                                                    
a_ia   23   28                                                      0.00536518735530732305                                                    
a_ia   77   80                                                     -0.14488654927480204559                                                    
a_ia   22   55                                                     -0.00039093862410152064                                                    
op     19   28   75   84   28   19   75   84                       -0.00411397332356675492                                                    
om     21   44   77  100   44   21   77  100                       -0.00613432081652940178                                                    
a_ia   77  100                                                      0.00136127209506949564                                                    
a_ia   21   27                                                      0.19260210584939319034                                                    
a_ia   76  100                                                      0.00141051576354699363                                                    
a_ia   21   44                                                      0.00068487588097158100                                                    
op     21   44   76  100   44   21   76  100                       -0.00426906654079426892                                                    
a_ia   27   37                                                      0.00221509840900480873                                                    
om     21   34   77   90   34   21   77   90                       -0.00787412061000464757                                                    
a_ia   21   34                                                      0.00209888291628410138                                                    
a_ia   77   90                                                      0.00195412599416547837                                                    
op     21   31   77   87   31   21   77   87                       -0.00344382899534209945                                                    
op     21   45   77  101   45   21   77  101                       -0.00390702441924937159                                                    
op     21   41   77   97   41   21   77   97                       -0.00379347213413168058                                                    
om     21   36   77   92   36   21   77   92                       -0.00428569289216156665                                                    
a_ia   77   92                                                      0.00091194821064245583                                                    
a_ia   21   36                                                      0.00078116837501751081                                                    
op     17   52   73  108   52   17   73  108                       -0.01355590789451849819                                                    
a_ia   17   34                                                      0.00170182272756751185                                                    
op     17   31   73   87   31   17   73   87                       -0.01383187491925586682                                                    
om     17   31   73  108   31   17   73  108                       -0.00747595369977342369                                                    
op     17   52   76  108   52   17   76  108                        0.00385925411541471067                                                    
a_ia   73  100                                                      0.00116201479880460347                                                    
om     17   52   73   87   52   17   73   87                       -0.00751368590519010775                                                    
a_ia   27   34                                                      0.00179876089927057223                                                    
om     17   33   73   89   33   17   73   89                       -0.00949629952302454700                                                    
op     17   44   73  100   44   17   73  100                       -0.00453289041006449053                                                    
a_ia   17   44                                                      0.00080312536308268265                                                    
a_ia   18   35                                                      0.00134346675922008608                                                    
op     17   52   80  108   52   17   80  108                        0.00484528563887463067                                                    
a_ia   73   80                                                     -0.12797102513241845334                                                    
a_ia   76   90                                                      0.00178819693851178991                                                    
om     24   52   73  108   52   24   73  108                        0.00414911882074852321                                                    
om     24   52   80  108   52   24   80  108                       -0.00325125175946892365                                                    
a_ia   24   52                                                     -0.00034034841681226225                                                    
op      8   52   73  108   52    8   73  108                       -0.00665444905818275961                                                    
op     20   52   73  108   52   20   73  108                        0.00168441420027161132                                                    
a_ia    8   29                                                     -0.00273808003654005044                                                    
a_ia    8   20                                                     -0.25880093619580252229                                                    
a_ia   17   24                                                     -0.12036096905351774400                                                    
a_ia   24   44                                                     -0.00089298022136287945                                                    
om     17   52   64  108   52   17   64  108                       -0.00827906386620405436                                                    
a_ia   64   94                                                      0.00154198694651365344                                                    
op      8   52   64  108   52    8   64  108                       -0.00477750237887931972                                                    
a_ia   64   93                                                     -0.00158247390260321140                                                    
om      8   29   64   85   29    8   64   85                       -0.00690405517325311680                                                    
a_ia   64   85                                                     -0.00355943737821678161                                                    
a_ia   81   82                                                     -0.17831225330473393642                                                    
om      8   35   64   91   35    8   64   91                       -0.00586341578529483293                                                    
a_ia   79   83                                                      0.08462175877870228846                                                    
op     17   52   82  108   52   17   82  108                        0.00424177402048791022                                                    
a_ia   17   29                                                     -0.00178045628844158499                                                    
a_ia   82   93                                                      0.00109209052033496954                                                    
om      8   52   82  108   52    8   82  108                        0.00197316629049699510                                                    
a_ia   20   39                                                     -0.00112551023945717255                                                    
a_ia   20   40                                                     -0.00069839201579264328                                                    
a_ia   73   85                                                     -0.00092393967721031401                                                    
op     17   52   69  108   52   17   69  108                        0.00510477160988881060                                                    
om      8   52   69  108   52    8   69  108                        0.00245125672993229448                                                    
a_ia   13   30                                                      0.00137891479942438061                                                    
a_ia   69  108                                                     -0.00041727915337089693                                                    
om     13   52   73  108   52   13   73  108                        0.00497570892552996920                                                    
a_ia   73  108                                                      0.00041669654526596669                                                    
om     26   52   73  108   52   26   73  108                        0.00209118628665108447                                                    
op     13   52   69  108   52   13   69  108                       -0.00263409491711071725                                                    
op     13   52   64  108   52   13   64  108                        0.00379889836980368354                                                    
a_ia   13   26                                                      0.08613663654240144574                                                    
om     17   52   81  108   52   17   81  108                        0.00139050470884968715                                                    
op     14   30   68   86   30   14   68   86                       -0.00358048529016973980                                                    
a_ia   14   30                                                     -0.00061159829912641210                                                    
op     13   36   69   92   36   13   69   92                       -0.01637338125919862372                                                    
a_ia   13   36                                                      0.00189860002343078278                                                    
a_ia   69   92                                                      0.00282370194388363582                                                    
a_ia   69   80                                                     -0.17624692846392564505                                                    
op     24   36   69   92   36   24   69   92                        0.00505205317681420556                                                    
a_ia   13   37                                                     -0.00023458313361605904                                                    
a_ia   24   36                                                     -0.00166535497633155919                                                    
a_ia   13   24                                                     -0.16462737737149532591                                                    
om     13   33   69   89   33   13   69   89                       -0.00671531545364231677                                                    
om     13   45   69  101   45   13   69  101                       -0.00608090128252174785                                                    
a_ia   13   45                                                     -0.00137580955539035737                                                    
om     13   36   69  101   36   13   69  101                        0.00791544179801397657                                                    
a_ia   69  101                                                     -0.00107857209168271337                                                    
om     13   45   69   92   45   13   69   92                        0.00594912602629101613                                                    
a_ia   80  101                                                      0.00102666185063225680                                                    
om     13   36   80  101   36   13   80  101                       -0.00441567734452608367                                                    
om     24   52   64  108   52   24   64  108                        0.00408075438961065257                                                    
a_ia   17   26                                                     -0.11886876690446583626                                                    
a_ia   73   81                                                     -0.13720065221478236483                                                    
mvp2   24   29   64   85   29   24   64   85                       -0.00833502185856014634   -0.07947402824602781135                          
a_ia    8   17                                                     -0.13123449474126402947                                                    
op     13   31   69   87   31   13   69   87                       -0.00689981056448457728                                                    
om     13   36   80   92   36   13   80   92                        0.00476146038187010272                                                    
a_ia   80   92                                                     -0.00146146088257419421                                                    
om     13   45   80   92   45   13   80   92                       -0.00333463973369506252                                                    
a_ia   73   79                                                     -0.15126475007142134444                                                    
op      3   28   59   84   28    3   59   84                       -0.01084072636370467073                                                    
op      9   28   59   84   28    9   59   84                       -0.00374321399576079327                                                    
op     22   50   78  106   50   22   78  106                       -0.00151014589288319886                                                    
mvp2   21   44   78  100   44   21   78  100                       -0.00621788745346658119   -0.64045605490829571327                          
a_ia   78  100                                                      0.00118748719144683027                                                    
a_ia   21   44                                                     -0.00083929831338857566                                                    
mvp2   13   36   78   92   36   13   78   92                        0.01141350457387999701    0.44999590869776545654                          
a_ia   78   87                                                     -0.00177286796664730215                                                    
mvp2   13   36   78  101   36   13   78  101                       -0.00750822770459916473   -0.12862583788773415683                          
a_ia   13   36                                                     -0.00102627655963292161                                                    
a_ia   78  101                                                      0.00056905840339714761                                                    
mvp2   13   36   78  100   36   13   78  100                       -0.00740540047510215415    0.08647505739807813396                          
a_ia   78   90                                                      0.00300600136966994473                                                    
a_ia   21   38                                                      0.00063411748453486992                                                    
