op     10   16   38   44   16   10   38   44                       -0.01083045110678344108                                                    
op      5   16   33   44   16    5   33   44                       -0.01067080903756435425                                                    
op      9   16   37   44   16    9   37   44                       -0.00956134808755324840                                                    
op      5   15   33   44   15    5   33   44                       -0.00542138791666672403                                                    
op      5   15   33   43   15    5   33   43                       -0.00745418551786713058                                                    
a_ia    5   15                                                     -0.00151715182258674764                                                    
op      7   16   35   44   16    7   35   44                       -0.00877295551319881399                                                    
a_ia   32   44                                                      0.00366144391475976393                                                    
a_ia    4   16                                                      0.00593458919296310089                                                    
op      4   16   32   44   16    4   32   44                       -0.01056079833855304989                                                    
op      9   15   37   43   15    9   37   43                       -0.00900270739570125864                                                    
a_ia   33   43                                                      0.00310374538480032505                                                    
op      4   19   32   47   19    4   32   47                       -0.02196592593716233111                                                    
a_ia   32   43                                                     -0.00060531313327697746                                                    
a_ia    4   15                                                     -0.00432142325356454655                                                    
op      4   15   32   43   15    4   32   43                       -0.00437569371958529841                                                    
op      4   19   32   43   19    4   32   43                       -0.01006435175750396149                                                    
op      5   25   33   53   25    5   33   53                       -0.07934148585680969590                                                    
op      5   20   33   48   20    5   33   48                       -0.01383699409736511253                                                    
op      5   21   33   49   21    5   33   49                       -0.00888654042586986895                                                    
op      5   22   33   50   22    5   33   50                       -0.00465284970477540701                                                    
op      5   26   33   53   26    5   33   53                        0.02406359635697008156                                                    
op      5   22   33   46   22    5   33   46                        0.00133095073872325294                                                    
op      5   18   33   46   18    5   33   46                       -0.00506770956521516037                                                    
op      5   26   33   54   26    5   33   54                       -0.00207274525068450524                                                    
op      5   25   33   54   25    5   33   54                        0.01633870366943700539                                                    
op      5   18   33   50   18    5   33   50                        0.00478584797070722486                                                    
op      9   15   37   47   15    9   37   47                       -0.00511265533899972219                                                    
om      4   15   32   47   15    4   32   47                       -0.00880274295725851606                                                    
op      9   19   37   47   19    9   37   47                       -0.00232939958155358243                                                    
op      9   19   37   43   19    9   37   43                       -0.00468780975765549328                                                    
mvp2    5   25   32   53   25    5   32   53                        0.00385478138394080390   -0.17412136824937624047                          
a_ia    5   20                                                      0.00199762392094085788                                                    
op      5   14   33   42   14    5   33   42                       -0.02205804768483112660                                                    
a_ia   32   42                                                     -0.00067886902483201082                                                    
op     10   17   38   45   17   10   38   45                       -0.00619830230200835684                                                    
op      7   15   35   43   15    7   35   43                       -0.00795693149958584187                                                    
op      8   16   36   44   16    8   36   44                       -0.00451268587755180705                                                    
mvp2    4   25   33   53   25    4   33   53                        0.00865100279132082102    0.45133853042677379852                          
a_ia    4   14                                                     -0.00376263338191349262                                                    
op      4   25   32   53   25    4   32   53                       -0.00125104330660578923                                                    
mvp2    5   21   32   48   21    5   32   48                        0.00747014870583886242   -0.21097322521007730312                          
a_ia   32   48                                                      0.00148041316538208138                                                    
mvp2    4   20   32   48   20    4   32   48                       -0.00155763853391325028   -0.25324424699671677086                          
om      5   25   33   42   25    5   33   42                        0.02927039853399865388                                                    
a_ia    4    5                                                      0.00748745911146688880                                                    
op      5   14   33   53   14    5   33   53                        0.00317974415852361001                                                    
mvp2    5   25   38   54   25    5   38   54                       -0.01171183110293088844    0.04994381547365766422                          
a_ia   32   54                                                      0.00307033952073569941                                                    
om      5   21   33   42   21    5   33   42                       -0.01631208318639201446                                                    
a_ia    4   21                                                     -0.00046807354729752929                                                    
op     10   16   37   43   16   10   37   43                       -0.01544108940739288491                                                    
mvp2   10   16   35   43   16   10   35   43                        0.00450507359291862572   -0.12466216410888847355                          
a_ia   10   16                                                      0.00464173093313620735                                                    
mvp2   10   16   37   47   16   10   37   47                       -0.00663044283379178329    0.06478249460642569735                          
mvp2    5   16   33   53   16    5   33   53                       -0.01362144716296164598   -0.77524981679269466817                          
om      5   16   33   54   16    5   33   54                        0.00262647591099337630                                                    
a_ia    5   16                                                     -0.00212690621209620347                                                    
mvp2    4   25   38   54   25    4   38   54                        0.00082373180130533336   -0.11374520406150301355                          
mvp2    5   15   33   53   15    5   33   53                       -0.02708047432235660690   -0.50369380796638740794                          
mvp2    5   16   33   43   16    5   33   43                       -0.00660066892618342213    0.66634538710715340848                          
om      5   25   33   43   25    5   33   43                       -0.04191802181087852380                                                    
a_ia    5   25                                                     -0.00742228234783034145                                                    
mvp2    5   25   33   44   25    5   33   44                       -0.01235021785845545270    0.17420916107568348852                          
mvp2    9   25   33   53   25    9   33   53                        0.00864703248152911934    1.32135026389602994179                          
mvp2    9   19   33   53   19    9   33   53                        0.01941246437036021899    0.32487806181161743568                          
mvp2    9   15   33   53   15    9   33   53                        0.01752778517412055190    0.53508392767431256498                          
mvp2   33   47   37   53   33   37   47   53                       -0.01732265134218293964   -0.34463463471137056882                          
mvp2   10   16   33   53   16   10   33   53                        0.02674672991080925474    0.66005837560531388508                          
mvp2    5   25   38   44   25    5   38   44                        0.04135156876796133862   -0.42262310682572146181                          
mvp2    9   15   38   44   15    9   38   44                       -0.01047279308490225470   -0.42315345753122080019                          
a_ia    5   13                                                      0.03303482857574466247                                                    
mvp2   10   16   33   44   16   10   33   44                        0.01108943530281323968   -0.18862482860044299526                          
mvp2    5   25   32   43   25    5   32   43                        0.01260034742718094125   -0.05630016794074516745                          
a_ia    5   25                                                      0.01685051597955922881                                                    
op      4   19   32   44   19    4   32   44                        0.01297684288310348329                                                    
mvp2    4   15   32   44   15    4   32   44                        0.00704603719002880671    0.62575283956203076041                          
mvp2    4   16   32   47   16    4   32   47                        0.01086452845685378227   -0.29503061087909726590                          
a_ia   32   47                                                      0.00355755538456359235                                                    
a_ia   32   33                                                      0.01305421781277445355                                                    
mvp2    5   25   32   54   25    5   32   54                        0.02265477325659324970   -0.18247064575621410598                          
mvp2    5   16   32   44   16    5   32   44                       -0.00375175245913620878   -0.02247274110998213198                          
mvp2    4   16   32   43   16    4   32   43                        0.00937981170965257634    0.72090019326140675204                          
a_ia    4    5                                                     -0.00173131339135757130                                                    
a_ia   32   43                                                     -0.00498314625933897297                                                    
mvp2    5   15   38   44   15    5   38   44                        0.00565907519837377439    0.13877520920223415657                          
mvp3   33   43   37   53   33   37   53   43   33   37   43   53   -0.01618194464997496987   -0.62824693223529137764   -0.58821288324769926970
mvp2    5   25   32   44   25    5   32   44                       -0.02582941979902503987    0.17952070324781790878                          
mvp2    5   25   35   50   25    5   35   50                        0.03997766506377149059   -0.95503423046077251524                          
a_ia   44   50                                                      0.07115069284370620362                                                    
mvp2    5   16   35   50   16    5   35   50                        0.00881812404867092677    0.16702267409048601743                          
a_ia   35   50                                                      0.02931228797680513615                                                    
mvp2    4   25   35   50   25    4   35   50                       -0.00539275287853715080   -0.04150448976267031437                          
mvp2    5   16   38   50   16    5   38   50                        0.00364905489555003484   -0.24676597868548366677                          
a_ia   38   50                                                     -0.00168217674498638797                                                    
mvp2    4   15   35   50   15    4   35   50                       -0.01792016935644632006   -0.30201737651838850285                          
mvp2    5   25   35   44   25    5   35   44                        0.02038803930141938267   -0.33323405112471221612                          
a_ia   35   44                                                      0.00230613164693122506                                                    
mvp3    5   16    7   25    5    7   25   16    5    7   16   25   -0.01554273164607002794    0.19439559570362729968   -0.82000103423316161866
a_ia    7   16                                                      0.00445881486689368983                                                    
a_ia    5    7                                                      0.69089641193194506474                                                    
a_ia   32   35                                                      0.10105567264690196172                                                    
a_ia   35   50                                                     -0.01757009765693160613                                                    
a_ia   32   50                                                      0.00464212877915147655                                                    
mvp2    7   22   35   50   22    7   35   50                       -0.01800275004275520702   -0.34165557278380787043                          
op      7   20   35   48   20    7   35   48                       -0.00652085857670830701                                                    
a_ia    7   19                                                      0.00253496270870738095                                                    
mvp2    5   22   33   44   22    5   33   44                       -0.00112890897275086995    0.01367078785265043832                          
op      7   23   35   51   23    7   35   51                       -0.01017863882414797583                                                    
op      7   27   35   55   27    7   35   55                       -0.00322372880888974677                                                    
om      7   14   35   42   14    7   35   42                       -0.01170837131330969803                                                    
op      7   27   35   51   27    7   35   51                        0.00000574477438589442                                                    
mvp2    7   23   35   50   23    7   35   50                       -0.02195802321413817954   -0.52021322205778541825                          
a_ia   45   50                                                      0.17200586072815582384                                                    
mvp2    7   23   35   48   23    7   35   48                       -0.00719514656487317637    0.12684186007608289071                          
a_ia   37   43                                                      0.00617069034240491816                                                    
mvp2    9   25   37   53   25    9   37   53                       -0.00610690276750131336   -0.23533184063921358531                          
mvp2    5   22   33   43   22    5   33   43                        0.00318576439579116698   -0.02506892929280475635                          
mvp2    5   20   33   43   20    5   33   43                        0.00669763585177670338    0.20169600109741742111                          
a_ia   20   22                                                     -0.50237114270189797693                                                    
mvp2    5   20   33   44   20    5   33   44                        0.00659234153471369762   -0.12688731351312809714                          
a_ia   10   12                                                     -0.15140373661573727770                                                    
mvp2   10   22   33   44   22   10   33   44                        0.00308619371840319467    0.00228406127779884859                          
mvp2    8   16   38   44   16    8   38   44                        0.00700136141941477830    0.47538187067500015104                          
a_ia   15   22                                                      0.37017607757495196719                                                    
op      0   25   28   53   25    0   28   53                       -0.00835692003285006327                                                    
a_ia    8    9                                                     -0.41952642947603296930                                                    
op      1   25   28   53   25    1   28   53                       -0.00000414273103558619                                                    
op      0   25   29   53   25    0   29   53                       -0.00030298794371285114                                                    
op      1   25   29   53   25    1   29   53                        0.00000044165570170038                                                    
mvp2   10   16   36   44   16   10   36   44                        0.00807425541203318602   -0.19441121265536909224                          
a_ia    8   22                                                      0.00293387640725258688                                                    
a_ia   36   47                                                      0.00075614309696204183                                                    
a_ia   28   44                                                      0.00278919437784985432                                                    
a_ia   28   47                                                     -0.00108897289640762793                                                    
a_ia   28   43                                                      0.00173209905050303011                                                    
mvp2    5   15   28   43   15    5   28   43                        0.00323575877787591953   -0.17942072088163749100                          
a_ia   36   37                                                     -0.32799754658339258517                                                    
op      4   19   28   47   19    4   28   47                       -0.00676638723035276075                                                    
a_ia    4   19                                                     -0.00005712387981492223                                                    
mvp2    4   15   28   43   15    4   28   43                       -0.00447046583994524169    0.87391033297919262779                          
mvp2    4   15   28   47   15    4   28   47                       -0.00237864771696739237    0.24703934022530604775                          
mvp2    4   19   28   43   19    4   28   43                       -0.00357537721191114469   -0.35889717596562409341                          
mvp2    5   21   35   48   21    5   35   48                       -0.00742807280398191834   -0.18716404570502717664                          
a_ia   28   54                                                      0.00020283824056916935                                                    
a_ia    4   15                                                     -0.00234665299043513567                                                    
mvp2    7   23   28   55   23    7   28   55                       -0.00072446655026805150    0.21968891678876559248                          
a_ia   28   42                                                     -0.00735489471041449530                                                    
mvp2    9   22   33   44   22    9   33   44                        0.00400241045201321990   -0.06614642990786354093                          
a_ia    9   22                                                      0.00148463919907584484                                                    
a_ia   33   36                                                      0.19526633626094858087                                                    
op      8   17   36   45   17    8   36   45                       -0.00671813514933561947                                                    
om      0   19   32   47   19    0   32   47                       -0.00092555121945312141                                                    
a_ia    0   15                                                      0.00204699536536340904                                                    
a_ia    0   19                                                     -0.00192526426172497122                                                    
mvp2    0   27   28   55   27    0   28   55                        0.00195249036884085486   -1.00380312640923019529                          
a_ia    0   21                                                      0.00012291016862224667                                                    
mvp2    0   21   35   50   21    0   35   50                       -0.01553499246199655480   -1.04763155725018508591                          
mvp2    0   14   28   42   14    0   28   42                       -0.01475367503440558684   -0.59526158125034367430                          
a_ia    0   14                                                      0.00560524602735328926                                                    
mvp2    0   21   28   49   21    0   28   49                       -0.00338723574932088068    0.67865997869829230993                          
mvp2    0   14   28   49   14    0   28   49                       -0.00241214314992928194   -1.31187823132596315112                          
a_ia   28   49                                                      0.00191882329716434809                                                    
a_ia   24   26                                                      1.23889244834929357353                                                    
a_ia    7   26                                                      0.00134220240499551956                                                    
a_ia   43   45                                                     -0.07874097355803676146                                                    
mvp2    0   21   28   42   21    0   28   42                       -0.01187097159195708677    0.98298665083200520431                          
a_ia    0   21                                                     -0.00598237312477206858                                                    
a_ia   42   49                                                      0.41319977718496758712                                                    
a_ia   28   42                                                      0.00479311865070354125                                                    
a_ia   14   23                                                     -0.49684660507998285039                                                    
a_ia   50   55                                                     -0.20000211803569892255                                                    
a_ia    0   14                                                      0.00147254187032862575                                                    
op      0   27   28   42   27    0   28   42                       -0.00409742587254559396                                                    
a_ia   28   55                                                     -0.00155660417502198004                                                    
mvp2    0   14   28   55   14    0   28   55                       -0.00254637596514061719    0.42078169194604542191                          
mvp2    5   14   28   42   14    5   28   42                       -0.00704051192830002035   -0.39022662570288058070                          
mvp2    5   14   28   49   14    5   28   49                       -0.00408092156839027446   -0.08817155982991153884                          
mvp2    0   27   28   49   27    0   28   49                       -0.00344633702804231484   -0.18437673372477003664                          
a_ia    5   21                                                     -0.00044481947296144751                                                    
a_ia    7   24                                                     -0.00053927881139218632                                                    
mvp2    5   21   28   49   21    5   28   49                       -0.00293091978225667495   -0.15498516216925575795                          
mvp2    5   26   28   55   26    5   28   55                       -0.00282017113350707671   -0.23166037310883758060                          
a_ia    5   26                                                     -0.00236122580977815230                                                    
a_ia    0   26                                                      0.00238739847124301184                                                    
mvp2    5   26   28   49   26    5   28   49                       -0.00199419845028824417   -0.12925298755988001709                          
mvp2    0   26   28   54   26    0   28   54                       -0.00549425191245169788    0.31940879304759284274                          
a_ia   10   22                                                      0.00584007378688435053                                                    
a_ia    9   10                                                     -0.02113455581174065664                                                    
a_ia   37   44                                                     -0.00223330606131755174                                                    
mvp2    4   20   35   48   20    4   35   48                        0.00010817263173710667    0.12086431700984442972                          
mvp2    4   21   35   48   21    4   35   48                        0.00323054293401464718   -0.09008427117106822257                          
a_ia   32   36                                                      0.22179977380691584532                                                    
mvp2    8   19   32   47   19    8   32   47                       -0.00525931146597038816    0.33600836631231917329                          
a_ia    8   19                                                      0.00171379992537860166                                                    
a_ia   32   38                                                      0.01087602184941206460                                                    
a_ia   33   37                                                      0.17553663801023838831                                                    
mvp2    0   15   28   43   15    0   28   43                       -0.00581230961298313722   -0.21357782959874810347                          
a_ia   28   43                                                     -0.00295080694594389206                                                    
a_ia    0   15                                                     -0.00346128543907025773                                                    
mvp2    0   20   28   48   20    0   28   48                       -0.00471041686018054337   -0.72814494739019930414                          
a_ia    0    4                                                     -0.39128196278191462731                                                    
mvp2    5   15   35   43   15    5   35   43                       -0.00417549809698207312    0.10173976854559987903                          
mvp2    5   15   35   50   15    5   35   50                        0.00453641223908962405    0.46850423702385168845                          
mvp2    0   21   35   48   21    0   35   48                       -0.00552483094515562184    0.42478003675644238069                          
a_ia    5   15                                                     -0.01851920832239968909                                                    
a_ia   43   50                                                      0.30582753546510760279                                                    
a_ia   23   27                                                     -0.33318163268914879893                                                    
mvp2   10   26   33   53   26   10   33   53                       -0.00571344400992865060   -0.24515022720119622468                          
a_ia   10   26                                                      0.00218972106587743930                                                    
mvp2   10   22   33   53   22   10   33   53                        0.00251518970124739796    0.06996693426110106584                          
mvp2   10   26   32   53   26   10   32   53                        0.00093850702974605370   -0.19268364402273138736                          
mvp2    8   26   33   53   26    8   33   53                        0.00415471188284592414    0.14263186031196770087                          
a_ia    8   26                                                     -0.00058747156373406388                                                    
a_ia   10   22                                                     -0.00679733971560437644                                                    
a_ia   10   16                                                     -0.00379905068944796139                                                    
a_ia   16   22                                                      0.24356450293171558186                                                    
a_ia    5   15                                                      0.01680911142939497602                                                    
a_ia   16   26                                                     -0.39381911171887634682                                                    
a_ia    4   26                                                      0.00473615313917249807                                                    
mvp2    1   21   33   53   21    1   33   53                        0.00012447058595308592   -0.01031553106086666866                          
a_ia    1   21                                                      0.00032418428347023772                                                    
a_ia   16   21                                                     -0.03527912662827206725                                                    
a_ia    1   16                                                     -0.00085275119613059832                                                    
a_ia   11   25                                                     -0.00123046001821857580                                                    
mvp2    1   21   32   53   21    1   32   53                        0.00002701417974449525   -0.01431138907584735866                          
mvp2    9   22   33   53   22    9   33   53                        0.00224573378174046595    0.14978840571647161761                          
a_ia   32   53                                                      0.00087061790058272728                                                    
a_ia    0   21                                                      0.00127514224694064799                                                    
a_ia    4   21                                                     -0.00054250676457358283                                                    
a_ia   54   55                                                     -0.08669225635710915701                                                    
mvp3    8   16   10   17    8   10   17   16    8   10   16   17   -0.00744147115620382750   -0.06790089246944107371    0.14418055285500699925
a_ia   10   17                                                     -0.00067899490249673938                                                    
mvp2   10   16   36   45   16   10   36   45                        0.00604958098450294329   -0.16601212428603834281                          
a_ia   16   17                                                      0.04910092891574743823                                                    
a_ia   32   33                                                      0.39303771366622552996                                                    
mvp2    5   20   35   49   20    5   35   49                       -0.00419239308843133516   -0.37397632537190633739                          
a_ia    0   20                                                      0.00018312816854967214                                                    
a_ia   35   49                                                     -0.00008562326613766630                                                    
mvp2    5   21   35   49   21    5   35   49                       -0.00038680581680293469   -0.13978853475506466952                          
mvp2    4   20   35   49   20    4   35   49                        0.00228656028470967986   -0.05100928247922567604                          
a_ia    0   16                                                      0.00075418223411664377                                                    
mvp2    8   17   38   45   17    8   38   45                       -0.00399358669740729980    0.29990770035480807110                          
mvp2    4   21   35   49   21    4   35   49                       -0.00004774737597769498    0.22636554304562259143                          
a_ia   16   20                                                      0.06046203251385110639                                                    
mvp2   10   26   38   54   26   10   38   54                       -0.00637288849031912574    0.14825635384276306117                          
a_ia   38   54                                                      0.00168346505566153342                                                    
mvp2   10   26   33   54   26   10   33   54                        0.00567028218915386489    0.02610669809675086883                          
a_ia   33   54                                                     -0.00186411801611347286                                                    
mvp2   10   26   36   54   26   10   36   54                        0.00390658787315002060   -0.26516659034644662896                          
a_ia   28   38                                                     -0.05944018184577037900                                                    
a_ia   42   55                                                      0.17817061611817797129                                                    
mvp3   33   53   35   54   33   35   54   53   33   35   53   54   -0.00468329750671623180    0.31649315893502033559   -0.48173372714056439392
a_ia   33   35                                                      0.14969367492405058484                                                    
mvp2    4   20   33   49   20    4   33   49                        0.00285089673191534637   -0.14288928268447212422                          
om      0   20   33   49   20    0   33   49                       -0.00455464132137398722                                                    
mvp2    4   21   33   48   21    4   33   48                        0.00350575246181842638   -0.05464992759648396731                          
a_ia    1    9                                                     -0.10578239017056537130                                                    
a_ia    1   22                                                     -0.00019744103531431166                                                    
mvp2    5   21   33   48   21    5   33   48                       -0.00547117431036414203    0.01417145185119002282                          
mvp2    0   21   33   48   21    0   33   48                       -0.00461292018583366742    0.17183283697594733952                          
mvp2    0   16   28   54   16    0   28   54                        0.00544732626012472097    0.14503401559398332310                          
mvp2    5   20   33   49   20    5   33   49                       -0.00216824738000740260   -0.01427203434383088332                          
mvp2   10   16   38   54   16   10   38   54                        0.00553463766182603085   -0.21339350085763755804                          
mvp2    5   21   33   50   21    5   33   50                       -0.00446158950462022079    0.33542503791005656710                          
mvp2    5   27   33   55   27    5   33   55                       -0.00277927126279728246    0.11122947604402330657                          
a_ia   33   55                                                      0.00098922038068861851                                                    
a_ia   43   55                                                      0.13450405961753580941                                                    
a_ia   15   27                                                      0.05114312883796979375                                                    
mvp2    1   27   28   55   27    1   28   55                       -0.00544384007409595173   -0.13266515940223475023                          
a_ia    4   27                                                      0.00206977659182228536                                                    
a_ia    0    1                                                      0.56054849682255092347                                                    
a_ia    1    4                                                      0.28258745957939479521                                                    
mvp2    0   27   28   55   27    0   28   55                       -0.00968662737790629107   -0.28478990656752251054                          
mvp2    7   20   33   49   20    7   33   49                       -0.00807354793745912284   -0.17634198048575658313                          
a_ia    7   15                                                      0.00312957679243531161                                                    
op      7   21   33   48   21    7   33   48                       -0.00920737763534099606                                                    
a_ia    4    7                                                      0.45387229490823310929                                                    
a_ia    5    7                                                     -0.07012746996540797362                                                    
a_ia    7   20                                                     -0.00213234107987777177                                                    
a_ia   15   23                                                      0.54230470654731233182                                                    
a_ia   15   18                                                     -0.24748458124479288944                                                    
a_ia   17   22                                                      0.40688321062743565415                                                    
mvp2    8   26   38   54   26    8   38   54                        0.00368637463630684410   -0.09062994306639340913                          
a_ia   35   36                                                      0.16495152191398676500                                                    
mvp2    8   26   36   54   26    8   36   54                       -0.00296167639931991383    0.08295999714848659168                          
a_ia    0   10                                                     -0.12917669056649294657                                                    
a_ia   16   19                                                      0.06795092208917591359                                                    
a_ia   39   44                                                     -0.00236349797986877466                                                    
a_ia    5    7                                                     -0.18311695172813580168                                                    
a_ia   37   39                                                     -0.26756109197208521877                                                    
a_ia   35   47                                                      0.00303404074706784769                                                    
a_ia   47   53                                                      0.11734368892847395205                                                    
a_ia   32   37                                                      0.07488378663953901282                                                    
mvp2    0   27   29   55   27    0   29   55                       -0.00008661365062434175    0.11180866210748310885                          
mvp2    1   27   29   55   27    1   29   55                       -0.00033209573191148126    0.03346679578906099767                          
mvp2    0   26   29   54   26    0   29   54                        0.00006966661572546239   -0.08064293052727346256                          
a_ia   28   29                                                      0.60502059075646708042                                                    
mvp2   10   26   28   55   26   10   28   55                        0.00214858965711973385   -0.10673896003048426173                          
mvp2    5   16   33   48   16    5   33   48                        0.00580939087295554053   -0.01879969541228881935                          
