op     24   28   80   84   28   24   80   84                       -0.04513806879818442475                                                    
op     24   28   80   85   28   24   80   85                       -0.02515035446540659844                                                    
op     24   29   80   84   29   24   80   84                       -0.02573127046574943608                                                    
a_ia   80   84                                                     -0.00271082916811101263                                                    
om     24   29   80   85   29   24   80   85                       -0.01757380685677586638                                                    
op     22   31   78   87   31   22   78   87                       -0.01373086264726653370                                                    
op     22   34   78   90   34   22   78   90                       -0.01332261110620356140                                                    
op     24   31   80   87   31   24   80   87                       -0.00392065729307281615                                                    
op     19   34   75   90   34   19   75   90                       -0.01931123642392590725                                                    
op     21   34   77   90   34   21   77   90                       -0.01157486104870956468                                                    
op     19   29   75   85   29   19   75   85                       -0.00828247400370775953                                                    
op     22   34   75   90   34   22   75   90                       -0.01173768418843540960                                                    
op     19   34   78   90   34   19   78   90                       -0.01214694803226906705                                                    
op     21   29   77   85   29   21   77   85                       -0.00596032822038477638                                                    
op     22   31   80   87   31   22   80   87                        0.00572104689209243251                                                    
op     24   34   75   90   34   24   75   90                       -0.00471524767113775268                                                    
op     24   31   78   87   31   24   78   87                        0.00491556786208302652                                                    
op     19   34   77   90   34   19   77   90                        0.00624187226895772315                                                    
op     19   37   75   93   37   19   75   93                       -0.01042422012502650271                                                    
op     19   30   75   86   30   19   75   86                       -0.00859667920554506478                                                    
a_ia   19   37                                                     -0.00155491912014110657                                                    
op     19   33   75   89   33   19   75   89                       -0.01021991664905228490                                                    
op     19   40   75   96   40   19   75   96                       -0.01279777986916741037                                                    
op     19   44   75  100   44   19   75  100                       -0.01803195155083623172                                                    
op     19   42   75   98   42   19   75   98                       -0.00591003817512892552                                                    
op     19   42   75  100   42   19   75  100                        0.00428311288689685495                                                    
a_ia   19   44                                                      0.00119749683560573254                                                    
op     19   43   75   99   43   19   75   99                       -0.00248307756877760334                                                    
op     19   43   75   98   43   19   75   98                       -0.00149516423633321797                                                    
op     19   45   75  101   45   19   75  101                       -0.00317502511982372271                                                    
op     19   42   75   99   42   19   75   99                       -0.00255801990899750045                                                    
op     19   44   75  101   44   19   75  101                        0.00642211947437781872                                                    
op     22   33   78   89   33   22   78   89                       -0.00706227791372858894                                                    
op     22   40   78   96   40   22   78   96                       -0.00587064856826532890                                                    
a_ia   22   40                                                      0.00057360630919604057                                                    
op     22   38   78   94   38   22   78   94                       -0.00771894163920911272                                                    
a_ia   22   38                                                     -0.00079562649474050270                                                    
op     22   35   78   91   35   22   78   91                       -0.00709507477475834931                                                    
a_ia   22   35                                                      0.00106920496700700749                                                    
om     22   44   78  100   44   22   78  100                       -0.01064323995335622088                                                    
op     22   36   78   92   36   22   78   92                       -0.00455538708891256236                                                    
a_ia   22   36                                                     -0.00092744004930683528                                                    
om     19   44   78  100   44   19   78  100                       -0.01280396694082986536                                                    
a_ia   78   92                                                     -0.00078835650461839138                                                    
a_ia   78  100                                                      0.00100083107287040089                                                    
a_ia   75   99                                                      0.00036898489623240908                                                    
op     22   44   75  100   44   22   75  100                       -0.01141617267473329575                                                    
a_ia   75  100                                                      0.00116510400103180217                                                    
a_ia   22   44                                                      0.00097937665024096275                                                    
op     22   39   78   95   39   22   78   95                       -0.00616213479479951667                                                    
a_ia   22   39                                                     -0.00148997311795890102                                                    
op     24   33   80   89   33   24   80   89                       -0.00716637587573317435                                                    
op     21   31   77   87   31   21   77   87                       -0.00578987820909137099                                                    
op     21   33   77   89   33   21   77   89                       -0.00728272001011981505                                                    
op     22   46   78  102   46   22   78  102                       -0.00397682622563555899                                                    
op     22   43   78   99   43   22   78   99                       -0.00436144226646584688                                                    
a_ia   77   89                                                     -0.00153231498310892685                                                    
a_ia   21   33                                                     -0.00143857434485816327                                                    
om     21   37   77   93   37   21   77   93                       -0.00775826495628957353                                                    
op     21   38   77   94   38   21   77   94                       -0.00752668372506559887                                                    
a_ia   21   38                                                      0.00194053892983648418                                                    
a_ia   77   94                                                      0.00195116421951101486                                                    
op     24   37   80   93   37   24   80   93                       -0.00324999668335084792                                                    
a_ia   24   37                                                     -0.00117858143961549955                                                    
op     21   32   77   88   32   21   77   88                       -0.00657593717485901053                                                    
op     21   36   77   92   36   21   77   92                       -0.00715101453591577337                                                    
a_ia   77   92                                                     -0.00219266231742632064                                                    
a_ia   21   36                                                     -0.00224378814990290913                                                    
a_ia   75   91                                                     -0.00084759947282744049                                                    
op     21   41   77   97   41   21   77   97                       -0.00960998244771202152                                                    
op     21   46   77  102   46   21   77  102                       -0.00719493529908325248                                                    
op     22   49   78  105   49   22   78  105                       -0.00376877202349535376                                                    
op     22   50   78  106   50   22   78  106                       -0.00402508478809367794                                                    
op     22   51   78  107   51   22   78  107                       -0.00398104065231212785                                                    
op     22   52   78  108   52   22   78  108                       -0.00477168772396957454                                                    
op     22   53   78  109   53   22   78  109                       -0.00384106637001686846                                                    
op     22   53   78  108   53   22   78  108                       -0.00285269336709287596                                                    
op     22   52   78  109   52   22   78  109                       -0.00283226342486400445                                                    
op     21   49   77  105   49   21   77  105                       -0.00398398815107701195                                                    
op     19   49   75  105   49   19   75  105                       -0.00367308011725218063                                                    
op     21   45   77  101   45   21   77  101                       -0.00495628470195897536                                                    
op     21   50   77  106   50   21   77  106                       -0.00315192769465114358                                                    
op     19   50   75  106   50   19   75  106                       -0.00485962067793790659                                                    
op     19   46   75  102   46   19   75  102                       -0.00192987392011622185                                                    
op     22   48   78  104   48   22   78  104                       -0.00280956143712425901                                                    
op     21   51   77  107   51   21   77  107                       -0.00212254759897207487                                                    
op     22   47   78  103   47   22   78  103                       -0.00239672268560483419                                                    
op     12   31   68   87   31   12   68   87                       -0.01163290416715075104                                                    
a_ia   12   31                                                     -0.00130686661573598852                                                    
op     15   31   71   87   31   15   71   87                       -0.00648559754511586310                                                    
op     15   34   71   90   34   15   71   90                       -0.00648701577798408476                                                    
a_ia   15   34                                                     -0.00242429416223796960                                                    
a_ia   71   90                                                     -0.00211558468256173955                                                    
a_ia   80   89                                                     -0.00057640825649513279                                                    
op     15   33   71   89   33   15   71   89                       -0.00680436946974413443                                                    
om     15   38   71   94   38   15   71   94                       -0.01078083479198825058                                                    
a_ia   15   38                                                     -0.00303207694066462028                                                    
a_ia   71   94                                                     -0.00296055495046781969                                                    
om     15   40   71   96   40   15   71   96                       -0.00389007893869843533                                                    
a_ia   15   40                                                      0.00117170623257508333                                                    
om     15   36   71   92   36   15   71   92                       -0.01128821325620227821                                                    
a_ia   15   36                                                     -0.00197602690017996798                                                    
a_ia   71   84                                                     -0.00068997294663071280                                                    
a_ia   82   92                                                     -0.00090455442491543575                                                    
om     15   35   71   91   35   15   71   91                       -0.01020371143876801744                                                    
a_ia   15   35                                                     -0.00286689791735679706                                                    
a_ia   71   91                                                     -0.00290999687855481286                                                    
a_ia   15   32                                                     -0.00093509037307471865                                                    
a_ia   71   88                                                     -0.00096381382080899098                                                    
op     15   49   71  105   49   15   71  105                       -0.00466486211583210485                                                    
op     15   46   71  102   46   15   71  102                       -0.00324238346165921535                                                    
op     15   41   71   97   41   15   71   97                       -0.00248594234094328022                                                    
a_ia   15   39                                                     -0.00082916591298038583                                                    
om     15   39   71   95   39   15   71   95                       -0.00601080472804823782                                                    
a_ia   71   95                                                     -0.00073646912292914767                                                    
om     15   45   71  101   45   15   71  101                       -0.00606130447250015619                                                    
a_ia   71   98                                                      0.00123624881096182321                                                    
op     15   43   71   99   43   15   71   99                       -0.00676336573170455233                                                    
op     13   33   69   89   33   13   69   89                       -0.01210867140614717806                                                    
a_ia   68   89                                                      0.00145051554129440219                                                    
op     12   33   68   89   33   12   68   89                       -0.00670957010421125398                                                    
a_ia   69   89                                                      0.00137748919644382797                                                    
a_ia   13   33                                                      0.00126598098336637172                                                    
op     12   34   68   90   34   12   68   90                       -0.00579227327970852166                                                    
a_ia   12   34                                                     -0.00062214995647737431                                                    
op     13   34   69   90   34   13   69   90                       -0.00705913543708051611                                                    
op     15   51   71  107   51   15   71  107                       -0.00333719898311029585                                                    
op     21   47   77  103   47   21   77  103                       -0.00312452030359638066                                                    
op     21   48   77  104   48   21   77  104                       -0.00350164628044800355                                                    
mvp2   71   99   75  101   71   75  101   99                       -0.00556066584072972218   -0.21966619503222947762                          
a_ia   71   75                                                      0.36357344890804943471                                                    
mvp2   15   43   71  101   43   15   71  101                        0.00498058566191752431    0.57527516787791932451                          
op     19   51   75  107   51   19   75  107                       -0.00171191062612294155                                                    
op     17   33   73   89   33   17   73   89                       -0.00192332310799663486                                                    
om     12   38   68   94   38   12   68   94                       -0.00697707617342234899                                                    
a_ia   12   38                                                     -0.00112661827700833122                                                    
om     12   36   68   92   36   12   68   92                       -0.00875479954619137052                                                    
a_ia   12   36                                                     -0.00249723474411045780                                                    
a_ia   68   92                                                     -0.00250368489506520376                                                    
op     12   37   68   93   37   12   68   93                       -0.00507387269882694086                                                    
a_ia   68   93                                                      0.00121109741210331454                                                    
a_ia   12   37                                                      0.00100095384423619631                                                    
a_ia   12   24                                                      0.11443945565180513313                                                    
op     13   38   69   94   38   13   69   94                       -0.00646430449736050058                                                    
a_ia   76   94                                                      0.00120477797484939172                                                    
a_ia   20   38                                                      0.00113511413955989988                                                    
op     17   38   73   94   38   17   73   94                       -0.00465775430670048712                                                    
a_ia   17   38                                                      0.00082767176665609764                                                    
om     13   29   69   85   29   13   69   85                       -0.00891229536890326968                                                    
op     13   36   69   92   36   13   69   92                       -0.00740193957407044804                                                    
a_ia   13   36                                                     -0.00098773572624351216                                                    
a_ia   25   36                                                      0.00136918170249479879                                                    
a_ia   69   92                                                     -0.00109459315849975156                                                    
a_ia   73   90                                                     -0.00046038596429935169                                                    
a_ia   24   28                                                     -0.00245301434586152941                                                    
op     15   45   71   99   45   15   71   99                        0.00405434808220058503                                                    
op     22   55   78  111   55   22   78  111                       -0.00152002332655875629                                                    
op      8   34   64   90   34    8   64   90                       -0.00689398218076928311                                                    
op      8   31   64   87   31    8   64   87                       -0.00432899811359466202                                                    
op      8   33   64   89   33    8   64   89                       -0.00491098145367263594                                                    
op     15   42   71   98   42   15   71   98                       -0.00683122414727704418                                                    
a_ia   15   42                                                      0.00121608184361092671                                                    
a_ia   81   92                                                      0.00128999923076539096                                                    
mvp2   24   28   73   84   28   24   73   84                        0.01910428701966026405    0.15275789370776163278                          
a_ia   73   92                                                     -0.00122798588333522616                                                    
om     24   28   73   85   28   24   73   85                        0.01408958031372481434                                                    
mvp2   17   28   80   84   28   17   80   84                       -0.00282014203017375053   -0.11663425752191297624                          
a_ia   17   36                                                     -0.00146584766681175939                                                    
om     17   37   73   93   37   17   73   93                       -0.00929496436608290982                                                    
a_ia   17   24                                                      0.39979769205684440037                                                    
a_ia   17   37                                                     -0.00193456654075427207                                                    
a_ia   73   93                                                     -0.00107461811437724124                                                    
a_ia   28   36                                                     -0.08847502122142535119                                                    
om     13   28   69   84   28   13   69   84                       -0.00460283947091319305                                                    
op     17   36   73   92   36   17   73   92                       -0.00413293234155491171                                                    
om     13   28   80   84   28   13   80   84                       -0.00752846887221681350                                                    
op     15   50   71  106   50   15   71  106                       -0.00146576136387471453                                                    
op     19   42   71   98   42   19   71   98                       -0.00344244947642484726                                                    
a_ia   15   19                                                      0.27006460679041571771                                                    
op     15   47   71  103   47   15   71  103                       -0.00238100967257231372                                                    
om     15   42   75   98   42   15   75   98                       -0.00551367041998037082                                                    
op     12   49   68  105   49   12   68  105                       -0.00304009051204441952                                                    
op     12   32   68   88   32   12   68   88                       -0.00502741852753623916                                                    
om     12   39   68   95   39   12   68   95                       -0.00589805252536587579                                                    
a_ia   12   39                                                     -0.00108443164511371468                                                    
a_ia   68   91                                                      0.00110182070833285579                                                    
a_ia   68   95                                                     -0.00106277756548393636                                                    
op     12   46   68  102   46   12   68  102                       -0.00270305226208340105                                                    
op     12   51   68  107   51   12   68  107                       -0.00460081757615579592                                                    
a_ia   12   43                                                     -0.00139070830124280289                                                    
op     12   45   68  101   45   12   68  101                       -0.00456377435265561612                                                    
a_ia   68  101                                                      0.00087835959623096726                                                    
om     12   43   68   99   43   12   68   99                       -0.00498924461421007548                                                    
a_ia   68   99                                                     -0.00130325083741356876                                                    
a_ia   15   19                                                      0.09696734013040994582                                                    
op     12   41   68   97   41   12   68   97                       -0.00246762003958387070                                                    
om     12   44   68  100   44   12   68  100                       -0.00283090416808000605                                                    
om     15   43   68   98   43   15   68   98                        0.00512422038213012319                                                    
om     19   43   68   98   43   19   68   98                        0.00408134244712608351                                                    
op     12   42   68   98   42   12   68   98                       -0.00529109650555597937                                                    
a_ia   12   45                                                      0.00088095804931155174                                                    
om     12   43   75   98   43   12   75   98                        0.00459063686818663320                                                    
op     12   43   71   98   43   12   71   98                        0.00434360473355716297                                                    
mvp2   12   42   71   99   42   12   71   99                        0.00479538832607418267    0.13657983618793609337                          
op     19   42   68   99   42   19   68   99                        0.00485270383297376016                                                    
op     15   42   68   99   42   15   68   99                        0.00478556479828431362                                                    
op     12   47   68  103   47   12   68  103                       -0.00337822129071603267                                                    
op     12   50   68  106   50   12   68  106                       -0.00272173322181531660                                                    
om     12   52   68  108   52   12   68  108                       -0.00357102851954590452                                                    
op     12   48   68  104   48   12   68  104                       -0.00399207670322912489                                                    
op     12   48   75  104   48   12   75  104                       -0.00240529945159847700                                                    
op     12   53   68  109   53   12   68  109                       -0.00352416724099232585                                                    
op     12   53   78  107   53   12   78  107                       -0.00270838567189063883                                                    
om     22   53   68  107   53   22   68  107                       -0.00234801405820900732                                                    
op     21   54   77  110   54   21   77  110                       -0.00146076287581878034                                                    
op     17   49   73  105   49   17   73  105                       -0.00285226120677330120                                                    
op     13   49   69  105   49   13   69  105                       -0.00491929909948600561                                                    
om     13   37   69   93   37   13   69   93                       -0.00603210289874039646                                                    
a_ia   13   37                                                     -0.00156168631470206287                                                    
a_ia   69   93                                                     -0.00170762108039707017                                                    
op     17   49   69  105   49   17   69  105                       -0.00307181778243480934                                                    
op     13   49   73  105   49   13   73  105                       -0.00148904411377683010                                                    
a_ia   69   73                                                      0.19577601522178134097                                                    
om     17   37   69   93   37   17   69   93                       -0.00557081837865513931                                                    
mvp2   20   28   80   84   28   20   80   84                       -0.00862667838290637375   -0.07131874325129872183                          
a_ia   20   28                                                     -0.00095543082527517118                                                    
op      8   28   64   84   28    8   64   84                       -0.00693003034468592412                                                    
a_ia    8   28                                                      0.00148574901558272735                                                    
a_ia   64   84                                                      0.00166313115428374505                                                    
op     19   42   71   99   42   19   71   99                       -0.00322890944938362349                                                    
mvp2   19   44   71   97   44   19   71   97                        0.00578563182634096815   -0.27823511367258396687                          
a_ia   71   99                                                      0.00057045202433339114                                                    
mvp2   15   41   19   44   15   19   44   41                        0.00475820423106599125    0.34494892372357682797                          
a_ia  100  102                                                      0.28138823969460607932                                                    
om     22   53   78  107   53   22   78  107                        0.00211369708846965553                                                    
om      8   38   64   94   38    8   64   94                       -0.00257501035283761587                                                    
a_ia   76   84                                                     -0.00117759660058684777                                                    
op     12   50   78  106   50   12   78  106                        0.00279975829444877944                                                    
op     12   48   78  104   48   12   78  104                        0.00194670052434399400                                                    
op     22   50   68  106   50   22   68  106                        0.00221635169695375217                                                    
a_ia   22   48                                                     -0.00038782347320931546                                                    
om     22   53   68  109   53   22   68  109                        0.00198815462746283061                                                    
om     12   52   78  108   52   12   78  108                        0.00282201167508070545                                                    
a_ia   78   98                                                     -0.00059802464389093520                                                    
om     15   42   78   99   42   15   78   99                        0.00353340520560845158                                                    
mvp2   19   42   78   99   42   19   78   99                        0.00308139121815931543   -0.14615320747314225480                          
op      8   49   64  105   49    8   64  105                       -0.00342171454984411139                                                    
op      8   49   80  105   49    8   80  105                       -0.00178415346540001271                                                    
a_ia    8   49                                                     -0.00038943769470856391                                                    
a_ia   64  105                                                     -0.00032623203751714665                                                    
om      8   36   64   92   36    8   64   92                       -0.00476654087543184387                                                    
a_ia   64   92                                                      0.00072669187373804330                                                    
a_ia    8   36                                                      0.00069712200188125925                                                    
a_ia   80  105                                                     -0.00047261308617985674                                                    
a_ia   28   38                                                      0.06080930630505099882                                                    
op     13   30   69   86   30   13   69   86                       -0.00645009842945725321                                                    
op     13   32   69   88   32   13   69   88                       -0.00639626299110946425                                                    
a_ia   13   32                                                      0.00222502364953950033                                                    
a_ia   69   88                                                      0.00211574993451498069                                                    
om     13   41   69   97   41   13   69   97                       -0.00576727841801012546                                                    
a_ia   44   45                                                     -0.33548891412882947405                                                    
a_ia   13   39                                                     -0.00040968431058693248                                                    
op     13   35   69   91   35   13   69   91                       -0.00414068433064081025                                                    
om     13   39   69   95   39   13   69   95                       -0.00328957305466800326                                                    
om     17   32   73   88   32   17   73   88                       -0.00650367880992050625                                                    
a_ia   17   32                                                      0.00114163387519299552                                                    
om     13   44   69  100   44   13   69  100                       -0.00422550829500896452                                                    
a_ia   44   46                                                      0.38534796686495897955                                                    
op     13   46   69  100   46   13   69  100                        0.00310965382558548841                                                    
om     13   45   69  101   45   13   69  101                       -0.00369039304407849881                                                    
a_ia   69  101                                                      0.00079168214616072972                                                    
op     13   47   69  103   47   13   69  103                       -0.00324439133434720889                                                    
a_ia   13   51                                                     -0.00049903250814793828                                                    
op     13   50   69  106   50   13   69  106                       -0.00408860529068415246                                                    
op     19   50   69  106   50   19   69  106                        0.00323474462105600470                                                    
om     19   50   69  108   50   19   69  108                       -0.00222462075131977513                                                    
op     13   52   69  108   52   13   69  108                       -0.00265258488621509039                                                    
op     22   43   75   98   43   22   75   98                        0.00362598486312341135                                                    
op     13   50   75  106   50   13   75  106                        0.00321883897537436278                                                    
op     13   52   75  106   52   13   75  106                       -0.00220956836164855038                                                    
mvp2   12   42   75   99   42   12   75   99                        0.00393922466697038242    0.17113203136128857240                          
a_ia   68   78                                                      0.09733251142376748988                                                    
op     12   53   78  109   53   12   78  109                        0.00265709465603877239                                                    
op     17   35   73   91   35   17   73   91                       -0.00656638854777748335                                                    
a_ia   17   35                                                     -0.00130869389584190271                                                    
a_ia   73   91                                                     -0.00112114712453176431                                                    
om      8   32   64   88   32    8   64   88                       -0.00542288016631560683                                                    
a_ia   85   88                                                     -0.17515344031825161308                                                    
om     12   52   68  109   52   12   68  109                       -0.00170176695170680663                                                    
mvp2   15   45   69  103   45   15   69  103                       -0.00298113229428848686    0.21696492340231826601                          
om     15   46   69   97   46   15   69   97                        0.00355085370673991364                                                    
a_ia  100  101                                                     -0.20634517578967406792                                                    
om     15   45   71  102   45   15   71  102                       -0.00261297081772376982                                                    
op      8   30   64   86   30    8   64   86                       -0.00528134112585437222                                                    
a_ia    8   24                                                      0.12382535382836140636                                                    
om      8   37   64   93   37    8   64   93                       -0.00252600713984297122                                                    
op     13   50   75  108   50   13   75  108                       -0.00201518438600272517                                                    
op     22   43   68   99   43   22   68   99                       -0.00386839173383537798                                                    
op     12   43   78   99   43   12   78   99                       -0.00301108952452354677                                                    
op     12   52   78  109   52   12   78  109                        0.00210290549831974307                                                    
