op     18   25   66   73   25   18   66   73                       -0.14836192318747196128                                                    
op     21   25   66   73   25   21   66   73                       -0.00125642032821723384                                                    
op     23   24   71   72   24   23   71   72                       -0.00667485483963102706                                                    
op     18   25   69   73   25   18   69   73                        0.04904466633535672221                                                    
a_ia   18   25                                                      0.04346122590771663713                                                    
a_ia   71   72                                                      0.00647073656238942099                                                    
a_ia   23   24                                                      0.01101852899814961990                                                    
op     23   26   71   74   26   23   71   74                       -0.04910466626516699767                                                    
a_ia   21   25                                                     -0.00372735214523419725                                                    
a_ia   71   74                                                      0.14280119508473487766                                                    
a_ia   23   26                                                     -0.03267014207674071719                                                    
mvp2   18   25   67   72   25   18   67   72                        0.09482860167379482397   -0.43955034114433588766                          
a_ia   69   73                                                      0.00179018421787244968                                                    
mvp2   18   24   19   25   18   19   24   25                       -0.05159768741076188603   -0.44076764660079181812                          
a_ia   18   19                                                     -0.07542072919041141466                                                    
op     23   27   71   75   27   23   71   75                       -0.01059307754406218355                                                    
a_ia   23   27                                                      0.03072425750424369328                                                    
mvp2   19   26   66   73   26   19   66   73                       -0.00070241675437405159   -0.03618412225577943148                          
a_ia   71   75                                                      0.00082556360016325251                                                    
mvp2   18   25   68   72   25   18   68   72                        0.03496300149300601845   -0.24896692979465845363                          
mvp2   18   25   67   74   25   18   67   74                       -0.00476369423470286713    0.01951491048239839196                          
mvp2   18   25   68   74   25   18   68   74                       -0.00170415525387704260    0.00851114316928069936                          
mvp2   18   25   62   72   25   18   62   72                       -0.02648698095438517530    0.19560184749696760131                          
a_ia   62   72                                                      0.00730946599814990411                                                    
mvp2   18   25   62   74   25   18   62   74                        0.00151612236862530732   -0.00694327505108393618                          
a_ia   62   74                                                      0.02571424793988320509                                                    
mvp2   66   73   71   74   66   71   74   73                        0.01509005002567787718   -0.08147514978990186285                          
a_ia   66   73                                                     -0.01252216216317725284                                                    
a_ia   18   25                                                     -0.02338054405781804512                                                    
a_ia   19   24                                                      0.00480831772306291975                                                    
mvp2   23   26   66   73   26   23   66   73                        0.01640361431797050101    0.19661747693204431608                          
a_ia   67   74                                                     -0.01534708938874150205                                                    
mvp2   18   25   64   72   25   18   64   72                       -0.02466274264486398304    0.19209313523433818593                          
a_ia   64   72                                                     -0.01091335841304622023                                                    
mvp2   23   27   71   74   27   23   71   74                       -0.00785990093572290147   -0.06074378987567020938                          
a_ia   71   74                                                     -0.16168897196498657753                                                    
a_ia   23   27                                                     -0.04343415043854719632                                                    
a_ia   66   67                                                      0.06283949267253836901                                                    
mvp2   23   26   71   75   26   23   71   75                       -0.02493053275734491772    0.24842626757553418204                          
a_ia   23   26                                                      0.02093650147450443547                                                    
a_ia   62   66                                                     -0.11873073453378725495                                                    
op     15   25   63   73   25   15   63   73                       -0.01334202087978893746                                                    
mvp2   18   25   63   72   25   18   63   72                        0.02684976439134589138   -0.17053312614578242101                          
a_ia   63   72                                                     -0.00604282072284566089                                                    
mvp2   18   25   61   72   25   18   61   72                        0.02822005922217139806   -0.20153100950406252490                          
a_ia   61   72                                                      0.00049594486565667471                                                    
a_ia   24   28                                                     -0.10189643193770010765                                                    
mvp2   21   25   69   73   25   21   69   73                       -0.00092404279670451500   -0.09549215582701120475                          
a_ia   21   25                                                      0.00060107904791657232                                                    
mvp2   23   26   62   74   26   23   62   74                       -0.02215832029805234540    0.02939436946583072127                          
a_ia   26   27                                                      0.38360225529699210067                                                    
a_ia   70   71                                                     -0.13025654936551861462                                                    
mvp2   14   24   66   73   24   14   66   73                        0.02207853278028436284    0.21631717052143903390                          
mvp2   14   26   66   73   26   14   66   73                       -0.00082023165168134760   -0.02788422706192221490                          
a_ia   14   26                                                      0.00620525417228992224                                                    
mvp2   14   26   62   74   26   14   62   74                       -0.00306724750429691103    0.06152946013598008940                          
a_ia   68   74                                                      0.00229456690751232272                                                    
mvp2   18   24   20   25   18   20   24   25                       -0.02949314057703192674   -0.48018089757511461801                          
a_ia   15   20                                                     -0.44073605931726056451                                                    
a_ia   18   20                                                      0.04755613281718192725                                                    
a_ia   24   25                                                     -0.04456140801671944207                                                    
mvp2   16   24   18   25   16   18   25   24                       -0.01303145934660783489   -0.22786372175388405759                          
a_ia   16   18                                                     -0.05272349178115099538                                                    
mvp2   13   24   18   25   13   18   25   24                        0.01314352199122019796    0.26151212411716728834                          
mvp2   18   24   22   25   18   22   24   25                        0.01223084896826481284    0.19606280510032780828                          
mvp2   18   25   20   26   18   20   26   25                       -0.00043233981513113144    0.01608515954328826325                          
a_ia   24   26                                                     -0.44459041319361941591                                                    
mvp2   23   24   66   73   24   23   66   73                       -0.01951893213970783830   -0.23350256911649583391                          
a_ia   14   23                                                     -0.52315920151328831889                                                    
mvp2   19   27   67   75   27   19   67   75                       -0.00503318844028529441    0.49612073257346933630                          
mvp2   18   25   49   75   25   18   49   75                       -0.01556750331739188350    0.22790379324686757534                          
mvp2   14   27   66   73   27   14   66   73                       -0.00159898320705367781   -0.03137787348060951109                          
mvp2   18   33   66   73   33   18   66   73                       -0.01733596776137810713   -0.12897457239409840235                          
a_ia   18   21                                                     -0.33549296652030224930                                                    
a_ia   72   75                                                     -0.22448344252065724480                                                    
a_ia   67   70                                                     -0.25626614852949580747                                                    
a_ia   67   71                                                     -0.38442099337643398371                                                    
a_ia   14   18                                                     -0.08030288766272915268                                                    
a_ia   74   76                                                      0.18665365648980827840                                                    
a_ia   71   76                                                      0.00364886488425869224                                                    
mvp2   18   41   66   73   41   18   66   73                       -0.02069587987062872225   -0.12957023534828307487                          
a_ia   18   41                                                     -0.00356019111736967635                                                    
a_ia   24   27                                                     -0.22507258431278895361                                                    
a_ia   24   33                                                      0.06304952647156659984                                                    
mvp2   18   38   66   73   38   18   66   73                        0.01866189476470053038    0.12730517565090701537                          
a_ia   18   38                                                      0.01037398248735084232                                                    
a_ia   73   76                                                     -0.03946584261302452795                                                    
a_ia   18   32                                                      0.00767502700492037060                                                    
a_ia   73   77                                                      0.06717691397220408589                                                    
a_ia   18   36                                                      0.00550408569657405422                                                    
a_ia   18   37                                                     -0.16944350500933941239                                                    
a_ia   73   81                                                      0.14117506076942393234                                                    
a_ia   73   82                                                     -0.09383974213730178482                                                    
a_ia   73   86                                                     -0.18094443015354153004                                                    
a_ia   73   85                                                     -0.05915142266540231175                                                    
a_ia   73   89                                                     -0.00600647321388663672                                                    
a_ia   73   88                                                      0.14094098966889573310                                                    
a_ia   73   90                                                     -0.05486814984388905386                                                    
a_ia   18   40                                                     -0.03232452573581383326                                                    
a_ia   18   39                                                      0.00207259635106730664                                                    
a_ia   66   77                                                      0.00348616942647097866                                                    
a_ia   66   78                                                      0.00448817132553035181                                                    
a_ia   66   80                                                      0.00748260196036451986                                                    
a_ia   66   81                                                      0.00349468443431924123                                                    
a_ia   66   82                                                     -0.00398273301778287979                                                    
a_ia   66   86                                                      0.05938674076362888271                                                    
a_ia   66   85                                                      0.00587251621266678299                                                    
a_ia   66   84                                                      0.00573543515105531896                                                    
mvp2   18   40   66   73   40   18   66   73                       -0.01683748438259241240   -0.14985843247191157901                          
a_ia   18   40                                                      0.01050787723215864701                                                    
a_ia   66   87                                                      0.00141748109275563667                                                    
mvp2   18   40   66   88   40   18   66   88                       -0.00662829940241093946    0.03848344608416651158                          
a_ia   66   88                                                     -0.00259820550353530993                                                    
a_ia   66   89                                                     -0.00407263265143218128                                                    
mvp2   18   42   66   73   42   18   66   73                       -0.00865805989439532089   -0.06676202794332659896                          
a_ia   66   90                                                     -0.00170835847243340174                                                    
a_ia   18   42                                                     -0.00150699628308030489                                                    
a_ia   73   87                                                     -0.05153770846879129203                                                    
op     18   40   66   86   40   18   66   86                        0.00580827236996647473                                                    
mvp2   18   34   66   73   34   18   66   73                        0.01244315614409788502    0.10083916459622471740                          
a_ia   18   34                                                     -0.00483606713673381729                                                    
om     18   34   66   82   34   18   66   82                       -0.00654706538907649880                                                    
op     18   40   66   89   40   18   66   89                       -0.00191367623333603539                                                    
op     15   28   63   76   28   15   63   76                       -0.01365089930889806617                                                    
a_ia   24   28                                                     -0.19912601677714553139                                                    
a_ia   15   24                                                     -0.00582609340650955352                                                    
op      8   28   56   76   28    8   56   76                       -0.01747019145106562879                                                    
a_ia   56   76                                                     -0.00173307881317487996                                                    
a_ia   72   76                                                     -0.22553307429006280715                                                    
op      8   26   56   76   26    8   56   76                        0.00935488159793649438                                                    
a_ia   25   28                                                     -0.04890695749355897237                                                    
a_ia    8   28                                                     -0.00156194686110611028                                                    
op     12   28   60   76   28   12   60   76                       -0.00881684009690314636                                                    
a_ia   49   64                                                      0.04137464010987065149                                                    
op      8   28   60   76   28    8   60   76                        0.00747180400909451623                                                    
om     12   28   56   76   28   12   56   76                        0.00742514987518473613                                                    
mvp2   18   37   66   86   37   18   66   86                       -0.01182419210039369582   -0.35959350140153778508                          
a_ia   18   37                                                      0.14470854884258071982                                                    
a_ia   66   86                                                     -0.10457355098056624054                                                    
op     17   28   65   76   28   17   65   76                       -0.00373206138428866388                                                    
a_ia   24   41                                                      0.13325354325329225036                                                    
a_ia   25   26                                                      0.02010167829479801022                                                    
mvp2    1   27   49   75   27    1   49   75                       -0.00865064257666601014   -0.80010417729797411734                          
a_ia   25   27                                                      0.05506187911066336149                                                    
mvp2    1   46   66   73   46    1   66   73                        0.01154993687545951414    0.20090326758926446704                          
mvp2    1   39   66   73   39    1   66   73                        0.00674778028080167975    0.05055228865258989263                          
mvp2    1   36   66   73   36    1   66   73                        0.00592881229378430710    0.06537303881238136494                          
mvp2    1   31   66   73   31    1   66   73                       -0.00712053587951244973   -0.04428434261974194958                          
op      1   46   66   89   46    1   66   89                        0.00306614641527249614                                                    
op      1   46   66   88   46    1   66   88                        0.00398961528148680886                                                    
mvp2    1   45   66   73   45    1   66   73                        0.00731417786337459300    0.07813525009933394716                          
mvp2    1   42   66   73   42    1   66   73                       -0.00578938796200718312   -0.05305716172499065630                          
mvp2    1   47   66   86   47    1   66   86                        0.00716718923469087527    0.48779557388991073852                          
a_ia    1   47                                                      0.00404030128842649845                                                    
mvp2    1   47   66   73   47    1   66   73                       -0.01266215392738587880   -0.07403549091666128401                          
mvp2    1   43   66   73   43    1   66   73                       -0.00545993871796485696   -0.04813866188574723870                          
op      1   47   66   89   47    1   66   89                       -0.00271999247420240311                                                    
om      1   47   66   88   47    1   66   88                       -0.00584650711242834867                                                    
om      1   47   66   85   47    1   66   85                        0.00351621626579797777                                                    
a_ia   73   89                                                      0.19847283999806245025                                                    
mvp2    1   46   49   94   46    1   49   94                       -0.00805729844471787630    0.65541402721239327978                          
a_ia    1   46                                                      0.00062986653122916187                                                    
mvp2    1   45   49   94   45    1   49   94                       -0.00484628437833650640    0.07282224592355887594                          
op      1   35   49   83   35    1   49   83                       -0.00345653171018115790                                                    
mvp2    1   42   49   94   42    1   49   94                        0.00343375362804756220   -0.01606910652137585882                          
mvp2    1   47   49   94   47    1   49   94                        0.00392868172182714217   -0.15588068839030669310                          
mvp2    1   36   49   84   36    1   49   84                       -0.00347312005573131074    0.75880387919774761052                          
mvp2    1   47   49   95   47    1   49   95                       -0.00528225796503477459    0.84342285706733333139                          
mvp2    1   46   49   95   46    1   49   95                        0.00437076411387378287   -0.00329496771283832677                          
mvp2    1   45   49   95   45    1   49   95                        0.00353550512044023763    0.06022653092781819761                          
mvp2    1   39   49   94   39    1   49   94                       -0.00315750336622102907   -0.08587721092895020392                          
mvp2    1   46   49   93   46    1   49   93                       -0.00498776169358935029    0.47033852953616145376                          
mvp2    1   45   49   93   45    1   49   93                       -0.00430147319363463534    0.01125500690192815685                          
mvp2    1   47   49   93   47    1   49   93                        0.00273396435464581420   -0.14592953234660260842                          
mvp2    1   46   49   90   46    1   49   90                        0.00341889452021422067   -0.43530347117848006144                          
mvp2    1   46   66   73   46    1   66   73                        0.00782745858579117146    0.05394215295152475498                          
a_ia   73   90                                                      0.13582408963405601110                                                    
mvp2    1   46   49   87   46    1   49   87                       -0.00335549770096933968    0.42289865187117603451                          
mvp2    1   46   49   89   46    1   49   89                       -0.00225656321692460898    0.21158811401311236611                          
op      1   46   66   90   46    1   66   90                        0.00101969708597884380                                                    
mvp2    1   46   49   91   46    1   49   91                        0.00242666524937995608   -0.31653738173943596346                          
om      1   43   49   91   43    1   49   91                       -0.00221097608975295628                                                    
a_ia   40   44                                                     -0.32185298315410865166                                                    
op      0   28   48   76   28    0   48   76                       -0.00652042223752148566                                                    
op      7   28   55   76   28    7   55   76                       -0.00319065596135242099                                                    
om      8   28   48   76   28    8   48   76                        0.00632177312026077284                                                    
op      0   28   56   76   28    0   56   76                        0.00630483328109733999                                                    
a_ia   71   77                                                      0.00307766782954864600                                                    
a_ia   24   38                                                      0.07037598662950324269                                                    
mvp2    1   43   49   90   43    1   49   90                       -0.00166781507104205051    0.08525692866211447007                          
a_ia   24   36                                                     -0.25784203967729824036                                                    
a_ia   24   42                                                     -0.05462962016850200775                                                    
a_ia   24   35                                                      0.11487561411026203650                                                    
a_ia   24   31                                                     -0.14886458085529127859                                                    
a_ia   19   41                                                      0.00208910108446900373                                                    
a_ia   19   38                                                     -0.00210311269397876581                                                    
a_ia   19   29                                                     -0.00312194356046413936                                                    
a_ia   62   67                                                     -0.50062021649999999262                                                    
a_ia   15   41                                                      0.00247869387459477087                                                    
mvp2   15   45   66   73   45   15   66   73                        0.01000919503879674904    0.12686446578442811539                          
mvp2   15   46   66   73   46   15   66   73                        0.00811398172524327443    0.10248878830606512891                          
a_ia   24   45                                                     -0.12328653026252153757                                                    
mvp2   15   42   66   73   42   15   66   73                       -0.00705948314521155033   -0.09697028122847412002                          
a_ia   15   39                                                      0.00103052063137491290                                                    
mvp2    1   29   66   73   29    1   66   73                        0.00456974358554955353    0.04261459557815842902                          
mvp2    1   46   66   82   46    1   66   82                       -0.00275251488384805438    0.14565313473244845266                          
mvp2   15   47   49   95   47   15   49   95                        0.00213351782226449448    0.50681427321721217449                          
om      0   26   48   76   26    0   48   76                        0.00460140487983445347                                                    
op      8   26   48   76   26    8   48   76                       -0.00445936908863826288                                                    
a_ia   62   67                                                     -0.25801776746392496298                                                    
om      0   26   56   76   26    0   56   76                       -0.00395790616144643149                                                    
mvp2   63   73   66   93   63   66   73   93                       -0.00794014927808122176    0.14800080216546940282                          
mvp2   63   73   66   94   63   66   73   94                       -0.00564436500454297465    0.11283691722415517544                          
op     15   45   63   93   45   15   63   93                       -0.00463013326144010723                                                    
op     15   36   63   84   36   15   63   84                       -0.00639359549877400752                                                    
mvp2   15   47   63   95   47   15   63   95                       -0.00382228861802076225    0.47376536064451735264                          
mvp2   15   45   63   95   45   15   63   95                       -0.00294787095719131406    0.14601066615621174916                          
om     15   47   63   93   47   15   63   93                       -0.00262148225753849060                                                    
mvp2   63   73   66   90   63   66   73   90                        0.00598925057275219615   -0.10002760272800212404                          
a_ia   63   66                                                      0.01471971719481774202                                                    
mvp2   63   73   66   82   63   66   73   82                       -0.00632024682367099671    0.09393188364571829208                          
a_ia   63   82                                                     -0.00026805086816240664                                                    
mvp2   63   73   66   89   63   66   73   89                       -0.00523855292517756092    0.09819073873399443431                          
mvp2   15   45   66   89   45   15   66   89                        0.00389792910073017383    0.04043377123080239138                          
op      1   29   49   95   29    1   49   95                        0.00153657303805058618                                                    
a_ia   24   42                                                     -0.04961913176392497571                                                    
mvp2   63   89   66   90   63   66   89   90                        0.00278117247037057555   -0.02915177670972157742                          
mvp2   63   89   66   93   63   66   93   89                       -0.00324566569207033464    0.06557733318832120739                          
mvp2   15   34   66   73   34   15   66   73                        0.00549921098938297836    0.09661533558646485942                          
op      1   39   49   87   39    1   49   87                       -0.00208655741493212919                                                    
a_ia   64   72                                                      0.00743849299573343808                                                    
a_ia   62   67                                                     -0.13331513168504285916                                                    
a_ia   19   35                                                     -0.00377084618865496449                                                    
a_ia   19   36                                                     -0.00180550967786878786                                                    
a_ia   19   45                                                     -0.00278680694872887385                                                    
a_ia   19   42                                                     -0.00162418357233493310                                                    
mvp2   19   43   66   73   43   19   66   73                       -0.00437527262089956563   -0.07078640017147160013                          
a_ia   19   34                                                      0.00305001487305273144                                                    
a_ia   19   43                                                     -0.00299877530208484972                                                    
mvp2   15   43   66   73   43   15   66   73                       -0.00304554815714568354   -0.04874412223488611140                          
mvp2   19   43   49   95   43   19   49   95                       -0.00243249374335919276   -0.15056932883929338707                          
a_ia   19   39                                                      0.00185969406827728970                                                    
a_ia   19   37                                                      0.00297336837269591026                                                    
om     23   31   71   79   31   23   71   79                       -0.00828550583531048948                                                    
a_ia   23   38                                                      0.00030327126749879371                                                    
a_ia   74   77                                                      0.20855455208802367584                                                    
mvp2   23   38   71   74   38   23   71   74                        0.00636753513400902492    0.10456886511671262263                          
a_ia   67   77                                                      0.00321523296464957826                                                    
mvp2   21   33   69   77   33   21   69   77                       -0.00478601272322080624    0.27237554138310932084                          
a_ia   62   77                                                     -0.00224128059930760312                                                    
a_ia   66   73                                                      0.00887554280207652341                                                    
a_ia   67   74                                                      0.05647018879140563996                                                    
a_ia   18   44                                                     -0.00668686237158931489                                                    
a_ia   15   34                                                      0.00023289961482465449                                                    
a_ia   48   76                                                      0.00044240006052331419                                                    
a_ia   23   41                                                     -0.00028178072269266350                                                    
a_ia   14   20                                                     -0.39711399574947847668                                                    
mvp2   23   24   71   72   24   23   71   72                       -0.02976076043913171085    0.14147108775168543149                          
a_ia   72   74                                                     -0.50922703070699260053                                                    
a_ia   23   24                                                      0.01426130583636592460                                                    
a_ia   71   72                                                      0.00821452446952531529                                                    
a_ia   66   73                                                     -0.01900181275928102681                                                    
a_ia   72   79                                                     -0.12474634242678377116                                                    
a_ia   72   84                                                     -0.25178061058075196232                                                    
a_ia   72   83                                                      0.10571176499897773360                                                    
a_ia   67   74                                                     -0.02105635086534362460                                                    
a_ia   72   93                                                     -0.11480320911618063784                                                    
a_ia   72   90                                                     -0.08537529417599726278                                                    
a_ia   72   89                                                      0.10206110336955064033                                                    
a_ia   63   89                                                      0.00099401554508267410                                                    
a_ia   68   77                                                     -0.00220057185910596141                                                    
mvp2   23   24   71   74   24   23   71   74                       -0.02331553622631351783   -0.00170633863288268089                          
a_ia   18   40                                                      0.01703046345366244357                                                    
a_ia   82   84                                                      0.15737738317209348793                                                    
mvp2   23   24   71   84   24   23   71   84                       -0.00822104955722930374   -0.06243268170770058245                          
a_ia   71   84                                                      0.00118821806944933474                                                    
a_ia   23   31                                                     -0.00191729549314538202                                                    
a_ia   23   24                                                      0.00308298357506236239                                                    
a_ia   14   20                                                     -0.19972150470903810016                                                    
a_ia   70   74                                                     -0.00309428766864488320                                                    
a_ia   63   93                                                     -0.00013083152810780839                                                    
a_ia   23   35                                                      0.00348214950064206462                                                    
a_ia   20   33                                                      0.00134993724006337852                                                    
a_ia   20   21                                                     -0.14765787898183257987                                                    
a_ia   14   27                                                      0.00414462952059547769                                                    
a_ia   22   27                                                     -0.00138960607504841393                                                    
a_ia   13   27                                                     -0.00073948033025570748                                                    
a_ia   64   75                                                     -0.00163045684085424882                                                    
a_ia   29   46                                                     -0.20026506442341371339                                                    
a_ia   13   33                                                      0.00184606392576229386                                                    
a_ia   72   91                                                     -0.17425653105422608813                                                    
a_ia   72   85                                                      0.17852063278532970259                                                    
a_ia   72   86                                                      0.05859697377751991315                                                    
a_ia   72   88                                                     -0.03256684559678002522                                                    
op      1   42   49   90   42    1   49   90                       -0.00269632799201497417                                                    
a_ia   15   42                                                     -0.00110255829899495684                                                    
mvp2    1   42   49   95   42    1   49   95                       -0.00205085049662208536   -0.06448395485386453074                          
mvp2    1   47   49   90   47    1   49   90                       -0.00166575612824408268    0.07072307345293928071                          
op     15   45   49   95   45   15   49   95                        0.00219758456323276017                                                    
a_ia   15   45                                                     -0.00039851898554380585                                                    
