op     24   28   80   84   28   24   80   84                       -0.04026139457059400156                                                    
op     24   28   80   85   28   24   80   85                       -0.03428560889368010428                                                    
op     23   28   80   84   28   23   80   84                        0.00034341337242964928                                                    
op     23   28   80   85   28   23   80   85                       -0.00034890141192310114                                                    
op     24   29   80   85   29   24   80   85                       -0.02547675977021024787                                                    
a_ia   80   85                                                     -0.00347354412284025735                                                    
a_ia   24   28                                                     -0.00541343990484781119                                                    
op     24   29   80   84   29   24   80   84                       -0.02924170534345129843                                                    
om     24   28   79   84   28   24   79   84                        0.02107284593462701444                                                    
a_ia   80   84                                                     -0.00351342065664337483                                                    
om     23   28   79   84   28   23   79   84                       -0.00021604802271631203                                                    
op     24   29   79   84   29   24   79   84                        0.01490887980216513628                                                    
a_ia   24   29                                                     -0.00435863430291039047                                                    
a_ia   79   84                                                      0.00209462178709114363                                                    
om     24   29   79   85   29   24   79   85                        0.01263791065472521721                                                    
op     25   28   81   84   28   25   81   84                       -0.00833591586142406853                                                    
op     24   28   79   85   28   24   79   85                        0.01659433594642966900                                                    
op     23   29   80   85   29   23   80   85                       -0.00008373586405141725                                                    
a_ia   23   24                                                      0.20670321533592886376                                                    
op     20   31   76   87   31   20   76   87                       -0.02235092752288979703                                                    
a_ia   76   87                                                     -0.00256588022597992920                                                    
a_ia   20   31                                                     -0.00241089848817069123                                                    
mvp2   24   28   74   84   28   24   74   84                       -0.00144606735859050331    0.34116813908483495377                          
op     24   28   74   85   28   24   74   85                        0.00220915215301675880                                                    
om     23   28   74   85   28   23   74   85                       -0.00056633391141386249                                                    
a_ia   20   24                                                     -0.28357651537076183912                                                    
op     19   34   75   90   34   19   75   90                       -0.02122349684473992179                                                    
op     20   34   76   90   34   20   76   90                       -0.00858075040298575918                                                    
a_ia   19   24                                                     -0.22752134359189435386                                                    
op     19   34   77   90   34   19   77   90                        0.00919134695090643994                                                    
a_ia   19   34                                                     -0.00145106630077171980                                                    
a_ia   75   90                                                     -0.00100090402171723993                                                    
op     19   44   75  100   44   19   75  100                       -0.02346278541419606969                                                    
a_ia   19   35                                                      0.00125250036568078115                                                    
op     19   33   75   89   33   19   75   89                       -0.01060706879463929955                                                    
op     19   44   75   89   44   19   75   89                        0.00848596305342858188                                                    
op     19   37   75   93   37   19   75   93                       -0.00826536032435750030                                                    
a_ia   19   44                                                     -0.00131647005342689586                                                    
op     19   40   75   96   40   19   75   96                       -0.01461101943482765245                                                    
op     19   38   75   94   38   19   75   94                       -0.00429131740650909397                                                    
a_ia   19   38                                                     -0.00096122427917411156                                                    
op     19   42   75   98   42   19   75   98                       -0.00741407822048748694                                                    
a_ia   75   94                                                     -0.00086597865063527764                                                    
op     19   42   75   96   42   19   75   96                        0.00997769408126300029                                                    
op     19   40   75   98   40   19   75   98                        0.00547163815444953652                                                    
om     20   31   77   87   31   20   77   87                       -0.00899750321900662578                                                    
a_ia   76   80                                                     -0.29641957112108852090                                                    
mvp2   18   28   74   84   28   18   74   84                       -0.00197146569405331042    1.28474125662338867215                          
a_ia   79   85                                                      0.00218806554654509293                                                    
om     19   42   75  100   42   19   75  100                        0.01172383521948878321                                                    
a_ia   75  100                                                     -0.00005405819684908312                                                    
op     15   34   71   90   34   15   71   90                       -0.00667328989131548561                                                    
a_ia   71   90                                                     -0.00165905892209504391                                                    
a_ia   15   34                                                     -0.00164178117267406247                                                    
op     22   34   78   90   34   22   78   90                       -0.00688707471923403081                                                    
op     21   34   78   90   34   21   78   90                        0.00548754032761615031                                                    
op     13   34   69   90   34   13   69   90                       -0.00724851620437473414                                                    
op     14   34   70   90   34   14   70   90                       -0.00568578637397215616                                                    
op     13   34   70   90   34   13   70   90                       -0.00303390333941240325                                                    
op      8   34   64   90   34    8   64   90                       -0.00679762915543534723                                                    
op     19   40   75   93   40   19   75   93                       -0.00390538098927301807                                                    
a_ia   75   93                                                      0.00126893884356160300                                                    
op     20   36   76   92   36   20   76   92                       -0.00918490184049057176                                                    
a_ia   76   92                                                     -0.00297194039947897221                                                    
a_ia   20   36                                                     -0.00307360597147643844                                                    
om     20   35   76   91   35   20   76   91                       -0.00542540657601539925                                                    
a_ia   20   33                                                     -0.00113858734798507233                                                    
op     20   38   76   94   38   20   76   94                       -0.00430531786395603033                                                    
a_ia   20   38                                                     -0.00015245742217449078                                                    
a_ia   76   91                                                      0.00033882488194839717                                                    
mvp3   19   40   20   42   19   20   42   40   19   20   40   42    0.00649987919130350089   -0.35949556082563016712    0.60989365232202430445
op     20   41   76   97   41   20   76   97                       -0.00665789229983346827                                                    
a_ia   20   41                                                     -0.00079703750888272709                                                    
mvp2   20   40   76   96   40   20   76   96                       -0.00561861520291508185    0.69447619124926107670                          
op     20   39   76   95   39   20   76   95                       -0.00685118015960997206                                                    
op     20   45   76  101   45   20   76  101                       -0.00500530487968157099                                                    
a_ia   20   45                                                     -0.00052760011539364638                                                    
op     20   43   76   99   43   20   76   99                       -0.00314344419807504726                                                    
op     20   46   76  102   46   20   76  102                       -0.00469468438163329112                                                    
op     20   51   76  107   51   20   76  107                       -0.00739198236960797884                                                    
op     20   49   76  105   49   20   76  105                       -0.00453701363626437485                                                    
op     20   53   76  107   53   20   76  107                       -0.00444969232191566328                                                    
op     20   53   76  109   53   20   76  109                       -0.00442650824890650132                                                    
op     20   51   76  109   51   20   76  109                       -0.00443101688473233890                                                    
op     20   50   76  106   50   20   76  106                       -0.00302579654801425624                                                    
op     20   52   76  107   52   20   76  107                        0.00317821805545742252                                                    
op     20   51   76  108   51   20   76  108                        0.00318563208216530265                                                    
op     20   52   76  108   52   20   76  108                       -0.00347760033425602993                                                    
op     20   53   76  108   53   20   76  108                        0.00229368237314808536                                                    
mvp2   18   28   80   84   28   18   80   84                        0.01728030647866852024   -0.13238721197080771663                          
a_ia   74   80                                                      0.31175964315986237629                                                    
mvp2   18   29   80   84   29   18   80   84                        0.01468174154408980608    0.03643629528157189129                          
op     18   29   74   85   29   18   74   85                       -0.00746299288832166091                                                    
a_ia   18   29                                                      0.00137230968041070450                                                    
mvp2   18   29   80   85   29   18   80   85                        0.01189007326746476141   -0.04596377555911337204                          
a_ia   15   28                                                     -0.00042067278421522366                                                    
om     15   28   71   84   28   15   71   84                       -0.00352535977564759784                                                    
op     18   29   74   84   29   18   74   84                       -0.00391590258499550838                                                    
om     14   29   70   85   29   14   70   85                       -0.01060836349710426486                                                    
a_ia   71   85                                                     -0.00016990488723895054                                                    
op     12   34   69   90   34   12   69   90                        0.00336308816947648208                                                    
op     18   28   79   84   28   18   79   84                       -0.00867294953701882448                                                    
a_ia   23   24                                                      0.18751552392448966877                                                    
a_ia   74   80                                                      0.21620006674598685192                                                    
op     20   52   76  109   52   20   76  109                        0.00228307024353655279                                                    
om     15   36   71   92   36   15   71   92                       -0.01029948354284908676                                                    
op     15   31   71   87   31   15   71   87                       -0.00360114353728914092                                                    
om     15   38   71   94   38   15   71   94                       -0.01446231920188738827                                                    
a_ia   15   38                                                      0.00373442887907844993                                                    
a_ia   71   94                                                      0.00374678821087811491                                                    
om     15   35   71   91   35   15   71   91                       -0.01403949637569409589                                                    
a_ia   71   91                                                     -0.00327910186938710265                                                    
a_ia   15   35                                                     -0.00320371807601854816                                                    
om     15   33   71   89   33   15   71   89                       -0.00585065345829529834                                                    
a_ia   15   32                                                     -0.00136074703643487209                                                    
om     15   40   71   96   40   15   71   96                       -0.00121306124791493671                                                    
mvp3   15   40   19   42   15   19   42   40   15   19   40   42    0.01188214004815264097    0.40843444577037524290   -0.38084714259453888996
mvp2   19   42   71   96   42   19   71   96                        0.00325850015496810920   -0.40854701029933776502                          
mvp2   15   42   71   96   42   15   71   96                       -0.00575743424194804371    0.24092059597379564262                          
om     15   37   71   93   37   15   71   93                       -0.00706479335310291993                                                    
op     15   43   71   99   43   15   71   99                       -0.00413800925065024080                                                    
op     15   46   71  102   46   15   71  102                       -0.00357214447141590563                                                    
om     15   45   71  101   45   15   71  101                       -0.00593395789007898893                                                    
op     15   39   71   95   39   15   71   95                       -0.00368700555655057400                                                    
op     19   46   75  102   46   19   75  102                       -0.00377408635598035528                                                    
om     15   45   71   99   45   15   71   99                        0.00400885908948662908                                                    
om     15   41   71   97   41   15   71   97                       -0.00204977429782172461                                                    
mvp2   15   43   75  100   43   15   75  100                        0.00751342395381517612    0.20357547425072516911                          
a_ia   15   19                                                     -0.23626508044402430575                                                    
om     19   46   75  100   46   19   75  100                       -0.00529585382581228541                                                    
mvp2   15   41   75  100   41   15   75  100                       -0.00792096373556570865   -0.19171228770662707142                          
mvp2   71   99   75  100   71   75  100   99                        0.00674165554451430608    0.31041229979771739478                          
mvp2   15   45   75  100   45   15   75  100                       -0.00606757871673901158   -0.17091030237338475373                          
mvp2   71   97   75  100   71   75  100   97                       -0.00618684411971887668   -0.33762305440582757177                          
a_ia   71   75                                                     -0.27390692642879377328                                                    
a_ia   23   24                                                      0.14135821521662420008                                                    
om     18   29   79   84   29   18   79   84                       -0.00825030934346627880                                                    
mvp2   14   29   74   84   29   14   74   84                        0.00552832824147557206    0.03436153646209904461                          
op     14   29   80   84   29   14   80   84                       -0.00631610941832712412                                                    
om     15   42   71   98   42   15   71   98                       -0.00717590052382998788                                                    
a_ia   71   98                                                     -0.00061250370969886567                                                    
a_ia   15   42                                                      0.00100249097191055202                                                    
mvp2   15   40   71   98   40   15   71   98                       -0.00907665731744595854    0.34973713859650040758                          
mvp2   20   45   75  100   45   20   75  100                        0.00655138092272934246    0.26684386277329086301                          
mvp2   20   45   71  102   45   20   71  102                        0.00459612164008258405   -0.14954075210858330802                          
op     20   42   71   99   42   20   71   99                       -0.00114166885628532084                                                    
mvp2   75  100   76  101   75   76  101  100                        0.00480478121747094158   -0.33504407320134060866                          
mvp2   20   40   71  101   40   20   71  101                        0.00470796402222902095   -0.37563926448863704799                          
a_ia   75   76                                                     -0.07521229422433452216                                                    
mvp2   15   40   76   99   40   15   76   99                       -0.00479449941809869176    0.35448081344253240532                          
a_ia   71   76                                                     -0.28161700450699356235                                                    
om     15   42   76   99   42   15   76   99                       -0.00457199209510344116                                                    
mvp2   20   42   76   98   42   20   76   98                       -0.00298699512978680684    0.42936002332291683947                          
a_ia   15   20                                                     -0.33141764599742018493                                                    
a_ia   20   42                                                     -0.00091132202897791143                                                    
a_ia   76   98                                                     -0.00105467705401019038                                                    
mvp2   20   43   71   98   43   20   71   98                       -0.00489298545817378697   -0.25535299589654675279                          
a_ia   19   37                                                      0.00175112901981687398                                                    
om     15   43   76   98   43   15   76   98                       -0.00362725419321962769                                                    
mvp2   15   43   76  102   43   15   76  102                       -0.00353821957499979908    0.27109056161709221833                          
mvp2   20   43   71   96   43   20   71   96                       -0.00382316992998673515   -0.13030232371327193919                          
mvp2   20   41   71   96   41   20   71   96                        0.00498777062643428106    0.08651138809940019103                          
mvp2   15   45   76   96   45   15   76   96                        0.00543428490273168124    0.29724011888589074726                          
mvp2   15   45   76  102   45   15   76  102                        0.00402730300687225394   -0.21195501705285105243                          
op     15   45   76   98   45   15   76   98                        0.00216416000980767858                                                    
op     13   34   68   90   34   13   68   90                        0.00330390496152418306                                                    
op     12   34   68   90   34   12   68   90                       -0.00179655644777146199                                                    
a_ia   77   87                                                     -0.00106942337769889550                                                    
mvp2   20   46   71   97   46   20   71   97                        0.00293575097277651211    0.36281398777534523692                          
a_ia   20   46                                                     -0.00017755133712917280                                                    
om     18   29   70   84   29   18   70   84                        0.00570039656065146529                                                    
om     14   33   70   89   33   14   70   89                       -0.01292846202327920663                                                    
om     14   36   70   92   36   14   70   92                       -0.00535358831049083991                                                    
op     14   30   70   86   30   14   70   86                       -0.00848624801225146205                                                    
om     14   37   70   93   37   14   70   93                       -0.00788004771337768445                                                    
a_ia   70   93                                                     -0.00176317341934658701                                                    
a_ia   14   37                                                     -0.00180844365393889876                                                    
om     14   38   70   94   38   14   70   94                       -0.00423588770799065203                                                    
a_ia   19   32                                                     -0.00160396477357875361                                                    
om     14   35   70   91   35   14   70   91                       -0.00501193509179616910                                                    
om     14   32   70   88   32   14   70   88                       -0.00572616900553213782                                                    
a_ia   14   32                                                      0.00225869682060270832                                                    
a_ia   70   88                                                      0.00213741632399805630                                                    
om     14   41   70   97   41   14   70   97                       -0.00462201553612403768                                                    
op     18   37   74   93   37   18   74   93                       -0.01071459475858031751                                                    
a_ia   74   92                                                     -0.00116182299085136110                                                    
a_ia   18   37                                                     -0.00185170197351163511                                                    
a_ia   74   93                                                     -0.00180093732719204739                                                    
op     18   36   74   92   36   18   74   92                       -0.00405615118296631227                                                    
a_ia   18   36                                                     -0.00105376942152948512                                                    
op     22   29   78   85   29   22   78   85                       -0.00521679529102606846                                                    
mvp2   19   44   76   97   44   19   76   97                       -0.00599655021710547922    0.22431998537932518190                          
mvp2   19   41   20   44   19   20   41   44                        0.00371589049782239259    0.28490557516139414229                          
a_ia   20   44                                                      0.00072699309940692518                                                    
mvp3   14   42   19   44   14   19   44   42   14   19   42   44   -0.00650134149034793662   -0.32176516440431451871    0.23899026891336333511
mvp3   19   42   20   44   19   20   44   42   19   20   42   44   -0.00396717040874996346    0.24049711963746134291   -0.07081036132904827696
a_ia   14   20                                                     -0.11823062493497073222                                                    
mvp2   19   44   71  101   44   19   71  101                       -0.00814913695183959279    0.20605645152588863978                          
a_ia   14   42                                                      0.00144284762524197118                                                    
mvp2   19   44   75   98   44   19   75   98                        0.00545795342223977503   -0.18940168010271188348                          
a_ia   75   98                                                     -0.00106544511393154057                                                    
mvp2   19   44   75  102   44   19   75  102                       -0.00332398729596179807    0.15400502414902983439                          
mvp2   14   42   70   98   42   14   70   98                       -0.00320723412651210786    0.77530860693527747785                          
op     14   42   76   98   42   14   76   98                        0.00318350034568009709                                                    
mvp3   70   98   71  101   70   71  101   98   70   71   98  101   -0.00532495760432228835   -0.15276821553761874006    0.29752784631262801929
a_ia   71   98                                                      0.00180980805906982346                                                    
mvp2   19   44   76   96   44   19   76   96                        0.00534481228793175396   -0.02318804571195827099                          
mvp2   15   46   76  101   46   15   76  101                        0.00428619970949890849    0.18450300327085980556                          
mvp2   14   43   71   98   43   14   71   98                        0.00368743859868459617    0.32490999730695985237                          
mvp2   15   45   75   96   45   15   75   96                       -0.00369514848634848545   -0.07702093790695983822                          
om     14   43   70   99   43   14   70   99                       -0.00433334438483392453                                                    
op     14   50   70  106   50   14   70  106                       -0.00578261959576175082                                                    
op     14   50   75  106   50   14   75  106                       -0.00322682410077657685                                                    
op     19   50   75  106   50   19   75  106                       -0.00422741473755697001                                                    
op     19   50   70  106   50   19   70  106                       -0.00325562229423253472                                                    
op     14   47   70  103   47   14   70  103                       -0.00397564562841284941                                                    
op     14   48   70  104   48   14   70  104                       -0.00366400260010408835                                                    
op     14   39   70   95   39   14   70   95                       -0.00337215899702846727                                                    
op     14   49   70  105   49   14   70  105                       -0.00469934389822144680                                                    
op     19   48   75  104   48   19   75  104                       -0.00354953235551689825                                                    
op     19   49   75  105   49   19   75  105                       -0.00412131463014556512                                                    
op     14   51   70  107   51   14   70  107                       -0.00256757528528864373                                                    
om     14   53   70  109   53   14   70  109                       -0.00236209240697291684                                                    
mvp2   20   46   71   99   46   20   71   99                       -0.00343253499746782416   -0.17652987094133726353                          
mvp2   20   46   71  101   46   20   71  101                        0.00427042578855522156    0.10741308227372839412                          
op     15   49   71  105   49   15   71  105                       -0.00482087592025479995                                                    
op     15   47   71  103   47   15   71  103                       -0.00229510585656590108                                                    
op     15   49   76  105   49   15   76  105                        0.00422982680652185614                                                    
op     19   39   75   95   39   19   75   95                       -0.00229957496716331295                                                    
mvp2   14   48   75  100   48   14   75  100                        0.00454972527030245155    0.22342111890199309321                          
op     15   49   76  106   49   15   76  106                       -0.00222580283572755425                                                    
mvp2   70  100   75  104   70   75  100  104                       -0.00270206107874318771    0.27773036112038712586                          
op     14   55   70  111   55   14   70  111                       -0.00200777536836358426                                                    
a_ia   14   52                                                     -0.00046073313851804795                                                    
om     14   52   70  108   52   14   70  108                       -0.00251681299257879845                                                    
op     14   54   70  110   54   14   70  110                       -0.00149285261994176440                                                    
a_ia   70  108                                                     -0.00045516747551651318                                                    
om     18   37   77   93   37   18   77   93                        0.00392772982242375022                                                    
a_ia   77   93                                                      0.00080012204205221502                                                    
op     25   29   81   84   29   25   81   84                       -0.00568381988729313708                                                    
a_ia   28   31                                                      0.21933196276883062947                                                    
om     18   38   74   94   38   18   74   94                       -0.00601158320918914520                                                    
a_ia   18   38                                                     -0.00101448419119305484                                                    
op     18   30   74   86   30   18   74   86                       -0.00358192245462582871                                                    
op     18   42   74   98   42   18   74   98                       -0.00517486032175333219                                                    
a_ia   18   35                                                     -0.00195096850040731799                                                    
om     18   35   74   91   35   18   74   91                       -0.00544753510582214346                                                    
a_ia   74   91                                                     -0.00199116081054513672                                                    
om     18   32   74   88   32   18   74   88                       -0.00580021351828982450                                                    
a_ia   74   88                                                      0.00112779949639666430                                                    
om     20   49   71  105   49   20   71  105                        0.00464961974814601109                                                    
a_ia   15   47                                                     -0.00066392178958031372                                                    
a_ia   71   76                                                     -0.06826947145965223118                                                    
om     20   49   71  106   49   20   71  106                       -0.00242917031793577105                                                    
om     18   43   74   99   43   18   74   99                       -0.00148526830018721849                                                    
om     18   41   74   99   41   18   74   99                       -0.00116757227854984657                                                    
om     18   43   74   97   43   18   74   97                       -0.00131081475112193482                                                    
om     18   41   74   97   41   18   74   97                       -0.00195251193370305377                                                    
om     13   36   69   92   36   13   69   92                       -0.00787574199391760307                                                    
a_ia   69   92                                                     -0.00225951885458597693                                                    
a_ia   25   36                                                      0.00139834535711653085                                                    
a_ia   13   36                                                     -0.00221685292885841559                                                    
a_ia   69   85                                                      0.00091651781489206230                                                    
op     13   38   69   94   38   13   69   94                       -0.00914141081889210949                                                    
a_ia   13   38                                                      0.00085685522921330221                                                    
a_ia   85   92                                                     -0.15962885154918862729                                                    
om     13   31   69   87   31   13   69   87                       -0.00844985297729483782                                                    
a_ia   13   31                                                     -0.00101794762602832028                                                    
a_ia   28   38                                                     -0.07477514350404772248                                                    
a_ia   69   94                                                      0.00084916377828723457                                                    
om     13   33   69   89   33   13   69   89                       -0.00660549995864051671                                                    
a_ia   13   33                                                      0.00115595884807078038                                                    
a_ia   69   87                                                     -0.00118350253764458804                                                    
a_ia   29   36                                                     -0.18085057122556760789                                                    
a_ia   78   92                                                     -0.00111637441578327115                                                    
op      8   36   64   92   36    8   64   92                       -0.00481695349567285228                                                    
a_ia   64   92                                                      0.00055954352009945354                                                    
a_ia   73   92                                                     -0.00066918448046281458                                                    
a_ia   69   89                                                      0.00117658829582331474                                                    
op     22   37   78   93   37   22   78   93                       -0.00671796786123076903                                                    
om      8   28   64   84   28    8   64   84                       -0.00696846422904376806                                                    
a_ia   64   84                                                      0.00244666332058240737                                                    
a_ia   17   36                                                     -0.00065412020732682704                                                    
a_ia    8   28                                                      0.00188006017117900740                                                    
a_ia   64   85                                                      0.00098683744888581194                                                    
a_ia   68   92                                                      0.00134339269073326258                                                    
om     20   50   71  105   50   20   71  105                       -0.00235505448283858127                                                    
op     15   50   76  105   50   15   76  105                       -0.00244322614603264448                                                    
op     20   50   76  105   50   20   76  105                        0.00194246047522505984                                                    
a_ia   73   85                                                     -0.00078094746412264867                                                    
a_ia    8   29                                                      0.00095745579743510836                                                    
op     27   32   83   88   32   27   83   88                       -0.00311074811595921444                                                    
a_ia   64   84                                                     -0.00029047718300045976                                                    
mvp3   71   99   74  101   71   74  101   99   71   74   99  101   -0.00499043053488313921    0.35040304657958892820   -0.20302815756779729606
mvp3   74   96   76   99   74   76   99   96   74   76   96   99    0.00426907772783130957    0.55865977820305201540   -0.24877899210222068072
mvp2   18   43   71  101   43   18   71  101                        0.00367361251472930576    0.46505068586446834944                          
mvp2   18   41   71  101   41   18   71  101                        0.00426622427486918199    0.20180312114544807223                          
mvp3   71   97   74  101   71   74  101   97   71   74   97  101   -0.00292310189888951881   -0.18653298486691552438   -0.32281610078363948135
op     18   43   71   99   43   18   71   99                       -0.00354335509185130888                                                    
mvp2   18   43   76   96   43   18   76   96                       -0.00340704602154837458   -0.15332564233406648091                          
