op     27   28   83   84   28   27   83   84                       -0.02941825066080012985                                                    
op     24   29   80   85   29   24   80   85                       -0.05124513138448695548                                                    
op     24   28   80   84   28   24   80   84                       -0.01411703002318022947                                                    
op     24   28   80   85   28   24   80   85                        0.01046010905861018657                                                    
op     23   28   79   84   28   23   79   84                       -0.03470299864944361573                                                    
op     27   28   79   84   28   27   79   84                       -0.02650915211435924540                                                    
op     24   29   80   84   29   24   80   84                        0.01056480267055618337                                                    
op     18   28   79   84   28   18   79   84                       -0.02676453789859402008                                                    
op     18   28   74   84   28   18   74   84                       -0.02085807148166349614                                                    
om     23   28   74   84   28   23   74   84                       -0.02672796991624046964                                                    
op     26   28   82   84   28   26   82   84                       -0.01522277341221899352                                                    
op     24   30   80   85   30   24   80   85                        0.00770364808676723880                                                    
op     24   30   80   86   30   24   80   86                       -0.00648631614903424913                                                    
op     23   32   79   88   32   23   79   88                       -0.00686924738653123083                                                    
om     27   28   74   84   28   27   74   84                       -0.02046857704600877487                                                    
op     26   29   82   85   29   26   82   85                       -0.01072740664409524078                                                    
a_ia   27   28                                                     -0.00090897956639764610                                                    
a_ia   26   28                                                      0.00363503284405286911                                                    
op     24   37   80   93   37   24   80   93                       -0.02335861571121664038                                                    
a_ia   80   93                                                     -0.00143084938404522627                                                    
a_ia   24   37                                                     -0.00088776551894568297                                                    
op     24   33   80   89   33   24   80   89                       -0.00754468654596920831                                                    
om     24   37   80   85   37   24   80   85                       -0.01880468670302862938                                                    
om     24   33   80   93   33   24   80   93                        0.00706121190403932990                                                    
op     23   28   83   84   28   23   83   84                       -0.02614037537838460878                                                    
op     18   28   83   84   28   18   83   84                       -0.01957959822448460119                                                    
op     24   29   80   93   29   24   80   93                       -0.01744516460538718741                                                    
op     24   36   80   92   36   24   80   92                       -0.00609936620374641660                                                    
op     24   37   80   89   37   24   80   89                        0.01288701780735939696                                                    
op     24   34   80   90   34   24   80   90                       -0.00368257001824456214                                                    
op     24   35   80   91   35   24   80   91                       -0.00420776232396285251                                                    
op     24   39   80   95   39   24   80   95                       -0.00244978938166945728                                                    
op     24   40   80   96   40   24   80   96                       -0.00493153339891673828                                                    
a_ia   24   40                                                      0.00126422094716797592                                                    
a_ia   80   96                                                      0.00121525604660360407                                                    
op     26   39   82   95   39   26   82   95                       -0.00776266111608925335                                                    
op     26   33   82   89   33   26   82   89                       -0.00852943632515378893                                                    
a_ia   26   33                                                     -0.00259767272151555529                                                    
a_ia   82   89                                                     -0.00254145953930754115                                                    
a_ia   29   39                                                     -0.03855017913991265477                                                    
mvp2   24   37   82   95   37   24   82   95                        0.01781988894485001321   -0.37684035354199080237                          
mvp2   24   37   26   39   24   26   39   37                        0.01249014393467583542   -0.48206501799379392059                          
a_ia   29   33                                                     -0.12804502854560431691                                                    
om     23   28   76   84   28   23   76   84                       -0.01436740554724766708                                                    
om     18   28   76   84   28   18   76   84                       -0.01080363242129592921                                                    
om     27   28   76   84   28   27   76   84                       -0.01297593501737438239                                                    
mvp2   24   36   82   95   36   24   82   95                       -0.00709226371426656833   -0.20366535570146107603                          
mvp2   26   38   82   95   38   26   82   95                       -0.00809414269631600694   -0.53259128272941125282                          
a_ia   37   39                                                     -0.32130790540608794581                                                    
mvp2   24   29   74   85   29   24   74   85                        0.01725802605994044420   -0.08844054572471150844                          
a_ia   24   33                                                     -0.00174909263740143117                                                    
op     20   28   79   84   28   20   79   84                       -0.01431696327733707717                                                    
op     20   28   83   84   28   20   83   84                       -0.01283808375944657174                                                    
op     20   28   76   84   28   20   76   84                       -0.00728745909925893314                                                    
om     20   28   74   84   28   20   74   84                       -0.01125232099623697454                                                    
op     23   29   79   85   29   23   79   85                       -0.00726141689003031651                                                    
op     20   32   76   88   32   20   76   88                       -0.00412455228523166476                                                    
op     22   32   78   88   32   22   78   88                       -0.00740741935012204610                                                    
a_ia   22   32                                                      0.00380421431678722296                                                    
a_ia   78   88                                                      0.00366030646996599743                                                    
op     13   32   69   88   32   13   69   88                       -0.01400354293989759975                                                    
a_ia   69   88                                                      0.00190367658788306838                                                    
a_ia   13   32                                                      0.00200589854590950498                                                    
op     16   32   72   88   32   16   72   88                       -0.00715430039858152948                                                    
a_ia   72   88                                                     -0.00109075522611446038                                                    
a_ia   16   32                                                     -0.00089237269843161831                                                    
op     12   32   68   88   32   12   68   88                       -0.00638068651763662800                                                    
op     13   28   79   84   28   13   79   84                       -0.00477434893384261205                                                    
om     13   28   74   84   28   13   74   84                       -0.00429919838780751153                                                    
a_ia   83   85                                                     -0.00267595076430591355                                                    
a_ia   76   85                                                     -0.00364296624970164270                                                    
om     13   28   83   84   28   13   83   84                       -0.00514374871483527871                                                    
om     13   28   76   84   28   13   76   84                       -0.00287070408822360590                                                    
a_ia   20   29                                                     -0.00318844112373274950                                                    
a_ia   79   84                                                      0.00076881066029698862                                                    
om     23   28   69   84   28   23   69   84                        0.00232748981057814960                                                    
a_ia   69   74                                                     -0.29805980663951575638                                                    
op     13   31   69   87   31   13   69   87                       -0.01795785058686816954                                                    
om     13   30   69   86   30   13   69   86                       -0.01062823620580650996                                                    
op     13   31   69   86   31   13   69   86                        0.00716035763316534655                                                    
om     13   30   69   87   30   13   69   87                        0.00747881255063127370                                                    
op     13   29   69   85   29   13   69   85                       -0.00695940862716212891                                                    
mvp2   26   38   82   94   38   26   82   94                       -0.00807072639255447533    0.85702767966742399164                          
a_ia   93   95                                                     -0.40131350893665024282                                                    
a_ia   26   36                                                      0.00064529330177182445                                                    
mvp2   26   39   82   94   39   26   82   94                       -0.00770261054935499501    0.22310715521480697920                          
op     13   53   69  109   53   13   69  109                       -0.01504566441357364261                                                    
op     13   53   80  109   53   13   80  109                        0.00584057001986229909                                                    
op     13   41   69   97   41   13   69   97                       -0.00582406728591726257                                                    
op     13   42   69   98   42   13   69   98                       -0.00472796989137768461                                                    
op     13   46   69  109   46   13   69  109                        0.00597233898068572511                                                    
op     13   44   69  100   44   13   69  100                       -0.00243941080425963278                                                    
a_ia   13   44                                                      0.00092307115746463608                                                    
op     13   46   69  102   46   13   69  102                       -0.00504378468269121166                                                    
a_ia   13   46                                                     -0.00085399188180991319                                                    
om     13   53   69  102   53   13   69  102                        0.00600968836517743778                                                    
op     13   34   69   90   34   13   69   90                       -0.00954353540251642873                                                    
op     13   34   69  109   34   13   69  109                        0.00735891527889179393                                                    
om     13   53   69   90   53   13   69   90                        0.00741987619428119676                                                    
a_ia   80   98                                                     -0.00090607078486607147                                                    
op     24   53   69  109   53   24   69  109                        0.00596715480764388895                                                    
a_ia   69   96                                                      0.00091973902683859074                                                    
op     24   46   80  102   46   24   80  102                       -0.00453272993166938150                                                    
op     24   42   80   98   42   24   80   98                       -0.00371341594404834240                                                    
a_ia   24   42                                                     -0.00094990588677162588                                                    
op     13   35   69   91   35   13   69   91                       -0.00288259228120597063                                                    
a_ia   69   91                                                     -0.00019808702202244317                                                    
a_ia   13   35                                                     -0.00011117235499056990                                                    
op     13   31   69  109   31   13   69  109                        0.00849413639729536783                                                    
op     13   38   69   94   38   13   69   94                       -0.00278609007982956675                                                    
om     13   31   69   90   31   13   69   90                       -0.01051973152003503158                                                    
om     13   53   69   87   53   13   69   87                        0.00833885444314581316                                                    
om     20   53   69  109   53   20   69  109                       -0.00495904113310116548                                                    
om     23   53   69  109   53   23   69  109                       -0.00001088092067152004                                                    
op     13   53   79  109   53   13   79  109                       -0.00001769969950009963                                                    
a_ia   13   23                                                     -0.39888380336727780051                                                    
op     13   53   76  109   53   13   76  109                       -0.00441964539007868619                                                    
a_ia   76   89                                                      0.00224784395688836913                                                    
a_ia   84   85                                                      0.21591215689996054450                                                    
om     23   37   79   93   37   23   79   93                       -0.00427173660020277457                                                    
a_ia   69   79                                                     -0.35774752471146670230                                                    
a_ia   28   29                                                      0.27300663094678839782                                                    
om     13   53   78  109   53   13   78  109                        0.00066331561424264648                                                    
a_ia   78   89                                                     -0.00347365974136307253                                                    
om     22   44   78  100   44   22   78  100                       -0.02064803962319271269                                                    
a_ia   22   44                                                     -0.00399696917136522362                                                    
a_ia   78  100                                                     -0.00472621725763762175                                                    
a_ia   20   44                                                      0.00040933810674031914                                                    
a_ia   22   36                                                      0.00354057042000709360                                                    
op     22   35   78   91   35   22   78   91                       -0.01645133208778486525                                                    
a_ia   78   91                                                     -0.00463981470020923426                                                    
a_ia   22   35                                                     -0.00442460959009407465                                                    
a_ia   78   87                                                      0.00152016321819968851                                                    
a_ia   20   36                                                      0.00053114196225393577                                                    
om     22   36   78   92   36   22   78   92                       -0.01551131752420174641                                                    
a_ia   78   92                                                      0.00363489339897336448                                                    
a_ia   82   91                                                      0.00163289093132787822                                                    
om     22   36   78  100   36   22   78  100                        0.01019445559258354804                                                    
om     22   36   78   91   36   22   78   91                        0.00742731797971952178                                                    
op     22   44   78   92   44   22   78   92                        0.01135931239220388037                                                    
om     22   35   78   92   35   22   78   92                        0.00738195216383320633                                                    
a_ia   84   85                                                      0.04376063711602053846                                                    
op     24   43   80   99   43   24   80   99                       -0.00307220027757703967                                                    
a_ia   24   45                                                     -0.00147722732173492344                                                    
op     24   47   80  103   47   24   80  103                       -0.00299276960514994247                                                    
a_ia   80  101                                                     -0.00143966390224672101                                                    
om     22   44   69  100   44   22   69  100                       -0.00175595312586011290                                                    
a_ia   69  100                                                     -0.00026168093642419993                                                    
a_ia   76   93                                                     -0.00096754296653954886                                                    
mvp2   20   44   78  100   44   20   78  100                        0.00473706619797369284    0.33203873203334405284                          
a_ia   20   44                                                     -0.00080741587577096694                                                    
om     22   36   78   87   36   22   78   87                       -0.00661079344802020710                                                    
a_ia   82   92                                                      0.00060959785762785786                                                    
op     22   31   78   87   31   22   78   87                       -0.00587586565528145591                                                    
a_ia   22   31                                                      0.00117116365455266882                                                    
op     22   31   78   92   31   22   78   92                       -0.00675276793687202594                                                    
op     24   48   80  104   48   24   80  104                       -0.00213822445397236511                                                    
op     15   32   71   88   32   15   71   88                       -0.00262025735287026596                                                    
op     13   44   78  100   44   13   78  100                       -0.00191825552940470367                                                    
a_ia   69   78                                                     -0.17361264597740083682                                                    
a_ia   20   35                                                      0.00332958691983572391                                                    
a_ia   13   44                                                     -0.00107082925015432903                                                    
om     22   36   78   93   36   22   78   93                       -0.00722519406841023830                                                    
a_ia   78   93                                                      0.00197720123032030454                                                    
a_ia   69   82                                                      0.12453776792484251568                                                    
om     22   44   78   93   44   22   78   93                        0.00794137641337821533                                                    
a_ia   13   22                                                     -0.24401546428409037759                                                    
om     13   34   69   87   34   13   69   87                       -0.00822415964555315952                                                    
a_ia   20   34                                                     -0.00184614875329116830                                                    
a_ia   69   87                                                     -0.00071313213448068755                                                    
a_ia   13   26                                                      0.14759318501163107284                                                    
op     23   53   76  109   53   23   76  109                        0.00197820899674462257                                                    
op     22   37   78  100   37   22   78  100                        0.00556587711408668920                                                    
a_ia   22   37                                                      0.00218780953104707673                                                    
a_ia   79  100                                                     -0.00041575044429728722                                                    
a_ia   76  100                                                      0.00074909144246981102                                                    
mvp2   22   44   76  100   44   22   76  100                        0.00504757945615810603   -0.31817403961955026404                          
a_ia   78   79                                                      0.06983852011083543920                                                    
op     22   37   78   93   37   22   78   93                       -0.00474325957991316577                                                    
op     22   37   78   92   37   22   78   92                       -0.00759499233527305678                                                    
op     14   32   70   88   32   14   70   88                       -0.00246853170685636504                                                    
a_ia   14   32                                                     -0.00082343801699015322                                                    
op      7   32   63   88   32    7   63   88                       -0.00499583266200919265                                                    
op      2   32   58   88   32    2   58   88                       -0.00637303677453006628                                                    
a_ia    2   32                                                     -0.00113982032245690161                                                    
a_ia   58   88                                                     -0.00113845372080690114                                                    
a_ia   76  100                                                     -0.00080581404717399178                                                    
op      3   32   59   88   32    3   59   88                       -0.00306910747613320075                                                    
op      5   32   61   88   32    5   61   88                       -0.00199266704950261126                                                    
mvp2   19   44   78  100   44   19   78  100                        0.00478817086261372048    0.33664764214011178023                          
a_ia   19   33                                                      0.00227681419484471919                                                    
a_ia   19   44                                                     -0.00029888296893397780                                                    
mvp2   22   44   75  100   44   22   75  100                        0.00552578097764871035   -0.30568909818816308865                          
a_ia   22   33                                                     -0.00326773603055539831                                                    
a_ia   75   89                                                      0.00222894717274495875                                                    
a_ia   75  100                                                     -0.00001294637288051504                                                    
om     19   44   75  100   44   19   75  100                       -0.00241774154583963797                                                    
a_ia   19   22                                                      0.16144801224251512095                                                    
a_ia   23   33                                                     -0.00112669212593680666                                                    
mvp2   22   44   68   92   44   22   68   92                       -0.00849759460136764039    0.38616151827365291505                          
a_ia   22   44                                                     -0.00065218979816054586                                                    
mvp2   22   44   68  100   44   22   68  100                        0.00393365427011867479    0.08133682793796633004                          
a_ia   68  100                                                      0.00169913827270306564                                                    
a_ia   68   92                                                     -0.00163844527513994521                                                    
op     22   36   68   92   36   22   68   92                        0.00580192371269126501                                                    
a_ia   23   36                                                      0.00105625788911660533                                                    
mvp2   12   36   68   92   36   12   68   92                       -0.00938980329313996061   -0.74770613743732827761                          
mvp2   12   36   78   92   36   12   78   92                        0.00962899647450570287   -0.09445521583028271273                          
a_ia   12   44                                                      0.00121807346984718727                                                    
op     12   44   78  100   44   12   78  100                        0.00545250277681582837                                                    
op     12   44   68  100   44   12   68  100                       -0.00310651305169412119                                                    
mvp2   12   36   78  100   36   12   78  100                       -0.00409043385840268323   -0.12799926982194556602                          
op     12   36   68  100   36   12   68  100                        0.00241047759992301736                                                    
mvp2   22   36   68  100   36   22   68  100                       -0.00269242292328110162   -0.11162480794646743865                          
op     12   30   68   86   30   12   68   86                       -0.00563304566061691766                                                    
a_ia   12   30                                                     -0.00117950552122302564                                                    
mvp2   12   44   68   92   44   12   68   92                        0.00341595954338819131    0.20654550379040592656                          
a_ia   75   78                                                      0.15633207376188787419                                                    
mvp2   12   44   78   92   44   12   78   92                       -0.00415887479488472479    0.04828706934419486202                          
a_ia   26   37                                                     -0.00082726884763438709                                                    
a_ia   82   93                                                     -0.00084816782559436505                                                    
op     18   29   74   85   29   18   74   85                       -0.00603527018683678706                                                    
a_ia   74   85                                                     -0.00096395377960080018                                                    
op     13   53   68  109   53   13   68  109                        0.00439194169687136607                                                    
a_ia   13   53                                                      0.00075077443706969625                                                    
om     12   53   68  109   53   12   68  109                       -0.00203938680954644054                                                    
om     12   53   69  109   53   12   69  109                        0.00424154279426746522                                                    
a_ia   69   78                                                     -0.10554219588472626978                                                    
a_ia   69  109                                                      0.00072817535296128473                                                    
om     20   35   76   91   35   20   76   91                       -0.00653613763130854713                                                    
a_ia   76   91                                                      0.00330169453291531299                                                    
a_ia   26   35                                                      0.00180096705473838017                                                    
a_ia   20   37                                                     -0.00082919057440837519                                                    
op     19   35   76   91   35   19   76   91                       -0.00703915140438819437                                                    
a_ia   19   35                                                      0.00299872990324144204                                                    
om     19   35   75   91   35   19   75   91                       -0.00804442083794014266                                                    
a_ia   75   91                                                      0.00315723579714788241                                                    
a_ia   75   93                                                     -0.00097692117831385734                                                    
om     20   35   75   91   35   20   75   91                       -0.00700785470819352031                                                    
a_ia   19   39                                                     -0.00033329023767863651                                                    
a_ia   26   34                                                     -0.00134994885830593187                                                    
op     23   35   79   91   35   23   79   91                       -0.00599740460307947223                                                    
a_ia   23   35                                                     -0.00224422209575587820                                                    
a_ia   79   91                                                     -0.00190524216416926230                                                    
op     24   49   80  105   49   24   80  105                       -0.00199570057596428103                                                    
a_ia   24   49                                                      0.00048005656459900906                                                    
op     24   50   80  106   50   24   80  106                       -0.00177067088835735340                                                    
a_ia   24   50                                                     -0.00038518380083983573                                                    
op     24   51   80  107   51   24   80  107                       -0.00182567859837538338                                                    
a_ia   80  105                                                      0.00044145206812521700                                                    
op     25   29   81   85   29   25   81   85                       -0.00607659544121240056                                                    
a_ia   18   29                                                     -0.00097620681547700425                                                    
a_ia   81   84                                                      0.00169032863908942163                                                    
a_ia   81   85                                                      0.00067485836596117615                                                    
op     18   28   68   84   28   18   68   84                       -0.00554026552610585414                                                    
a_ia   18   28                                                      0.00098258609744503764                                                    
a_ia   74   84                                                      0.00080428298622501888                                                    
a_ia   13   36                                                     -0.00033191662335713503                                                    
a_ia   68   86                                                     -0.00083557207602908464                                                    
a_ia   13   30                                                      0.00158133588685718980                                                    
a_ia   80  106                                                     -0.00035981174336452117                                                    
om     13   53   63  109   53   13   63  109                        0.00472806215792516502                                                    
op      7   53   69  109   53    7   69  109                        0.00504264614491377935                                                    
a_ia    7   29                                                      0.00179514323639638372                                                    
om      7   53   63  109   53    7   63  109                       -0.00270626804817624073                                                    
a_ia   63  109                                                      0.00027194962143122479                                                    
om      7   29   63   85   29    7   63   85                       -0.00535558212842667837                                                    
a_ia   63   85                                                      0.00203630582141838944                                                    
a_ia   13   28                                                     -0.00043920195894437146                                                    
op      7   30   63   86   30    7   63   86                       -0.00651508798092964060                                                    
a_ia   28   30                                                      0.07239487098929570097                                                    
a_ia   63   86                                                     -0.00056717708373170363                                                    
a_ia   69   85                                                     -0.00123970939354236783                                                    
om     22   44   78   91   44   22   78   91                       -0.00518109601342928335                                                    
om     22   33   78   91   33   22   78   91                       -0.00474113207117538363                                                    
a_ia   79   93                                                     -0.00076274191367881777                                                    
mvp2   22   44   68   93   44   22   68   93                       -0.00415935926515015320    0.22366518046911534889                          
a_ia   68   78                                                      0.13216590436758654525                                                    
a_ia   79   82                                                      0.09953397964091596772                                                    
mvp2   22   36   68   93   36   22   68   93                        0.00403433135455837436    0.08317868799684086101                          
om     12   36   68   93   36   12   68   93                       -0.00335570477278309201                                                    
om     13   53   71  109   53   13   71  109                        0.00178047891309087293                                                    
a_ia    7   18                                                     -0.13240993390905295146                                                    
op     13   53   81  109   53   13   81  109                       -0.00228469247172333710                                                    
op     15   53   69  109   53   15   69  109                        0.00354099646248576174                                                    
a_ia   69   71                                                     -0.13422955514155188173                                                    
om     25   53   69  109   53   25   69  109                       -0.00234312377702940470                                                    
a_ia   75   82                                                      0.11014303557718338467                                                    
om     13   53   58  109   53   13   58  109                       -0.00320045049761872712                                                    
op     13   53   83  109   53   13   83  109                        0.00189024568883402176                                                    
op     13   53   72  109   53   13   72  109                       -0.00082206174415191393                                                    
a_ia   15   27                                                     -0.13539583112705991241                                                    
om     27   53   69  109   53   27   69  109                        0.00235765648970256156                                                    
op      2   53   69  109   53    2   69  109                       -0.00323647469259913910                                                    
a_ia   69   77                                                      0.17531413755101435403                                                    
om     16   53   69  109   53   16   69  109                       -0.00257174851576057141                                                    
op      2   53   58  109   53    2   58  109                       -0.00160598692834047654                                                    
a_ia   69   72                                                      0.15156013647472460493                                                    
om     13   53   64  109   53   13   64  109                       -0.00274027929498227513                                                    
a_ia   13   21                                                      0.17342222382918359713                                                    
