-7.573765029972615537e+01
-7.573765094894535821e+01
-7.573844008062744138e+01
-7.573829985815379473e+01
-7.573610920688506098e+01
-7.573596797761355504e+01
-7.573680670390399428e+01
-7.573503449888872296e+01
-7.573798243068722513e+01
-7.573827469083362018e+01
-7.573804619869322607e+01
-7.573750620887172147e+01
-7.573831769631816258e+01
-7.573674588076762859e+01
-7.573489203258958469e+01
-7.573836923258465958e+01
-7.573499505582010727e+01
-7.573683744771329884e+01
-7.573809924456585918e+01
-7.573691335227424304e+01
-7.573813437395058656e+01
-7.573690022619028639e+01
-7.573842065826157466e+01
-7.573851072461911826e+01
-7.573783126339723992e+01
-7.573799620580535930e+01
-7.573808543846944019e+01
-7.573829741183949693e+01
-7.573722293963275831e+01
-7.573795198087853464e+01
