op     23   24   71   72   24   23   71   72                       -0.09273801354371867534                                                    
a_ia   71   72                                                     -0.00585938025906327948                                                    
a_ia   23   24                                                     -0.00238983206353367717                                                    
op     19   25   67   73   25   19   67   73                       -0.15180261584665794006                                                    
op     23   27   71   75   27   23   71   75                       -0.03628541010568868408                                                    
a_ia   71   75                                                     -0.00943986617756947463                                                    
a_ia   23   27                                                     -0.01382086011715299642                                                    
op     19   25   68   73   25   19   68   73                       -0.05870581865977662211                                                    
a_ia   19   25                                                      0.16440427419069539305                                                    
a_ia   19   20                                                     -0.03774431508495446758                                                    
a_ia   67   73                                                      0.06660193929558187731                                                    
a_ia   23   26                                                     -0.00342299762835173273                                                    
mvp2   19   25   66   72   25   19   66   72                        0.03332232296658839410   -0.22534572645811307146                          
a_ia   72   73                                                      0.03111277662212652909                                                    
mvp2   19   25   65   73   25   19   65   73                       -0.03080690907556686911    0.19849185439599037473                          
a_ia   67   70                                                     -0.12655546623381430660                                                    
a_ia   24   25                                                      0.02276301251959256602                                                    
a_ia   24   26                                                     -0.10881127545572788495                                                    
mvp2   18   24   67   73   24   18   67   73                        0.03292892834705676841    0.26999264441490450350                          
a_ia   18   19                                                     -0.16421912444949726684                                                    
a_ia   18   24                                                      0.00349693893807626012                                                    
op     23   28   71   76   28   23   71   76                       -0.01249735042404737442                                                    
mvp2   17   25   67   73   25   17   67   73                        0.00151593918642349123   -0.00028341728703492973                          
a_ia   18   25                                                     -0.02532764023298540029                                                    
a_ia   17   19                                                     -0.02342116205108842053                                                    
mvp2   19   25   66   73   25   19   66   73                       -0.02553571647498786845    0.14336195659224929000                          
a_ia   17   25                                                     -0.00407955679342594801                                                    
a_ia   66   73                                                     -0.02000778077555984483                                                    
mvp2   18   24   71   75   24   18   71   75                        0.03184498728015173336   -0.36881059450095338148                          
mvp3   18   24   23   27   18   23   27   24   18   23   24   27    0.02924185063723710662   -0.34264275841582714222    0.14484372887809049413
a_ia   70   71                                                     -0.19691211467364022614                                                    
a_ia   66   72                                                      0.00761752690305678767                                                    
a_ia   19   25                                                      0.00643988296821165328                                                    
mvp2   19   25   64   72   25   19   64   72                       -0.01386980933967077445    0.11401242189203449062                          
mvp2   19   25   61   72   25   19   61   72                       -0.03572453838088585770    0.28051534412282691511                          
a_ia   61   72                                                      0.03164458346221776103                                                    
a_ia   61   73                                                      0.01545621491061771775                                                    
a_ia   64   67                                                      0.15699870288333298007                                                    
mvp2   19   25   62   72   25   19   62   72                       -0.03036581025423423091    0.20367911809663180600                          
a_ia   62   72                                                      0.00219250161459405742                                                    
a_ia   62   73                                                     -0.00191439279330247558                                                    
a_ia   65   72                                                      0.00000381840432549207                                                    
a_ia   19   20                                                      0.15251869642451346132                                                    
a_ia   19   25                                                     -0.04299300954248824053                                                    
a_ia   16   19                                                      0.12774081648015558899                                                    
a_ia   64   72                                                     -0.00914189326875291565                                                    
a_ia   20   25                                                     -0.01706305563825189289                                                    
a_ia   18   27                                                     -0.00068761164900005994                                                    
mvp2   19   25   59   73   25   19   59   73                        0.01048265159875854703   -0.09901341091665541438                          
a_ia   68   73                                                     -0.00345428379320546165                                                    
op     11   28   59   76   28   11   59   76                       -0.01885625637845702099                                                    
a_ia   59   76                                                      0.02439306357077355297                                                    
a_ia   11   28                                                      0.02371829664460725282                                                    
a_ia   64   76                                                      0.00087105006057729194                                                    
a_ia   15   19                                                      0.09250486677485826592                                                    
a_ia   59   67                                                     -0.11009870611142671959                                                    
a_ia   61   65                                                      0.08753988110661845012                                                    
mvp2   19   25   63   73   25   19   63   73                        0.01323063446933525449   -0.10695275681596351502                          
mvp2   23   29   71   75   29   23   71   75                       -0.01413308158634528008   -0.25916043926806564546                          
mvp2   18   27   66   75   27   18   66   75                       -0.00850630606236412942   -0.73276888250912097789                          
mvp2   23   27   71   77   27   23   71   77                        0.00210260330394407063    0.21143251186142042464                          
a_ia   71   77                                                      0.00514056118271664659                                                    
op     23   38   71   86   38   23   71   86                       -0.01115610555489749377                                                    
a_ia   71   86                                                     -0.00088499519342920881                                                    
a_ia   23   38                                                      0.02618045817876887491                                                    
op     23   36   71   84   36   23   71   84                       -0.00622754118017076856                                                    
a_ia   23   34                                                     -0.00228551869414612670                                                    
a_ia   23   36                                                      0.00472409576092186045                                                    
a_ia   71   84                                                      0.00141702355151569325                                                    
a_ia   71   82                                                     -0.00166169788782363163                                                    
mvp2   13   24   61   72   24   13   61   72                       -0.01841573972484466387   -0.60632015213113577001                          
a_ia   61   72                                                     -0.03013875438922241148                                                    
a_ia   11   17                                                     -0.09974242417283399331                                                    
mvp2   13   24   62   72   24   13   62   72                       -0.01574278691298945654   -0.13089937404272594668                          
a_ia   17   28                                                      0.00237988526354412835                                                    
mvp3   14   24   19   25   14   19   25   24   14   19   24   25   -0.01775095041350009326   -0.23423712442332464412    0.31347619205192361891
a_ia   14   24                                                     -0.00438475136444123857                                                    
a_ia   16   24                                                     -0.00523096214696850900                                                    
a_ia   19   24                                                      0.01869595696275389018                                                    
a_ia   14   25                                                      0.00063563785594430012                                                    
mvp3   16   24   19   25   16   19   25   24   16   19   24   25   -0.01015776295486155688   -0.13066830916374139182    0.12835087702219966088
a_ia   67   76                                                     -0.00050764822827348397                                                    
om     11   31   59   76   31   11   59   76                       -0.01004664293044733696                                                    
a_ia   11   31                                                     -0.00229067967041550989                                                    
op     11   28   59   79   28   11   59   79                       -0.01101790986731988539                                                    
a_ia   69   76                                                     -0.00079827720723123436                                                    
a_ia   59   79                                                     -0.00167172227971528311                                                    
a_ia   24   25                                                      0.09318917847896246442                                                    
a_ia   19   25                                                     -0.05768659499838765109                                                    
om     11   31   59   79   31   11   59   79                       -0.00769528881468438657                                                    
a_ia   20   24                                                      0.00288759881843837036                                                    
a_ia   16   25                                                      0.01536466359269890794                                                    
a_ia   62   67                                                     -0.04333372628413931921                                                    
a_ia   17   24                                                      0.00417860502293860691                                                    
a_ia   63   73                                                      0.01148994327560475502                                                    
a_ia   15   25                                                      0.00912105219359753833                                                    
a_ia   60   73                                                     -0.00079390355497050097                                                    
a_ia   13   24                                                     -0.02301514537706791236                                                    
a_ia   65   73                                                     -0.03085098819575220891                                                    
a_ia   61   73                                                     -0.00437527161854146893                                                    
a_ia   60   68                                                     -0.18791420076548254192                                                    
a_ia   24   31                                                     -0.14806497567118073744                                                    
a_ia   14   19                                                     -0.04084579233719794894                                                    
mvp2   23   27   71   86   27   23   71   86                        0.01023756284600184537    0.33512675204130815132                          
a_ia   71   81                                                      0.00179935199293803738                                                    
mvp2   23   38   71   75   38   23   71   75                        0.01538197324334440903   -0.22107271486821716833                          
a_ia   23   38                                                     -0.02577971361020676283                                                    
op     23   30   71   78   30   23   71   78                       -0.00674000733614271534                                                    
om     11   28   69   76   28   11   69   76                       -0.00659597984843123854                                                    
a_ia   71   75                                                     -0.01425197063513287780                                                    
mvp2   19   25   49   74   25   19   49   74                       -0.02090438660224698542    0.24953942320120184317                          
mvp2    1   26   49   74   26    1   49   74                       -0.01256339022520610790   -0.63150023123528953306                          
mvp2    1   25   49   73   25    1   49   73                       -0.01923185369193457922    0.12747009723710800433                          
mvp2    1   26   67   73   26    1   67   73                       -0.00393598799494405353    0.05967656525198820894                          
a_ia   25   26                                                      0.05293123788213877079                                                    
mvp2    1   25   67   74   25    1   67   74                       -0.00822914387374198281   -0.24647584117086770994                          
mvp2   19   26   49   73   26   19   49   73                       -0.01497877519367234178    0.29260673766985173527                          
a_ia   73   74                                                      0.04089806254623643694                                                    
mvp2   20   25   49   74   25   20   49   74                       -0.00430910382210582688   -0.41300807026180247350                          
a_ia   61   67                                                      0.11947035879884983223                                                    
om      1   24   49   72   24    1   49   72                       -0.00650952549246692699                                                    
a_ia    1   24                                                     -0.00194010242727318122                                                    
a_ia   49   72                                                     -0.00163995458235427862                                                    
op     11   30   59   78   30   11   59   78                       -0.00502800876629335650                                                    
a_ia   59   78                                                     -0.00245896158859474061                                                    
a_ia   11   30                                                     -0.00280469963035503284                                                    
a_ia   67   72                                                      0.02942227271426690882                                                    
op     11   32   59   80   32   11   59   80                       -0.00469438486621959281                                                    
a_ia   59   80                                                      0.00158115220226437252                                                    
a_ia   11   32                                                      0.00078639314049180637                                                    
a_ia   22   30                                                     -0.00081440918404861347                                                    
a_ia   14   26                                                     -0.00240738907152332655                                                    
op      8   26   56   74   26    8   56   74                       -0.00735219790510751106                                                    
a_ia   60   74                                                     -0.00126949160977259546                                                    
mvp2   19   25   60   72   25   19   60   72                       -0.01220050867990916943    0.10778763377316159799                          
a_ia   60   72                                                      0.00782096766936513609                                                    
op      8   31   56   79   31    8   56   79                       -0.00668965971796189017                                                    
a_ia   72   79                                                     -0.13926206723676234911                                                    
a_ia   25   31                                                      0.10845594354443947871                                                    
a_ia   49   79                                                      0.00155100065301198289                                                    
op      8   24   56   72   24    8   56   72                       -0.00833194530462887453                                                    
a_ia   56   72                                                      0.00193360909105650932                                                    
a_ia    8   31                                                     -0.00201879987193877503                                                    
a_ia   12   26                                                     -0.00175546146003132146                                                    
a_ia   22   28                                                     -0.00026386758073862525                                                    
a_ia   70   76                                                     -0.00003994221455465139                                                    
op      1   31   49   79   31    1   49   79                       -0.00367348826547683749                                                    
a_ia    1   31                                                      0.00164595988906006733                                                    
mvp2    8   31   49   74   31    8   49   74                       -0.00916714731676782774   -0.42172441994785403452                          
mvp2   49   74   56   79   49   56   79   74                       -0.00574468638687089094    0.48581846652405175080                          
a_ia   49   74                                                     -0.00481254791646476467                                                    
mvp2   11   28   71   75   28   11   71   75                        0.01847198782495904426    0.22746768699888428311                          
a_ia   11   28                                                     -0.03207557889737259332                                                    
a_ia   59   75                                                      0.00113451782485045555                                                    
a_ia   23   33                                                      0.00171333090161827494                                                    
mvp3   59   75   71   76   59   71   76   75   59   71   75   76   -0.01265369383694519428    0.31227502807018492348    0.27174143132380507160
a_ia   59   76                                                     -0.03070104845806472665                                                    
mvp2   11   28   71   86   28   11   71   86                       -0.00716534966525471991    0.20308227178926538392                          
a_ia   61   75                                                     -0.00463089880721793360                                                    
a_ia   61   77                                                      0.00099038728921942978                                                    
a_ia   61   71                                                     -0.21274425764366181046                                                    
a_ia   75   77                                                      0.33484869401018901858                                                    
a_ia   61   86                                                      0.00120944379004380592                                                    
a_ia   72   74                                                     -0.05785283438438421771                                                    
a_ia   56   79                                                     -0.00265480885504836223                                                    
mvp2   19   25   49   79   25   19   49   79                        0.00508336460797956767   -0.03205223416473389902                          
a_ia   19   25                                                     -0.03974894872512899080                                                    
a_ia   73   79                                                      0.10480610193873247937                                                    
a_ia   49   73                                                     -0.00075834196073628366                                                    
a_ia   59   71                                                      0.08181668846628370462                                                    
om      8   25   56   73   25    8   56   73                       -0.00550018529648611722                                                    
mvp2    1   31   67   73   31    1   67   73                        0.00617629235671002339    0.02200113965988624229                          
a_ia   72   73                                                      0.28413001408529231506                                                    
mvp3   56   73   67   74   56   67   74   73   56   67   73   74    0.00589196794507899219    0.17530873527854606841   -0.04393726123132622036
a_ia   67   73                                                     -0.00166983631999550000                                                    
a_ia   67   74                                                     -0.00127490313955852422                                                    
mvp3   56   72   67   73   56   67   73   72   56   67   72   73    0.00893291542846395142    0.09427258401107405095    0.03188835261357696182
mvp2    8   24   67   73   24    8   67   73                        0.00906009583088741507    0.08076552998226617375                          
a_ia    8   24                                                      0.00122365877394927237                                                    
a_ia   62   75                                                     -0.00447630390072000298                                                    
a_ia   62   77                                                     -0.00185986470445328685                                                    
mvp2   22   25   67   73   25   22   67   73                        0.01310744361428651736    0.11063071222249745706                          
a_ia   24   25                                                      0.24134619531903042655                                                    
a_ia   22   24                                                     -0.00578269191144332399                                                    
a_ia   11   33                                                     -0.00536502907734234639                                                    
a_ia   11   23                                                      0.07874087566951397388                                                    
a_ia   67   73                                                     -0.07307944055916677784                                                    
mvp2   11   27   23   33   11   23   27   33                       -0.00385693586394296028    0.17648688335270529270                          
mvp2   56   73   67   77   56   67   73   77                        0.01117300634685287897   -0.10007485965240570103                          
a_ia   73   77                                                     -0.07051818803385884182                                                    
mvp2   19   25   49   77   25   19   49   77                       -0.00657378840887189436    0.05536659500993944272                          
a_ia    8   19                                                     -0.03289944642015392440                                                    
a_ia   64   73                                                      0.01285029955483436848                                                    
mvp2    1   32   67   73   32    1   67   73                       -0.00779307345799148694   -0.04107670725063971434                          
a_ia   17   32                                                      0.00050669822107048536                                                    
a_ia   11   33                                                      0.00234498839441480951                                                    
mvp2    1   30   67   73   30    1   67   73                       -0.00573612751129101272   -0.03102002991118563840                          
a_ia   13   32                                                     -0.00054055333948400432                                                    
a_ia   20   32                                                      0.00116969825556887904                                                    
a_ia   13   20                                                     -0.08723840887887862605                                                    
a_ia   69   78                                                     -0.00096353208525792042                                                    
a_ia   19   32                                                      0.00657044726466520391                                                    
a_ia   19   20                                                      0.22310028234905524003                                                    
mvp2   19   32   67   73   32   19   67   73                        0.00741525416993872415    0.05259613778742953244                          
mvp2   19   37   67   73   37   19   67   73                        0.01871733411118263815    0.13309080607908002625                          
a_ia   19   37                                                      0.00129617055293196034                                                    
a_ia   67   78                                                     -0.00371297534653719031                                                    
a_ia   67   73                                                      0.03901931533950241116                                                    
a_ia   18   37                                                      0.00175056423446836966                                                    
a_ia   60   79                                                      0.00094106126903389508                                                    
mvp2   19   37   67   85   37   19   67   85                       -0.01023273420858305041    0.70789023543449058895                          
a_ia   59   67                                                     -0.20709741235550846450                                                    
a_ia   71   85                                                      0.00023710508527359503                                                    
a_ia   67   80                                                      0.01696557646468609473                                                    
a_ia   67   86                                                      0.00439107949385961985                                                    
a_ia   19   28                                                     -0.00287885931976761310                                                    
a_ia   19   37                                                      0.00895880974004966205                                                    
a_ia   73   85                                                      0.02293176114803447199                                                    
a_ia   59   73                                                     -0.00981967365976079559                                                    
a_ia   71   73                                                     -0.00422377877892734805                                                    
a_ia   59   85                                                      0.00073930389077765733                                                    
a_ia   73   86                                                     -0.04616546646291079525                                                    
a_ia   67   73                                                     -0.02873190812813017359                                                    
a_ia   73   80                                                     -0.05959893003161473302                                                    
a_ia   73   81                                                      0.13593549839992874473                                                    
a_ia   67   80                                                     -0.01036934192702715710                                                    
a_ia   73   87                                                      0.11706799066606403403                                                    
a_ia   73   88                                                     -0.10549587564266307838                                                    
a_ia   73   89                                                     -0.13158005876337425244                                                    
a_ia   73   90                                                      0.05482741003659827306                                                    
a_ia   67   85                                                      0.04070992034220111133                                                    
a_ia   61   85                                                     -0.00701894287586711779                                                    
a_ia   67   81                                                      0.05214396465112106083                                                    
mvp2   19   28   59   76   28   19   59   76                        0.00109818283057138344    0.01476224423537425209                          
a_ia   67   83                                                      0.00310445216043498881                                                    
a_ia   67   87                                                     -0.00380598244246588236                                                    
a_ia   67   89                                                      0.00349075083727918645                                                    
a_ia   67   88                                                      0.00318288062444399816                                                    
a_ia   23   38                                                     -0.00281976824438264721                                                    
mvp2   19   41   67   73   41   19   67   73                        0.01246670321499174228    0.10213441106713620765                          
a_ia   19   41                                                      0.00364437908218186125                                                    
a_ia   19   35                                                      0.00333125621040345756                                                    
mvp2   19   39   67   73   39   19   67   73                       -0.01252287133282259900   -0.12080831351229501247                          
a_ia   19   39                                                     -0.00340215814451998253                                                    
a_ia   73   82                                                      0.06639685132058971428                                                    
a_ia   67   82                                                      0.00134939516577206532                                                    
a_ia   19   40                                                      0.00213226154316298886                                                    
mvp2   19   40   67   73   40   19   67   73                        0.00819075323314544419    0.04838295516256542472                          
a_ia   67   73                                                     -0.01318446635335819919                                                    
mvp2   19   39   67   87   39   19   67   87                       -0.00421554301695334453    0.07903829108562926420                          
mvp2   19   33   67   73   33   19   67   73                       -0.01129091094978186029   -0.10502839118622793457                          
a_ia   19   33                                                      0.00408902114390123552                                                    
a_ia   11   27                                                      0.00092471282620535387                                                    
om     19   33   67   81   33   19   67   81                       -0.00791459736679112069                                                    
a_ia   67   84                                                      0.00146205399022072621                                                    
a_ia   11   34                                                     -0.00070482191353809121                                                    
a_ia   73   83                                                      0.01748780307292723338                                                    
a_ia   11   19                                                     -0.23099315095462433223                                                    
a_ia   11   35                                                     -0.00079911547776688355                                                    
a_ia   11   41                                                     -0.00116066965710704632                                                    
om     23   36   67   85   36   23   67   85                       -0.00553243035797142558                                                    
a_ia   19   34                                                      0.00183542856688221332                                                    
mvp3   61   73   67   84   61   67   84   73   61   67   73   84    0.00723145426477121885    0.02670192627636875857   -0.10131529310737048821
a_ia   61   84                                                      0.00237845486734206829                                                    
a_ia   73   84                                                      0.03390216609065817982                                                    
a_ia   67   81                                                     -0.04851188232346607260                                                    
a_ia   61   67                                                     -0.19838092507575560974                                                    
a_ia   61   81                                                      0.00040190656089657669                                                    
a_ia   11   39                                                     -0.00097533561778856219                                                    
a_ia   71   80                                                     -0.00066072692754470938                                                    
a_ia   27   36                                                      0.08749391736654468787                                                    
a_ia   23   36                                                     -0.00123006028374504531                                                    
mvp2    1   44   67   73   44    1   67   73                       -0.00804079385935196032   -0.06972452358803032935                          
mvp2    1   33   67   73   33    1   67   73                       -0.00470957374905085074   -0.04109540872195455857                          
mvp2    1   39   67   73   39    1   67   73                        0.00602586666516832705    0.05140948427307070329                          
a_ia    1   44                                                      0.00445400986311391203                                                    
a_ia   20   30                                                     -0.00170766992956938499                                                    
a_ia   17   20                                                     -0.54859728337126179021                                                    
a_ia   49   77                                                      0.00077913127198677530                                                    
mvp2    1   44   67   85   44    1   67   85                        0.00206260099139220178    0.11335600572511465856                          
mvp2    1   29   67   73   29    1   67   73                       -0.00738861580927270816   -0.05578144588328132203                          
a_ia    1   29                                                      0.00034618981146107889                                                    
mvp2    1   46   67   73   46    1   67   73                        0.00680020902685326417    0.07346121497120579324                          
mvp2    1   47   67   85   47    1   67   85                        0.00440588968842585763    0.30690526844602522560                          
a_ia    1   47                                                      0.01190452899604377626                                                    
a_ia   67   85                                                     -0.03101384468580497406                                                    
mvp2    1   47   67   73   47    1   67   73                       -0.00490206602845587834   -0.06197960993799227908                          
a_ia   73   85                                                     -0.18951253194499192989                                                    
mvp2    1   40   67   73   40    1   67   73                        0.00479975073930209283    0.04943522026008680126                          
mvp2   19   39   67   85   39   19   67   85                        0.00294141612708879356    0.05767350448637369176                          
a_ia    1   19                                                     -0.02098187107176715041                                                    
mvp2   19   40   67   85   40   19   67   85                       -0.00252462043982007141   -0.17749498591448087392                          
a_ia   19   40                                                     -0.00207948692741159302                                                    
mvp2    1   47   67   87   47    1   67   87                       -0.00278225049552767662    0.06803540506949391775                          
a_ia   11   43                                                      0.00143614938386041552                                                    
mvp2    1   43   67   73   43    1   67   73                        0.00411111214315703320    0.03853179891085463382                          
mvp2    1   45   67   73   45    1   67   73                        0.00461729188787408928    0.05072543208267892012                          
a_ia   19   43                                                     -0.00085474941575962315                                                    
op      8   30   56   78   30    8   56   78                       -0.00656718982201591299                                                    
a_ia   65   78                                                     -0.00082131757990549354                                                    
