op     24   28   80   84   28   24   80   84                       -0.02908388638348183633                                                    
a_ia   80   84                                                     -0.00618374166755051961                                                    
a_ia   24   28                                                     -0.00561676967408574011                                                    
op     25   28   81   84   28   25   81   84                       -0.01508100395054855387                                                    
op     24   29   80   85   29   24   80   85                       -0.02150215280037183832                                                    
a_ia   80   85                                                      0.00527306624498722221                                                    
a_ia   24   29                                                      0.00517057182164761507                                                    
a_ia   81   84                                                     -0.00270228937453471799                                                    
a_ia   25   28                                                     -0.00279809513876039598                                                    
op     24   28   80   85   28   24   80   85                        0.02346863936775362910                                                    
op     24   29   80   84   29   24   80   84                        0.02414794199057537435                                                    
op     21   31   77   87   31   21   77   87                       -0.01905087934490675219                                                    
a_ia   77   87                                                     -0.00265627740299956630                                                    
a_ia   21   31                                                     -0.00270666318360168745                                                    
op     27   28   83   84   28   27   83   84                       -0.01029410392142126283                                                    
op     20   34   76   90   34   20   76   90                       -0.01748179780589629098                                                    
op     21   34   77   90   34   21   77   90                       -0.00939654790385351275                                                    
a_ia   76   90                                                     -0.00203093210880080349                                                    
op     20   37   76   93   37   20   76   93                       -0.01312700182429803880                                                    
a_ia   20   37                                                      0.00207863500059894896                                                    
a_ia   76   93                                                      0.00207460451670363156                                                    
a_ia   20   30                                                      0.00095970006832368879                                                    
op     20   33   76   89   33   20   76   89                       -0.00821673864734379610                                                    
op     19   37   75   93   37   19   75   93                       -0.01266130322009267374                                                    
a_ia   19   37                                                      0.00218335734598246742                                                    
a_ia   75   93                                                      0.00203261074722840829                                                    
om     19   34   75   90   34   19   75   90                       -0.00776650292277768998                                                    
op     24   33   80   89   33   24   80   89                       -0.00386427215546077335                                                    
a_ia   76   86                                                      0.00101626661070139054                                                    
op     20   32   76   88   32   20   76   88                       -0.00468378134627503179                                                    
op     20   35   76   91   35   20   76   91                       -0.00447905291455744699                                                    
op     20   44   76  100   44   20   76  100                       -0.00980104418210374188                                                    
op     20   38   76   94   38   20   76   94                       -0.00510306679838659454                                                    
op     20   45   76  100   45   20   76  100                        0.00737787701922351918                                                    
op     20   45   76  101   45   20   76  101                       -0.00556385276548890598                                                    
op     20   44   76  101   44   20   76  101                        0.00858249732029262892                                                    
a_ia   20   44                                                      0.00085774187681069368                                                    
op     20   40   76   96   40   20   76   96                       -0.00424221163860996012                                                    
op     24   35   80   91   35   24   80   91                       -0.00555441599301502355                                                    
op     24   32   80   88   32   24   80   88                       -0.00571566151487144791                                                    
op     20   39   76   95   39   20   76   95                       -0.00351049870337549709                                                    
a_ia   24   32                                                     -0.00108023604852089394                                                    
op     24   36   80   92   36   24   80   92                       -0.00195438525232967310                                                    
a_ia   24   36                                                     -0.00063593956777669726                                                    
op     24   38   80   94   38   24   80   94                       -0.00444812651095342470                                                    
op     19   33   75   89   33   19   75   89                       -0.00965451682917796601                                                    
op     21   33   77   89   33   21   77   89                       -0.00744090326348424789                                                    
a_ia   75   84                                                     -0.00073543499703458682                                                    
op     19   35   75   91   35   19   75   91                       -0.00758345951718556767                                                    
a_ia   19   35                                                      0.00334440498142435805                                                    
a_ia   75   91                                                      0.00328468874763162286                                                    
a_ia   19   28                                                     -0.00139191924752366143                                                    
op     19   29   75   85   29   19   75   85                       -0.00772300406198041939                                                    
a_ia   19   29                                                      0.00006751326898350217                                                    
om     19   36   75   92   36   19   75   92                       -0.01010892007785837814                                                    
a_ia   80   88                                                     -0.00115942217968742056                                                    
op     19   30   75   86   30   19   75   86                       -0.01221812477773700015                                                    
a_ia   19   30                                                     -0.00208510329752946725                                                    
op     21   36   77   92   36   21   77   92                       -0.01215849637517587428                                                    
a_ia   21   36                                                     -0.00268300799158725746                                                    
a_ia   77   84                                                      0.00002731634248314260                                                    
a_ia   77   92                                                     -0.00253969967185692152                                                    
om     21   35   77   91   35   21   77   91                       -0.00844295014242255407                                                    
a_ia   21   28                                                      0.00102506281635548124                                                    
a_ia   75   85                                                     -0.00015760560208370056                                                    
op     19   40   75   96   40   19   75   96                       -0.01178668353883031809                                                    
op     19   38   75   94   38   19   75   94                       -0.00428381288918884464                                                    
op     19   43   75   99   43   19   75   99                       -0.01186240612110826993                                                    
a_ia   19   43                                                     -0.00011759405865401314                                                    
op     19   42   75   98   42   19   75   98                       -0.00218590481140756984                                                    
a_ia   19   42                                                      0.00036974192986646652                                                    
om     19   44   75  100   44   19   75  100                       -0.00656042983168563399                                                    
mvp2   20   44   75  100   44   20   75  100                        0.00522457957551943335   -0.59188551161826807867                          
a_ia   76   95                                                     -0.00080274740003968186                                                    
mvp2   19   44   76  100   44   19   76  100                        0.00562811019857853770    0.46692170326337889552                          
a_ia   19   44                                                     -0.00040766507636512352                                                    
om     19   43   75   96   43   19   75   96                       -0.01178112641497424361                                                    
a_ia   76   96                                                      0.00080478506026735613                                                    
op     19   40   75   99   40   19   75   99                       -0.01249057411544595569                                                    
a_ia   75   99                                                      0.00237300235994391401                                                    
op     12   37   68   93   37   12   68   93                       -0.00930813634061095248                                                    
op     16   37   72   93   37   16   72   93                       -0.00576207588594048695                                                    
a_ia   16   37                                                      0.00240652523739580968                                                    
a_ia   72   93                                                      0.00230610658081573799                                                    
op     12   34   68   90   34   12   68   90                       -0.00676251657427817503                                                    
op     12   33   68   89   33   12   68   89                       -0.00704289821142589471                                                    
a_ia   68   89                                                      0.00141086073524960740                                                    
a_ia   12   33                                                      0.00140590781455732184                                                    
op     23   34   79   90   34   23   79   90                       -0.00403677755679811203                                                    
om     16   34   72   90   34   16   72   90                       -0.00849419384777106920                                                    
a_ia   72   90                                                      0.00228274084612817242                                                    
a_ia   16   34                                                      0.00243309127348037123                                                    
op     13   37   69   93   37   13   69   93                       -0.00400578281176918512                                                    
a_ia   13   37                                                      0.00084000048341491274                                                    
op     14   37   70   93   37   14   70   93                       -0.00301082889966699336                                                    
a_ia   69   93                                                      0.00096794898633528130                                                    
a_ia   70   93                                                     -0.00100517576671237813                                                    
a_ia   14   37                                                     -0.00100958247150431668                                                    
mvp2   20   44   75   99   44   20   75   99                        0.00988361561767877282   -0.05869560902557657833                          
a_ia   20   40                                                      0.00045893229970907191                                                    
mvp2   19   40   20   44   19   20   44   40                        0.00765386414761589674    0.10566229187920007926                          
om     21   44   77  100   44   21   77  100                       -0.00895869249756945166                                                    
mvp3   19   40   21   43   19   21   43   40   19   21   40   43    0.01088598716555549614   -0.58068700744182288886    0.52012649224047147190
a_ia   77   80                                                      0.21042635592633826547                                                    
mvp2   21   44   76  100   44   21   76  100                        0.00685700941986360380    0.44838980122481669754                          
mvp2   20   44   77  100   44   20   77  100                        0.00716447689800446021   -0.60084285611416077266                          
mvp2   21   40   77   96   40   21   77   96                       -0.00573756783889125231    0.70465561076878102664                          
op     21   39   77   95   39   21   77   95                       -0.00565792704526240763                                                    
mvp2   19   40   77   96   40   19   77   96                       -0.00551070642683296197    0.46435674354209660608                          
mvp2   21   43   77   99   43   21   77   99                       -0.00594634749696697565    0.32864976928453415450                          
a_ia   21   43                                                     -0.00102348223873797019                                                    
a_ia   75   98                                                      0.00007476224090158338                                                    
mvp2   19   43   77   99   43   19   77   99                        0.00558381963967693323   -0.16485631082351662191                          
a_ia   75  101                                                      0.00049495999092519401                                                    
a_ia   77   99                                                     -0.00075664333170409929                                                    
op     21   51   77  107   51   21   77  107                       -0.00804686400778417861                                                    
op     21   41   77   97   41   21   77   97                       -0.00432886872058609908                                                    
op     21   46   77  102   46   21   77  102                       -0.00475847926456828257                                                    
op     21   46   77  107   46   21   77  107                        0.00250140366319266368                                                    
op     21   53   77  107   53   21   77  107                       -0.00421741010832150584                                                    
op     21   51   77  102   51   21   77  102                        0.00238083278979210871                                                    
op     21   51   77  109   51   21   77  109                       -0.00426214217973958521                                                    
op     21   53   77  109   53   21   77  109                       -0.00376612570715034300                                                    
op     21   49   77  105   49   21   77  105                       -0.00310266027704844986                                                    
op     21   50   77  106   50   21   77  106                       -0.00340091376626341490                                                    
op     21   50   77  105   50   21   77  105                        0.00175688276147121071                                                    
a_ia   19   43                                                      0.00090874119206157836                                                    
op     19   41   75   97   41   19   75   97                       -0.00369736208394318231                                                    
op     21   52   77  108   52   21   77  108                       -0.00287380041588667159                                                    
op     19   49   75  105   49   19   75  105                       -0.00733168119451460369                                                    
a_ia   19   45                                                      0.00060736191314236126                                                    
op     19   50   75  106   50   19   75  106                       -0.00735995935358308220                                                    
op     21   51   77  108   51   21   77  108                       -0.00223356533664557802                                                    
op     21   52   77  107   52   21   77  107                       -0.00219134352666607588                                                    
op     12   32   68   88   32   12   68   88                       -0.01151327543061866562                                                    
a_ia   12   36                                                      0.00147258878522100556                                                    
a_ia   12   32                                                     -0.00135704217363340771                                                    
om     12   36   68   92   36   12   68   92                       -0.00374898351601283143                                                    
a_ia   68   92                                                      0.00142041659529639624                                                    
a_ia   68   88                                                     -0.00131681119436933311                                                    
op     16   33   72   89   33   16   72   89                       -0.00755812500519074341                                                    
op      8   34   64   90   34    8   64   90                       -0.00855663435747457124                                                    
op      8   37   64   93   37    8   64   93                       -0.00274305939076366139                                                    
a_ia   69   90                                                      0.00085366505069963804                                                    
op     13   33   69   89   33   13   69   89                       -0.01000063104695174745                                                    
op     16   31   72   87   31   16   72   87                       -0.00636120757003187653                                                    
om     16   36   72   92   36   16   72   92                       -0.00667282993380578174                                                    
om     16   35   72   91   35   16   72   91                       -0.00998505732355364772                                                    
a_ia   16   35                                                     -0.00211699414434576285                                                    
a_ia   72   91                                                     -0.00216507172514261931                                                    
a_ia   12   35                                                     -0.00104574404216862290                                                    
a_ia   68   91                                                     -0.00103938918944053980                                                    
om     13   31   69   87   31   13   69   87                       -0.00911259671246152092                                                    
op     13   36   69   92   36   13   69   92                       -0.00751566654223036375                                                    
a_ia   13   36                                                      0.00320161359164760446                                                    
a_ia   79   92                                                      0.00100767600723831226                                                    
a_ia   69   92                                                      0.00236236103945303057                                                    
a_ia   23   36                                                      0.00100081558479322747                                                    
op      8   33   64   89   33    8   64   89                       -0.00545412866098516236                                                    
op      8   31   64   87   31    8   64   87                       -0.00611754697010068963                                                    
om     13   29   69   85   29   13   69   85                       -0.01318920593704213731                                                    
om     13   35   69   91   35   13   69   91                       -0.00708401222674929359                                                    
op     25   29   81   84   29   25   81   84                        0.01135476742016862384                                                    
om     25   29   81   85   29   25   81   85                       -0.01095558116957665029                                                    
a_ia   25   29                                                      0.00256334404025751212                                                    
om     12   35   68   91   35   12   68   91                       -0.00429669783088465224                                                    
op     24   42   80   98   42   24   80   98                       -0.00941309459699208803                                                    
om     25   28   81   85   28   25   81   85                        0.01106062337855528120                                                    
a_ia   13   28                                                      0.00185471563066996032                                                    
a_ia   81   85                                                      0.00250958397730856276                                                    
op      8   28   64   84   28    8   64   84                       -0.00779872060409609116                                                    
a_ia   64   84                                                      0.00157685673499717008                                                    
a_ia    8   28                                                      0.00174314161418608385                                                    
om      8   36   64   92   36    8   64   92                       -0.00330127088204786381                                                    
a_ia   69   85                                                     -0.00078392883291589167                                                    
op      6   34   62   90   34    6   62   90                       -0.00494948400163118269                                                    
a_ia   62   90                                                     -0.00136658056039247531                                                    
a_ia    6   34                                                     -0.00134782175128417107                                                    
op      2   34   58   90   34    2   58   90                       -0.00527269938084587008                                                    
op      2   33   58   89   33    2   58   89                       -0.00702824018647308247                                                    
a_ia   58   89                                                      0.00154507701464200804                                                    
a_ia    2   33                                                      0.00153944912227675472                                                    
a_ia   62   89                                                      0.00053054188149480254                                                    
op      4   34   60   90   34    4   60   90                       -0.00397095170988164166                                                    
a_ia   60   90                                                      0.00151578556565455593                                                    
a_ia    4   34                                                      0.00147381982268210486                                                    
op      6   37   62   93   37    6   62   93                       -0.00402007849983136798                                                    
op      6   33   62   89   33    6   62   89                       -0.00346304707818650883                                                    
mvp2   20   44   72  100   44   20   72  100                        0.00376618392930807080   -0.39440618158127488391                          
a_ia   20   38                                                     -0.00082471716185780904                                                    
a_ia   84   92                                                      0.13072153573605832522                                                    
op     21   55   77  107   55   21   77  107                        0.00185913865754913470                                                    
a_ia   21   55                                                      0.00025496371668345388                                                    
om     12   44   68  100   44   12   68  100                       -0.00325698240872988442                                                    
a_ia   72   86                                                     -0.00072691364229863554                                                    
om     24   42   72   98   42   24   72   98                        0.00487838093152371307                                                    
mvp2   20   44   68  100   44   20   68  100                        0.00332354497325370929   -0.21168669650737878540                          
a_ia   69   88                                                      0.00159907075102264703                                                    
op     13   32   69   88   32   13   69   88                       -0.00451101875453682136                                                    
a_ia   13   32                                                      0.00187882349550827889                                                    
a_ia   25   35                                                     -0.00145848321202591202                                                    
op     13   44   69  100   44   13   69  100                       -0.00293659467747586691                                                    
om     13   30   69   86   30   13   69   86                       -0.00626828668643698850                                                    
op     13   43   69   99   43   13   69   99                       -0.00570202959214836762                                                    
a_ia   13   43                                                      0.00108860443882901627                                                    
om     13   49   69  105   49   13   69  105                       -0.00737459973806672657                                                    
om     13   42   69   98   42   13   69   98                       -0.00408029643829218702                                                    
op     24   49   80  105   49   24   80  105                       -0.00251461107525233901                                                    
om     24   49   69  105   49   24   69  105                       -0.00226357339446640405                                                    
om     13   46   69  102   46   13   69  102                       -0.00503814172657549540                                                    
om     13   50   69  106   50   13   69  106                       -0.00607736266890402960                                                    
op     13   41   69   97   41   13   69   97                       -0.00283964273575352958                                                    
op     19   50   69  105   50   19   69  105                        0.00616481336805212339                                                    
op     13   50   69  105   50   13   69  105                       -0.00366883375297654335                                                    
op     13   50   75  105   50   13   75  105                        0.00549902797630521991                                                    
om     13   49   75  106   49   13   75  106                        0.00579896557782630991                                                    
om     19   49   69  106   49   19   69  106                        0.00588902656457897418                                                    
om     13   49   69  106   49   13   69  106                       -0.00363703136424908553                                                    
mvp3   72   96   75   99   72   75   99   96   72   75   96   99   -0.00978255862586616468   -0.44316377407974316682    0.50238346206704798114
a_ia   75   80                                                     -0.29966767251766440738                                                    
mvp2   13   43   75   99   43   13   75   99                       -0.00760643311115832572   -0.49949912686396363837                          
mvp2   13   43   75   98   43   13   75   98                       -0.00509629092427749553    0.29260135951418786426                          
mvp2   13   42   75   99   42   13   75   99                       -0.00271900585895008557   -0.09056133815314043600                          
mvp2   13   43   75   96   43   13   75   96                       -0.00549174828313955549   -0.18252169265745568638                          
om     24   39   80   95   39   24   80   95                       -0.00334723238551628199                                                    
om     24   49   69  106   49   24   69  106                       -0.00213740627498162613                                                    
a_ia   19   41                                                     -0.00076421715171094088                                                    
om     24   50   69  105   50   24   69  105                       -0.00198767883959453809                                                    
op     24   49   75  105   49   24   75  105                        0.00223034873743734952                                                    
om     24   50   75  106   50   24   75  106                        0.00151698710173036157                                                    
op     24   50   80  106   50   24   80  106                       -0.00179170378422135882                                                    
op     24   49   80  106   49   24   80  106                       -0.00171389760082242939                                                    
om     21   51   69  107   51   21   69  107                       -0.00393503522305025961                                                    
om     21   51   69  109   51   21   69  109                       -0.00314283502214328945                                                    
om     13   49   80  105   49   13   80  105                       -0.00310703486622816716                                                    
op     13   50   80  106   50   13   80  106                       -0.00296224268895316873                                                    
op     13   49   80  106   49   13   80  106                       -0.00190221425879858559                                                    
om     13   50   80  105   50   13   80  105                       -0.00209361015214067688                                                    
mvp2   16   40   72   96   40   16   72   96                       -0.00590183964591049423   -0.69643864711443070892                          
om     16   42   72   98   42   16   72   98                       -0.00502644586793089907                                                    
mvp2   16   43   72   99   43   16   72   99                       -0.00343520938368416240   -0.40006137385439932697                          
op     16   39   72   95   39   16   72   95                       -0.00427903708300456098                                                    
om     13   42   80   98   42   13   80   98                        0.00382365812820879879                                                    
a_ia   42   43                                                     -0.24082711044717014515                                                    
a_ia   19   24                                                     -0.33411933118818826216                                                    
op     16   42   80   98   42   16   80   98                        0.00483688281392589004                                                    
op     16   42   75   98   42   16   75   98                        0.00343584844374896729                                                    
a_ia   75   80                                                     -0.10378634294992460096                                                    
op     13   49   75  105   49   13   75  105                        0.00267856261393036033                                                    
mvp2   16   43   75   99   43   16   75   99                        0.00322721800204587520    0.28416989167542339167                          
op     24   51   77  107   51   24   77  107                       -0.00193361877018116755                                                    
op     21   53   69  107   53   21   69  107                       -0.00303156789297305941                                                    
om     24   53   77  107   53   24   77  107                       -0.00132416426986894844                                                    
om      2   37   58   93   37    2   58   93                       -0.00244162095747095867                                                    
op     16   45   72  101   45   16   72  101                       -0.00467551305171772826                                                    
a_ia   19   47                                                      0.00064788006529025929                                                    
op     16   49   72  105   49   16   72  105                       -0.00276522451258092664                                                    
mvp2   16   45   80   98   45   16   80   98                        0.00511413852461276627    0.13915430858576280371                          
mvp2   13   42   75   98   42   13   75   98                        0.00245044071887414979    0.49015005726010185683                          
mvp2   72   98   80  101   72   80   98  101                       -0.00339045333120290395    0.30280402769160824628                          
a_ia   13   16                                                     -0.09651269891993707883                                                    
mvp2   16   40   75   96   40   16   75   96                       -0.00440471983410879210   -0.16524670220893650230                          
mvp2   12   44   76  100   44   12   76  100                        0.00328440757209300799    0.20287332284621281686                          
op     24   51   77  109   51   24   77  109                       -0.00155474491883450809                                                    
a_ia   21   24                                                      0.20132523606547944595                                                    
op      4   33   60   89   33    4   60   89                       -0.00450478083518876873                                                    
a_ia    4   33                                                      0.00076919799459259665                                                    
op      4   37   60   93   37    4   60   93                       -0.00373070075088246991                                                    
op      6   37   60   93   37    6   60   93                        0.00355476025487291153                                                    
om      4   37   62   93   37    4   62   93                        0.00354982437656896571                                                    
om      2   31   58   87   31    2   58   87                       -0.00372983229611896028                                                    
a_ia   58   87                                                      0.00083364672159174074                                                    
a_ia    2   31                                                      0.00083983549266465997                                                    
om      2   28   58   84   28    2   58   84                       -0.00635743249591454954                                                    
a_ia   58   84                                                     -0.00095929916935359879                                                    
a_ia    2   28                                                     -0.00097283857279088239                                                    
om     14   31   70   87   31   14   70   87                       -0.00382495566991543313                                                    
op      2   29   58   85   29    2   58   85                       -0.00587297481970540988                                                    
a_ia   64   85                                                     -0.00061803141294042416                                                    
op      8   29   64   85   29    8   64   85                       -0.00462095139516873355                                                    
a_ia    2   36                                                     -0.00044659120260372214                                                    
a_ia   81   91                                                     -0.00140483445409816617                                                    
om      8   32   64   88   32    8   64   88                       -0.00593957596785191742                                                    
om      8   35   64   91   35    8   64   91                       -0.00446286252045671739                                                    
a_ia    8   35                                                      0.00063333837691062641                                                    
om      8   30   64   86   30    8   64   86                       -0.00538120213954296385                                                    
a_ia   64   91                                                      0.00063923806985402988                                                    
op      2   32   58   88   32    2   58   88                       -0.00368572877941702754                                                    
a_ia   29   36                                                     -0.11640781638960646938                                                    
om      2   36   58   92   36    2   58   92                       -0.00244341276911801391                                                    
a_ia   58   92                                                     -0.00050129386299084620                                                    
op      2   44   58  100   44    2   58  100                       -0.00417738063560068370                                                    
a_ia   58  100                                                     -0.00043698295834678066                                                    
a_ia    2   44                                                     -0.00058577813993538556                                                    
op      2   35   58   91   35    2   58   91                       -0.00366141654409094311                                                    
a_ia   58   91                                                      0.00047726093985580188                                                    
a_ia    2   35                                                      0.00046309881382961796                                                    
a_ia   64  100                                                     -0.00027319313858866227                                                    
op      8   44   64  100   44    8   64  100                       -0.00239382694222232961                                                    
mvp2   20   44   58  100   44   20   58  100                        0.00385673778955628564   -0.23438218246092168418                          
