op     16   30   60   74   30   16   60   74                       -0.01678266566296270773                                                    
op     16   24   60   68   24   16   60   68                       -0.01025468698509326808                                                    
op     16   26   60   70   26   16   60   70                       -0.01410618086915295909                                                    
op     16   28   60   72   28   16   60   72                       -0.01003386184129776218                                                    
op     16   27   60   71   27   16   60   71                       -0.00878348881143655585                                                    
op     16   32   60   76   32   16   60   76                       -0.00836945313227921775                                                    
op     16   25   60   69   25   16   60   69                       -0.00573748904911925307                                                    
op     16   34   60   78   34   16   60   78                       -0.00709720491246336547                                                    
op     16   35   60   79   35   16   60   79                       -0.00862687854405935414                                                    
op     16   35   60   78   35   16   60   78                       -0.00915289286307173662                                                    
op     16   39   60   83   39   16   60   83                       -0.00944757485118212850                                                    
op     16   33   60   77   33   16   60   77                       -0.00475818611636615041                                                    
op     16   38   60   82   38   16   60   82                       -0.00762753653357557942                                                    
op     16   36   60   80   36   16   60   80                       -0.00499634511002774399                                                    
op     16   40   60   84   40   16   60   84                       -0.00557145526801521105                                                    
op     16   40   60   83   40   16   60   83                       -0.00368352213862283484                                                    
op     18   30   62   74   30   18   62   74                       -0.00484173172524111819                                                    
a_ia   18   30                                                     -0.00153158800831393023                                                    
op     16   39   60   84   39   16   60   84                       -0.00415466561858600023                                                    
op     16   38   60   84   38   16   60   84                       -0.00241092395395489266                                                    
op     16   39   60   80   39   16   60   80                        0.00128100471217015366                                                    
a_ia   62   74                                                     -0.00161056877912020275                                                    
op      9   30   53   74   30    9   53   74                       -0.00997332574289567890                                                    
a_ia    9   30                                                      0.00190616873902935309                                                    
a_ia   59   74                                                     -0.00076586916505231477                                                    
a_ia   53   74                                                      0.00264646947752510478                                                    
op     10   30   54   74   30   10   54   74                       -0.01061420693649854988                                                    
a_ia   54   74                                                     -0.00173664701361497115                                                    
a_ia   10   30                                                     -0.00236613476265632502                                                    
op     14   30   58   74   30   14   58   74                       -0.00445296945742769488                                                    
op     13   30   57   74   30   13   57   74                       -0.00424415590706888734                                                    
op     15   30   58   74   30   15   58   74                        0.00604702184026599792                                                    
a_ia   58   74                                                      0.00222491220251690288                                                    
op     10   27   54   71   27   10   54   71                       -0.01725161294257605490                                                    
a_ia   54   71                                                      0.00273655516064248358                                                    
a_ia   10   27                                                      0.00358309003685938895                                                    
op     17   27   61   71   27   17   61   71                       -0.00854510084363929029                                                    
a_ia   61   71                                                      0.00256435612738210470                                                    
a_ia   17   27                                                      0.00257354366555338386                                                    
op     10   27   61   71   27   10   61   71                       -0.01028126057427067828                                                    
op     15   27   59   71   27   15   59   71                       -0.00761425299633554462                                                    
op      9   27   53   71   27    9   53   71                       -0.00652089182954954973                                                    
op     13   27   57   71   27   13   57   71                       -0.00654200094657657154                                                    
a_ia   58   71                                                     -0.00256384583221424579                                                    
a_ia   57   74                                                     -0.00035451608920842426                                                    
a_ia   13   30                                                     -0.00008750395938691391                                                    
op     10   23   54   67   23   10   54   67                       -0.00501622227514443141                                                    
op     10   24   54   68   24   10   54   68                       -0.00339568601697886815                                                    
op     14   23   58   67   23   14   58   67                       -0.01840457679733280977                                                    
op     14   23   59   67   23   14   59   67                        0.01087018717613037928                                                    
a_ia   14   23                                                      0.00064384599780890059                                                    
op     10   22   54   66   22   10   54   66                       -0.00296587954825447680                                                    
op     10   25   54   69   25   10   54   69                       -0.00317588803242789368                                                    
op     10   31   54   75   31   10   54   75                       -0.00676143921160740364                                                    
op     10   34   54   78   34   10   54   78                       -0.00721794952701324335                                                    
a_ia   54   78                                                      0.00498199305437166482                                                    
a_ia   10   34                                                      0.00236347642364080754                                                    
op     10   32   54   76   32   10   54   76                       -0.00202843522844070243                                                    
op     10   33   54   77   33   10   54   77                       -0.00453124691272152342                                                    
op     16   40   60   82   40   16   60   82                       -0.00268509143377374969                                                    
op     16   36   60   83   36   16   60   83                        0.00319697619283442272                                                    
op     16   39   60   82   39   16   60   82                        0.00285714827148332573                                                    
op     10   29   54   73   29   10   54   73                       -0.00266670595337611255                                                    
op     16   35   60   77   35   16   60   77                        0.00598536006301133607                                                    
op     16   33   60   79   33   16   60   79                        0.00726014320513197840                                                    
op     16   34   60   79   34   16   60   79                       -0.01759715543765443674                                                    
a_ia   16   34                                                     -0.00474519279591094183                                                    
mvp2   10   34   16   36   10   16   34   36                        0.00546117610407619459   -0.36003483368198829773                          
a_ia   10   33                                                      0.00122531119400986046                                                    
op     15   23   59   67   23   15   59   67                       -0.00784813102148774165                                                    
a_ia   58   67                                                      0.00133110928728308472                                                    
op     14   24   58   68   24   14   58   68                       -0.01055721970938285764                                                    
op     14   25   58   69   25   14   58   69                       -0.00894256418101338664                                                    
op     13   24   57   68   24   13   57   68                       -0.01540148113175155570                                                    
op     15   24   57   68   24   15   57   68                        0.00448649508663715064                                                    
op     15   24   59   68   24   15   59   68                       -0.00699105020429022402                                                    
op     13   24   53   68   24   13   53   68                        0.00588369411268853480                                                    
op     13   24   59   68   24   13   59   68                        0.01086247679561539760                                                    
op      9   24   57   68   24    9   57   68                        0.00996560562593849265                                                    
op      9   24   53   68   24    9   53   68                       -0.00360087820920637234                                                    
op      9   24   59   68   24    9   59   68                       -0.00818243218431311502                                                    
op     14   41   58   85   41   14   58   85                       -0.02636454397622776599                                                    
op     14   41   54   85   41   14   54   85                       -0.01257205528646424507                                                    
op     10   41   58   85   41   10   58   85                       -0.00097575548651994068                                                    
op     10   41   54   85   41   10   54   85                       -0.00114208070286329249                                                    
op     14   29   58   73   29   14   58   73                       -0.00548451722899233156                                                    
op     14   31   58   75   31   14   58   75                       -0.00495675579310431418                                                    
op     14   32   58   76   32   14   58   76                       -0.00416563385640432611                                                    
op     13   28   57   72   28   13   57   72                       -0.01209675072004755964                                                    
a_ia   57   72                                                     -0.00257375778504369702                                                    
a_ia   13   28                                                     -0.00214399066839547929                                                    
op     17   24   59   68   24   17   59   68                        0.00637100318410507068                                                    
op     13   25   57   69   25   13   57   69                       -0.00424485759352029746                                                    
a_ia   61   67                                                     -0.00060552824058565072                                                    
op     18   26   62   70   26   18   62   70                       -0.00452632684598209840                                                    
op     18   41   58   85   41   18   58   85                       -0.00141441277163389099                                                    
op     14   41   62   85   41   14   62   85                        0.00070933686118972985                                                    
op     13   26   57   70   26   13   57   70                       -0.00498471963675850734                                                    
op     13   22   57   66   22   13   57   66                       -0.00642986802709058503                                                    
op     13   32   57   76   32   13   57   76                       -0.00333870623143636561                                                    
op     13   31   57   75   31   13   57   75                       -0.00637009157447794919                                                    
om     16   39   57   83   39   16   57   83                       -0.00691730935029585998                                                    
op     13   39   57   83   39   13   57   83                       -0.00991337352464089112                                                    
op     13   39   60   83   39   13   60   83                       -0.00827336968770290941                                                    
op     13   40   60   83   40   13   60   83                       -0.00531657230795686778                                                    
om     13   40   60   84   40   13   60   84                       -0.00559223025202626629                                                    
om     13   40   57   84   40   13   57   84                       -0.00599072795480360028                                                    
om     10   40   54   84   40   10   54   84                       -0.00237673296074768703                                                    
op     14   40   58   84   40   14   58   84                       -0.00802162422891184931                                                    
op     10   40   58   84   40   10   58   84                       -0.00168665728137150643                                                    
om     14   40   54   84   40   14   54   84                       -0.00603490336867847955                                                    
om     13   39   60   84   39   13   60   84                       -0.00581524175653810177                                                    
om     13   39   57   84   39   13   57   84                       -0.00408868103441488613                                                    
om     16   39   57   84   39   16   57   84                       -0.00523716405645194196                                                    
om     14   40   58   85   40   14   58   85                        0.01336270856950259184                                                    
op     14   29   58   85   29   14   58   85                        0.00968301819375170202                                                    
op     15   32   59   76   32   15   59   76                       -0.00859881696069269771                                                    
op     15   26   59   70   26   15   59   70                       -0.01029307455651326531                                                    
op     15   25   59   69   25   15   59   69                       -0.00451951536388271822                                                    
a_ia   15   28                                                     -0.00280655369611679034                                                    
om     15   35   59   79   35   15   59   79                       -0.01964158860627578454                                                    
op     15   31   59   75   31   15   59   75                       -0.00479393357550881964                                                    
op     15   41   59   85   41   15   59   85                       -0.00752659965472039869                                                    
op     15   41   58   85   41   15   58   85                        0.01023391009880078237                                                    
om     14   41   59   85   41   14   59   85                        0.01422917785974945129                                                    
op     13   35   59   79   35   13   59   79                       -0.00770635624600716270                                                    
mvp2   15   35   60   79   35   15   60   79                       -0.00909364208636192529   -1.01724876104349526429                          
mvp2   13   35   60   79   35   13   60   79                       -0.00391634635048311412   -0.66052152579704270785                          
mvp2   15   35   60   78   35   15   60   78                       -0.00923374147555473986    0.22195594723585923558                          
mvp2   15   35   57   79   35   15   57   79                       -0.00878200037681104058    0.56796569080093262105                          
mvp2   13   35   57   79   35   13   57   79                       -0.00462546152859355346   -0.18142717407688629949                          
a_ia   57   79                                                      0.00102181959205412533                                                    
mvp2   16   35   59   79   35   16   59   79                       -0.01021919124399642796    0.42638024152964992819                          
op     18   35   59   79   35   18   59   79                       -0.00273903853865210822                                                    
om     16   35   57   79   35   16   57   79                       -0.00612902358365543642                                                    
op     16   40   57   84   40   16   57   84                       -0.00481271567827808860                                                    
op     16   40   57   83   40   16   57   83                       -0.00493521471435348722                                                    
om     10   38   54   82   38   10   54   82                       -0.00522813055130609376                                                    
op     10   37   54   81   37   10   54   81                       -0.00395905602117962128                                                    
mvp2   10   36   54   80   36   10   54   80                       -0.00472195482267990293    0.69678153536006537383                          
a_ia   13   15                                                     -0.17662977504968843667                                                    
a_ia   13   35                                                      0.00126173890462287649                                                    
op     13   40   57   83   40   13   57   83                       -0.00379244555795782857                                                    
op      1   27   45   71   27    1   45   71                       -0.00858184206287491806                                                    
op      6   27   50   71   27    6   50   71                       -0.00593052626596392209                                                    
op      1   30   45   74   30    1   45   74                       -0.00438181252681510511                                                    
op      6   30   50   74   30    6   50   74                       -0.00464094582308752397                                                    
om     13   39   59   83   39   13   59   83                        0.00423427257520126669                                                    
om     16   39   59   83   39   16   59   83                        0.00367456877252190714                                                    
op     13   37   57   81   37   13   57   81                       -0.00397214239416522792                                                    
mvp2   10   34   54   80   34   10   54   80                       -0.00186664061765275547   -0.35882156377907475919                          
a_ia   54   80                                                      0.00252472834565987698                                                    
op     17   24   61   68   24   17   61   68                       -0.00467119708418226205                                                    
op      3   27   47   71   27    3   47   71                       -0.00380373298179580458                                                    
op      4   27   48   71   27    4   48   71                       -0.00338446459743491426                                                    
om     14   41   58   84   41   14   58   84                        0.00416535190847885581                                                    
a_ia   14   41                                                      0.00116372193913196332                                                    
op     15   41   58   84   41   15   58   84                       -0.00260468942594316733                                                    
a_ia   14   18                                                     -0.42393183797362482546                                                    
a_ia   14   35                                                      0.00102387372717835400                                                    
a_ia   13   33                                                      0.00046123343190643035                                                    
om     16   39   57   82   39   16   57   82                       -0.00311065845406029813                                                    
op     14   41   58   73   41   14   58   73                        0.00833172255103023507                                                    
mvp2   14   41   59   84   41   14   59   84                       -0.00251963702027684132   -0.05116581378161198790                          
mvp2   14   41   59   73   41   14   59   73                       -0.00647437396290390967    0.06487575875417975202                          
mvp2   16   34   59   79   34   16   59   79                       -0.01392729731526787251    0.00471846242593945524                          
a_ia   29   35                                                     -0.26296079146773587709                                                    
a_ia   54   77                                                      0.00095798826158686795                                                    
op     10   43   54   87   43   10   54   87                       -0.00171439928694357667                                                    
op     10   42   54   86   42   10   54   86                       -0.00145696920631996720                                                    
om     15   39   59   83   39   15   59   83                       -0.00376482519478799895                                                    
mvp2   15   34   59   79   34   15   59   79                       -0.00504677741798251808   -0.13446440491973207787                          
op     14   39   58   83   39   14   58   83                       -0.00412541342082867191                                                    
op     13   33   57   77   33   13   57   77                       -0.00438479841316709914                                                    
a_ia   15   34                                                     -0.00130122121865248064                                                    
om      9   23   53   67   23    9   53   67                       -0.00508213171249786554                                                    
a_ia    9   23                                                      0.00119706515852868885                                                    
op     17   24   53   68   24   17   53   68                        0.00123100095568201909                                                    
om     15   38   59   82   38   15   59   82                       -0.00349314101541488287                                                    
op     13   42   57   86   42   13   57   86                       -0.00222807072778564682                                                    
a_ia   57   77                                                      0.00073820738651829052                                                    
op     15   37   59   81   37   15   59   81                       -0.00229195559995760186                                                    
op     14   37   58   81   37   14   58   81                       -0.00408586354941708769                                                    
mvp2   10   34   59   79   34   10   59   79                       -0.01143502923683153115   -0.24187974633891901055                          
om     10   38   59   82   38   10   59   82                       -0.00324228171983773203                                                    
op     10   40   58   82   40   10   58   82                        0.00356711089095366118                                                    
op     14   33   58   77   33   14   58   77                       -0.00774835076507322546                                                    
op     14   40   58   82   40   14   58   82                        0.00457981426916012797                                                    
om     14   38   58   82   38   14   58   82                       -0.00296071292801361940                                                    
mvp3   15   33   16   34   15   16   34   33   15   16   33   34   -0.00322909034240148217   -0.16703096592318558700    0.28791319009084492819
op     10   33   58   77   33   10   58   77                       -0.00034833605152932761                                                    
a_ia   10   14                                                     -0.32941237823572333543                                                    
om     14   40   54   82   40   14   54   82                        0.00384563625938840869                                                    
mvp2   14   40   57   82   40   14   57   82                       -0.00225521878837526332    0.08820792181886642769                          
om     14   40   59   82   40   14   59   82                        0.00234680175497894690                                                    
op     14   33   54   77   33   14   54   77                       -0.00600846608215377821                                                    
op     15   38   54   82   38   15   54   82                       -0.00382813388224557656                                                    
op     10   33   54   82   33   10   54   82                        0.00291807440839987652                                                    
op     15   42   59   86   42   15   59   86                       -0.00232368972495574418                                                    
mvp2   16   34   54   78   34   16   54   78                       -0.00538072166372281693    0.52765487145338707542                          
a_ia   16   34                                                      0.00806146656348072192                                                    
mvp2   16   35   54   78   35   16   54   78                       -0.00336828656553081430    0.04712828873835665788                          
op      9   41   58   85   41    9   58   85                        0.00392569482681523647                                                    
mvp2    9   41   58   84   41    9   58   84                       -0.00130446761364812051   -0.11239136577716485332                          
op      9   39   57   83   39    9   57   83                        0.00593172953598708301                                                    
a_ia    9   29                                                      0.00093287342707664756                                                    
a_ia   57   78                                                     -0.00086694949056775503                                                    
op      9   39   60   83   39    9   60   83                        0.00403079163395896577                                                    
mvp2   16   34   57   78   34   16   57   78                        0.00375819810471704875   -0.36734152284941273825                          
mvp2    9   34   60   78   34    9   60   78                       -0.00175587777919564061   -0.16215031523269166081                          
op     16   37   60   81   37   16   60   81                       -0.00227221739773842508                                                    
a_ia   54   79                                                     -0.00073469956328895650                                                    
mvp2   10   34   60   78   34   10   60   78                       -0.00342003871171186287   -0.03217852867371706616                          
op     21   29   65   73   29   21   65   73                       -0.00822293486648887663                                                    
op      9   39   60   84   39    9   60   84                        0.00358929348530456424                                                    
op     14   37   54   81   37   14   54   81                       -0.00255478336674947728                                                    
op     10   34   57   78   34   10   57   78                        0.00309434357860074137                                                    
a_ia   14   33                                                      0.00120855797864439086                                                    
mvp2    9   36   59   79   36    9   59   79                        0.00637882042739425052    0.47540841656878940480                          
a_ia    9   14                                                      0.20160388252658903441                                                    
mvp2   10   36   59   79   36   10   59   79                       -0.00534888073013221367   -0.25516990584295262678                          
mvp2   16   36   59   79   36   16   59   79                        0.00592319876778352357    0.41920791224383746609                          
a_ia    9   33                                                     -0.00082581660527696206                                                    
om     14   39   60   84   39   14   60   84                       -0.00351121433281233230                                                    
om     14   39   57   84   39   14   57   84                       -0.00361264228197550902                                                    
om     14   41   53   85   41   14   53   85                        0.00445485134292683462                                                    
a_ia   58   75                                                      0.00066025521941700149                                                    
mvp2    9   36   54   80   36    9   54   80                        0.00404188868394721786   -0.23955344912498680032                          
a_ia    9   36                                                     -0.00060946552680151897                                                    
om     16   36   54   80   36   16   54   80                        0.00526130272550636748                                                    
om     10   39   57   84   39   10   57   84                       -0.00238798901968835303                                                    
op     14   41   53   84   41   14   53   84                       -0.00089128451498267890                                                    
a_ia   10   35                                                     -0.00101339286820283222                                                    
om     18   39   60   83   39   18   60   83                        0.00208554438363555902                                                    
mvp2    9   36   53   80   36    9   53   80                       -0.00528446521266974847    0.73531780731466100942                          
mvp2   16   36   53   80   36   16   53   80                       -0.00538060534211066456    0.08490940832354285095                          
a_ia    9   16                                                     -0.08650905149739239464                                                    
mvp2   10   36   53   80   36   10   53   80                        0.00493870005233527313   -0.20342047590405470947                          
mvp2   16   34   53   78   34   16   53   78                       -0.00383190204293235633    0.31725477764600146235                          
op      9   38   53   82   38    9   53   82                       -0.00319506158778940560                                                    
op      9   37   53   81   37    9   53   81                       -0.00222073396271429534                                                    
op     16   38   53   82   38   16   53   82                       -0.00393306555476284191                                                    
op      9   33   53   77   33    9   53   77                       -0.00369971233469164763                                                    
a_ia   53   77                                                     -0.00116446201454337194                                                    
a_ia   53   59                                                     -0.30739103602263351256                                                    
op     13   33   53   77   33   13   53   77                        0.00344435596564237126                                                    
op     14   23   58   85   23   14   58   85                       -0.01181252155014878187                                                    
op     14   23   58   84   23   14   58   84                        0.00216615324661801950                                                    
op     14   22   58   66   22   14   58   66                       -0.00654291384686492630                                                    
a_ia   62   72                                                     -0.00090877340445447250                                                    
op     14   25   58   84   25   14   58   84                       -0.00218164777641469305                                                    
op     14   25   58   85   25   14   58   85                        0.00118082153240298832                                                    
a_ia   84   85                                                      0.27711487838773329884                                                    
op     14   41   58   67   41   14   58   67                       -0.01138990867271143757                                                    
a_ia   62   67                                                     -0.00078388926409945830                                                    
om     14   25   58   67   25   14   58   67                        0.00333947068628445308                                                    
a_ia   25   41                                                      0.54764503292836963499                                                    
om     14   41   58   69   41   14   58   69                        0.00150011404989966696                                                    
a_ia   58   62                                                     -0.32232933568731375606                                                    
op     14   41   62   85   41   14   62   85                       -0.00073167629691955080                                                    
op     14   41   58   85   41   14   58   85                        0.00128179048958296563                                                    
op     21   23   65   73   23   21   65   73                       -0.00330774408502532971                                                    
op     14   26   58   70   26   14   58   70                       -0.00371403556115395368                                                    
om     17   28   61   72   28   17   61   72                       -0.00528169325363100212                                                    
a_ia   17   28                                                      0.00165263452393106048                                                    
a_ia   61   72                                                      0.00147411983653397130                                                    
op     14   41   61   85   41   14   61   85                        0.00009594912972174101                                                    
a_ia   58   61                                                     -0.19101265730604161108                                                    
a_ia   69   85                                                      0.53312347141594906841                                                    
op     17   24   58   68   24   17   58   68                        0.00654996641184911899                                                    
op      1   28   45   72   28    1   45   72                       -0.00418150693531381661                                                    
op      6   28   50   72   28    6   50   72                       -0.00627469486707231926                                                    
op      1   26   45   70   26    1   45   70                       -0.00442426999266780883                                                    
op      1   32   45   76   32    1   45   76                       -0.00211604388934573048                                                    
a_ia    6   28                                                     -0.00075903030256855544                                                    
mvp2    1   41   58   85   41    1   58   85                        0.00278639756475807703    0.11843650909506349411                          
om     17   41   58   85   41   17   58   85                        0.00291808309297167737                                                    
mvp2   14   41   45   85   41   14   45   85                        0.00160193320328790175   -0.12397881093560723931                          
a_ia   45   58                                                      0.07928428968762202267                                                    
om      1   25   45   69   25    1   45   69                       -0.00424276089494551346                                                    
op     17   26   61   70   26   17   61   70                       -0.00383444254050636577                                                    
op     16   39   53   82   39   16   53   82                        0.00345703048389025755                                                    
op      9   39   53   83   39    9   53   83                       -0.00361945809999336546                                                    
om     13   39   53   83   39   13   53   83                        0.00353334664489082404                                                    
a_ia    9   16                                                     -0.06531670729942185005                                                    
mvp2   18   36   60   78   36   18   60   78                       -0.00285014386319848998   -0.45494368327859291412                          
a_ia   57   75                                                     -0.00065555046876248453                                                    
mvp2   18   36   60   80   36   18   60   80                        0.00305627823212568624   -0.65683180924801309875                          
mvp2   10   36   60   80   36   10   60   80                        0.00339503733309917026   -0.18467062438298101346                          
om      9   38   60   83   38    9   60   83                        0.00325674622315731905                                                    
om     16   38   53   83   38   16   53   83                        0.00318601312625349216                                                    
mvp2    9   36   60   80   36    9   60   80                       -0.00341274558536602520    0.16764173560909342853                          
a_ia   10   18                                                      0.19268746922934165688                                                    
om      1   34   45   78   34    1   45   78                       -0.00540116000463583459                                                    
op      1   31   45   75   31    1   45   75                       -0.00384935878670758123                                                    
op     17   34   61   78   34   17   61   78                       -0.00741462222723311692                                                    
a_ia   17   34                                                      0.00109448574724270312                                                    
a_ia   61   78                                                      0.00088391391002773433                                                    
mvp2   14   34   61   78   34   14   61   78                        0.00355988707049270919   -0.90696005353188124953                          
om     17   34   45   78   34   17   45   78                        0.00358413755226547840                                                    
