op     25   26   77   78   26   25   77   78                       -0.14799303299818236668                                                    
op     25   27   77   79   27   25   77   79                       -0.06841498488465233563                                                    
op     23   27   75   79   27   23   75   79                       -0.07523061017314353061                                                    
op     23   26   75   78   26   23   75   78                       -0.07443216169632063672                                                    
a_ia   23   26                                                     -0.00019882131881909606                                                    
mvp2   23   26   77   79   26   23   77   79                        0.08426784033763266846    0.11568272825764679135                          
mvp2   25   27   75   78   27   25   75   78                        0.08702056861213912364    0.15770808546603184985                          
a_ia   75   76                                                      0.04987334722712811336                                                    
a_ia   24   25                                                     -0.08063167911891175321                                                    
mvp3   75   78   77   79   75   77   79   78   75   77   78   79    0.06874882645738313036   -0.04171649323618593225    0.28491005007042075059
a_ia   78   79                                                     -0.00748535872108603822                                                    
mvp2   23   27   77   78   27   23   77   78                        0.05984239034678948133   -0.19092193143845473391                          
a_ia   75   77                                                      0.14644439526908781257                                                    
a_ia   21   25                                                      0.09454502049714992584                                                    
op     25   35   77   87   35   25   77   87                       -0.01991923942200892611                                                    
mvp2   25   26   77   87   26   25   77   87                        0.02878675336057223699    0.00213593916689228201                          
a_ia   25   26                                                      0.05840951092402767164                                                    
a_ia   23   27                                                      0.00658633327932008072                                                    
op     25   30   77   82   30   25   77   82                       -0.00931483158383387792                                                    
a_ia   23   24                                                     -0.20413612888306478799                                                    
mvp2   25   35   77   78   35   25   77   78                        0.03119430038251777559   -0.03707809291463892709                          
a_ia   75   76                                                     -0.09262619399311250445                                                    
mvp2   25   38   77   78   38   25   77   78                       -0.01086472635839958074   -0.20265491701540924718                          
a_ia   25   38                                                      0.00294539510381146286                                                    
a_ia   26   35                                                      0.08770538373130090659                                                    
a_ia   23   35                                                      0.00873597817611332372                                                    
mvp2   23   38   77   79   38   23   77   79                       -0.00664163978357380867    0.11456608446849261829                          
a_ia   23   38                                                     -0.00496123376706975212                                                    
mvp2   23   38   75   90   38   23   75   90                       -0.01066268557446240460    0.60316679854522603499                          
a_ia   78   90                                                     -0.14102891521144741982                                                    
a_ia   75   87                                                      0.01881549724806757737                                                    
a_ia   77   90                                                      0.00561225304164163045                                                    
mvp2   23   38   75   78   38   23   75   78                        0.00264339659346454498   -0.06816917653951043432                          
a_ia   75   77                                                     -0.17624311839742068386                                                    
mvp3   75   79   77   90   75   77   90   79   75   77   79   90   -0.00513884478849561000    0.12028113335050376331   -0.06775861158093171577
mvp2   23   38   75   87   38   23   75   87                        0.00553287347139041867    0.19659504275385589200                          
a_ia   78   87                                                      0.15700226977847078769                                                    
mvp2   23   40   75   79   40   23   75   79                       -0.02571774508416029351    0.07334369561450426733                          
a_ia   25   40                                                     -0.00068523630085452650                                                    
mvp2   23   40   75   92   40   23   75   92                       -0.00944554356977190569   -0.80597507894555886487                          
a_ia   79   92                                                     -0.06641858064541732165                                                    
mvp2   25   40   75   78   40   25   75   78                        0.01329227080419275592    0.09720617948348388160                          
om     25   40   75   90   40   25   75   90                       -0.00882414563848432816                                                    
a_ia   78   92                                                     -0.04656417172921231695                                                    
op     23   37   75   89   37   23   75   89                       -0.00896861607572806835                                                    
a_ia   23   37                                                      0.00162227830057680910                                                    
a_ia   77   92                                                     -0.00684496389634127629                                                    
mvp2   23   42   75   79   42   23   75   79                        0.02472441590333411196   -0.00232094064748696515                          
a_ia   23   42                                                     -0.00539394160359873628                                                    
mvp2   25   40   77   78   40   25   77   78                        0.00645059531643237764   -0.05447707475370557745                          
op     25   40   77   92   40   25   77   92                       -0.00549169095191640293                                                    
mvp2   23   42   75   94   42   23   75   94                       -0.00516966811407066663   -0.75761379059657596446                          
a_ia   75   94                                                     -0.00603154733025642979                                                    
a_ia   79   94                                                     -0.17265167989044793995                                                    
op     23   33   75   85   33   23   75   85                       -0.00343865810722901672                                                    
op     15   33   67   85   33   15   67   85                       -0.01737075509409400156                                                    
a_ia   15   33                                                     -0.00214305818744789031                                                    
op     15   28   67   80   28   15   67   80                       -0.00637914666069294960                                                    
op     15   29   67   81   29   15   67   81                       -0.00549740058383002637                                                    
a_ia   67   85                                                     -0.00205582843602414734                                                    
mvp2   25   26   67   83   26   25   67   83                       -0.01483783877761321070    0.06924740603763533675                          
a_ia   67   83                                                     -0.00072288728261037073                                                    
a_ia   25   26                                                     -0.06819966802337194822                                                    
mvp2   15   26   25   31   15   25   26   31                        0.01148826567339765806   -0.09544241515789975150                          
a_ia   15   31                                                      0.00308921584282870936                                                    
op     15   32   67   84   32   15   67   84                       -0.00691366623722459040                                                    
a_ia   78   89                                                      0.03534445502677494022                                                    
a_ia   75   89                                                      0.00181356399130219660                                                    
op     15   41   67   93   41   15   67   93                       -0.00661150973745942578                                                    
mvp2   15   41   75   79   41   15   75   79                        0.01506996177594832099    0.11366042264694868613                          
mvp2   67   79   75   93   67   75   79   93                       -0.01375493093261150393    0.13958923582345497683                          
op     15   36   67   88   36   15   67   88                       -0.00666857129651797064                                                    
op     15   34   67   86   34   15   67   86                       -0.00464434919260433340                                                    
op     15   39   67   91   39   15   67   91                       -0.00503313657083774742                                                    
op     15   43   67   95   43   15   67   95                       -0.00463904660483407082                                                    
op     15   44   67   96   44   15   67   96                       -0.00399441785964697437                                                    
a_ia   15   43                                                     -0.00055263101345923464                                                    
op     15   45   67   97   45   15   67   97                       -0.00406223854794922606                                                    
op     15   46   67   98   46   15   67   98                       -0.00384024272231053669                                                    
op     15   47   67   99   47   15   67   99                       -0.00370523002899516424                                                    
a_ia   26   38                                                     -0.22738695293357011340                                                    
op     15   48   67  100   48   15   67  100                       -0.00259572117421873151                                                    
a_ia   75   88                                                     -0.00244925432345325083                                                    
op     15   49   67  101   49   15   67  101                       -0.00238382522124617330                                                    
op     15   50   67  102   50   15   67  102                       -0.00187971393563299543                                                    
op     15   51   67  103   51   15   67  103                       -0.00207933531779038328                                                    
mvp2   25   27   71   83   27   25   71   83                        0.01466025605374394157   -0.19037589076839239732                          
mvp2   19   27   25   31   19   25   27   31                       -0.01337462900351290770    0.19775633184844143564                          
op     19   29   71   81   29   19   71   81                       -0.00614625574405090660                                                    
op     19   30   71   82   30   19   71   82                       -0.00620256041014735551                                                    
a_ia   19   30                                                     -0.00157822469858917395                                                    
op     19   32   71   84   32   19   71   84                       -0.00485614109912805431                                                    
a_ia   19   32                                                     -0.00195666106167726806                                                    
a_ia   71   85                                                      0.00182728726743547191                                                    
a_ia   71   83                                                      0.00089499840301096210                                                    
a_ia   71   84                                                     -0.00294552968469539381                                                    
op     19   31   71   83   31   19   71   83                       -0.00601348670601520568                                                    
a_ia   19   31                                                      0.00070271034398494843                                                    
mvp2   19   41   77   79   41   19   77   79                        0.01407539057585832469    0.20411814352299784137                          
a_ia   23   36                                                     -0.00222590824508805702                                                    
a_ia   77   79                                                     -0.00557970659791258167                                                    
a_ia   25   27                                                     -0.00645969847461412040                                                    
a_ia   19   41                                                     -0.00023700523366845978                                                    
a_ia   77   87                                                      0.00872506080079281723                                                    
mvp2   19   41   71   93   41   19   71   93                       -0.00604878458010179969    0.79480611487713337393                          
mvp2   19   37   77   79   37   19   77   79                       -0.00577097079538911682   -0.07430250361718872265                          
mvp2   19   39   77   78   39   19   77   78                       -0.01004313622099838044   -0.06237817407655467383                          
a_ia   19   37                                                      0.00025375641965938277                                                    
a_ia   77   78                                                     -0.00890721399594039329                                                    
a_ia   79   87                                                      0.01243682132538071264                                                    
mvp2   19   32   75   79   32   19   75   79                       -0.01727838904586628810   -0.12893409847042339167                          
a_ia   75   79                                                      0.00550360407803146545                                                    
mvp2   71   78   77   91   71   77   78   91                        0.00982523253839761267   -0.06355751473337330204                          
a_ia   77   91                                                      0.00279492126370345026                                                    
op     19   39   71   91   39   19   71   91                       -0.00557380136500175254                                                    
a_ia   77   89                                                     -0.00161819761289253863                                                    
a_ia   71   91                                                      0.00058321546390865161                                                    
mvp2   71   79   75   84   71   75   79   84                        0.01460055870329134489   -0.16720472990257614909                          
a_ia   77   88                                                     -0.00266208397318023777                                                    
op     19   34   71   86   34   19   71   86                       -0.00617569971234529797                                                    
a_ia   19   34                                                      0.00152174427035958130                                                    
a_ia   71   89                                                      0.00076509235882958539                                                    
a_ia   23   34                                                     -0.00122197547384413291                                                    
a_ia   71   86                                                      0.00136443913169509174                                                    
om     19   36   71   88   36   19   71   88                       -0.00541387569379694466                                                    
op     19   43   71   95   43   19   71   95                       -0.00269639365347950450                                                    
op     19   46   71   98   46   19   71   98                       -0.00325109900987230471                                                    
op     19   45   71   97   45   19   71   97                       -0.00305422624194334443                                                    
op     16   28   68   80   28   16   68   80                       -0.00758480417590822690                                                    
op     16   28   70   80   28   16   70   80                        0.00552729460698460698                                                    
a_ia   16   28                                                      0.00049010853075739035                                                    
a_ia   68   80                                                      0.00048492428495628662                                                    
a_ia   79   91                                                     -0.05384510436130720418                                                    
mvp2   23   42   71   95   42   23   71   95                        0.00611796808824201406   -0.45840569964308014450                          
mvp2   19   42   23   43   19   23   42   43                       -0.00483877803822010608    0.48382864952756121646                          
a_ia   19   43                                                     -0.00165804210819862972                                                    
mvp2   25   42   75   78   42   25   75   78                       -0.01272391230054973135   -0.15997433169306779499                          
mvp2   25   42   75   90   42   25   75   90                        0.00602813254015342834   -0.14972935810688969838                          
a_ia   75   90                                                     -0.00574565540008204270                                                    
a_ia   75   87                                                     -0.00827621341186000545                                                    
a_ia   26   40                                                     -0.02130454515051318290                                                    
om     25   40   75   87   40   25   75   87                        0.00695354034087015179                                                    
a_ia   25   40                                                     -0.00792529601725936762                                                    
a_ia   25   39                                                      0.00164192360149674824                                                    
a_ia   25   36                                                     -0.00231345153091040744                                                    
om     25   34   77   86   34   25   77   86                       -0.00610680249118759552                                                    
mvp2   25   42   77   79   42   25   77   79                        0.00712693209232799062   -0.00125270307238979986                          
a_ia   25   42                                                      0.00042684480570376711                                                    
a_ia   71   95                                                     -0.00176354049134067633                                                    
mvp2   19   45   71   95   45   19   71   95                        0.00241241541253361773    0.71104464481208251581                          
mvp2   16   32   75   79   32   16   75   79                        0.01270576904988269563    0.12689243400732097555                          
a_ia   16   32                                                      0.00170961850051123661                                                    
mvp2   16   32   75   92   32   16   75   92                        0.00109810636048829910   -0.13424698598296047614                          
mvp2   16   37   75   79   37   16   75   79                       -0.00844885056087210130   -0.10661082306588307023                          
a_ia   16   37                                                     -0.00106546091033031748                                                    
mvp2   23   42   77   90   42   23   77   90                        0.00589735016737813564   -0.22941803835938578970                          
a_ia   23   25                                                     -0.05242372073261431648                                                    
op     23   40   77   90   40   23   77   90                       -0.00641526550602375747                                                    
a_ia   39   40                                                      0.24140883456629402826                                                    
a_ia   25   39                                                     -0.00063291341970330805                                                    
mvp2   23   40   77   87   40   23   77   87                        0.00752726962332391555   -0.08806594940973141994                          
a_ia   23   40                                                     -0.00122677694402379290                                                    
mvp2   23   42   77   78   42   23   77   78                       -0.00847046926808603037   -0.06143007114477876812                          
mvp2   68   79   75   84   68   75   79   84                       -0.01105949817238961741    0.15796670066229601126                          
a_ia   79   92                                                      0.24570397452577832920                                                    
a_ia   68   84                                                      0.00169249040040753119                                                    
om     16   32   68   84   32   16   68   84                       -0.00606688140401942695                                                    
mvp2   16   37   68   89   37   16   68   89                       -0.00467257093539103462    0.82341436229442344086                          
a_ia   79   84                                                      0.01383227978550389918                                                    
op     16   44   68   96   44   16   68   96                       -0.00371593896695106632                                                    
a_ia   16   25                                                     -0.05332488318249585524                                                    
mvp2   23   40   68   96   40   23   68   96                        0.00692900890414733378   -0.31649267685448384535                          
mvp2   16   40   23   44   16   23   40   44                       -0.00544551552139442389    0.40168796111155113948                          
a_ia   68   77                                                     -0.05072234531080885289                                                    
op     19   50   71  102   50   19   71  102                       -0.00244231987075979508                                                    
a_ia   19   47                                                      0.00087089633998192718                                                    
op     16   36   68   88   36   16   68   88                       -0.00365890650284276999                                                    
a_ia   78   87                                                     -0.08516325717743179757                                                    
op     10   29   62   81   29   10   62   81                       -0.00849398218928237685                                                    
op     13   29   62   81   29   13   62   81                        0.00656274305159339818                                                    
op     13   29   65   81   29   13   65   81                       -0.00752894246725587229                                                    
op     13   29   66   81   29   13   66   81                        0.00549619357014596507                                                    
op     10   29   65   81   29   10   65   81                        0.00646688373304610091                                                    
a_ia   10   29                                                     -0.00113307142402422831                                                    
op     14   29   66   81   29   14   66   81                       -0.00374312155454811866                                                    
op     11   29   63   81   29   11   63   81                       -0.00465300051090923508                                                    
op      6   29   58   81   29    6   58   81                       -0.00597443594376628924                                                    
op      9   29   61   81   29    9   61   81                       -0.00308071829657125939                                                    
op      7   29   59   81   29    7   59   81                       -0.00442609885526406947                                                    
op      9   29   59   81   29    9   59   81                       -0.00273782135270847320                                                    
op      4   29   56   81   29    4   56   81                       -0.00471278256962531089                                                    
op      7   29   56   81   29    7   56   81                       -0.00309290422220756967                                                    
op      4   29   59   81   29    4   59   81                       -0.00311844142270456363                                                    
op      1   29   53   81   29    1   53   81                       -0.00475194774903306590                                                    
a_ia   53   81                                                      0.00056089362784238585                                                    
op      0   29   52   81   29    0   52   81                       -0.00336540250332400051                                                    
op      2   29   54   81   29    2   54   81                       -0.00392062229460475500                                                    
a_ia    0   29                                                     -0.00020110113706719995                                                    
op      2   29   56   81   29    2   56   81                        0.00322736136180436922                                                    
om     10   33   62   85   33   10   62   85                       -0.00526455299391027660                                                    
om     10   30   62   82   30   10   62   82                       -0.00635683132768607214                                                    
a_ia   24   35                                                     -0.00141126009513274425                                                    
a_ia   24   38                                                      0.00126842956210630395                                                    
op      6   30   58   82   30    6   58   82                       -0.00742661218664512381                                                    
a_ia   58   82                                                     -0.00091537277450470171                                                    
a_ia    6   30                                                     -0.00007229162348733616                                                    
op      6   33   58   85   33    6   58   85                       -0.00438813673143632725                                                    
op     13   30   65   82   30   13   65   82                       -0.00525302136432192861                                                    
om      6   28   58   80   28    6   58   80                       -0.00574852185864073613                                                    
a_ia   70   80                                                     -0.00086272980730379522                                                    
a_ia   58   80                                                      0.00111117177753690378                                                    
a_ia    6   28                                                      0.00103570176668492083                                                    
om     10   33   58   85   33   10   58   85                       -0.00415687671067340066                                                    
op      6   33   62   85   33    6   62   85                       -0.00440387589640994781                                                    
om      6   31   58   83   31    6   58   83                       -0.00521274738258261858                                                    
a_ia   58   83                                                     -0.00251696402419892672                                                    
a_ia    6   31                                                     -0.00311279966368278784                                                    
op      6   27   58   79   27    6   58   79                       -0.00835300993867555894                                                    
a_ia   70   83                                                     -0.00059288175759092930                                                    
om      6   41   58   93   41    6   58   93                       -0.00405516905434723240                                                    
a_ia    6   41                                                     -0.00119260647830827810                                                    
a_ia   58   93                                                     -0.00101128081033649412                                                    
om      6   32   58   84   32    6   58   84                       -0.00416266719713045182                                                    
a_ia   58   84                                                     -0.00113512739435049550                                                    
a_ia   26   37                                                      0.03776025523214734253                                                    
a_ia    6   32                                                     -0.00133843121760575672                                                    
mvp2   23   26   68   88   26   23   68   88                       -0.00777956383354070757    0.08681334501341170240                          
a_ia   68   88                                                     -0.00038977374278702004                                                    
mvp2   16   26   23   36   16   23   26   36                        0.00736273818620239093   -0.08323792412547920128                          
om      6   39   58   91   39    6   58   91                       -0.00459560972638937103                                                    
om      6   37   58   89   37    6   58   89                       -0.00277546422339059688                                                    
om      6   34   58   86   34    6   58   86                       -0.00600810139561567483                                                    
a_ia   58   96                                                     -0.00065715068658558169                                                    
mvp2    6   26   23   34    6   23   26   34                       -0.00583311844613467519    0.05807073393582484755                          
mvp2   23   26   58   86   26   23   58   86                        0.00642470173826664194   -0.06642426214260907513                          
op      6   36   58   88   36    6   58   88                       -0.00381378080482205244                                                    
a_ia    6   36                                                      0.00108814944610976616                                                    
a_ia   58   88                                                      0.00075913569359944489                                                    
op      6   43   58   95   43    6   58   95                       -0.00366062253643111707                                                    
a_ia   26   36                                                      0.02262108838360833707                                                    
a_ia   21   27                                                      0.00157078120152251074                                                    
op      2   29   52   81   29    2   52   81                       -0.00200903689353891957                                                    
mvp2    6   41   77   78   41    6   77   78                        0.00668014990212593800    0.02972920004332323812                          
mvp2    6   39   77   90   39    6   77   90                       -0.00338395834754776168   -0.11026011237081220773                          
mvp2    6   39   77   87   39    6   77   87                       -0.00319480364587207757   -0.07466046538213315376                          
mvp2    6   41   77   87   41    6   77   87                       -0.00333416316788485946   -0.04465839959326890068                          
mvp2   12   27   77   78   27   12   77   78                        0.03058446763442626212   -0.03075103091127230626                          
a_ia   76   77                                                     -0.07980219052327530704                                                    
a_ia   12   27                                                      0.00007306181792992921                                                    
mvp2   12   27   75   79   27   12   75   79                       -0.01647243068748514491   -0.16742251792588305759                          
a_ia   75   78                                                      0.00606405508719350637                                                    
a_ia   75   77                                                     -0.02760738942812689459                                                    
a_ia   75   76                                                     -0.16418932752372619732                                                    
mvp2    6   31   77   78   31    6   77   78                        0.01176702233934618508    0.03220659453915884762                          
mvp2    6   31   75   79   31    6   75   79                       -0.00816055254458507642   -0.07090043786625284394                          
mvp2   12   26   77   79   26   12   77   79                        0.02260500055882420575   -0.01396080442141858953                          
mvp2   12   38   77   79   38   12   77   79                       -0.00532538070310511341   -0.02555699184490311041                          
mvp2    6   30   77   78   30    6   77   78                        0.01076513831241237250    0.03981541636174703441                          
a_ia   73   77                                                      0.10115960339162057002                                                    
mvp2   11   27   77   78   27   11   77   78                        0.02188028540698623917   -0.02088318381518959599                          
a_ia   70   77                                                     -0.05235243934545580347                                                    
mvp2   13   27   77   78   27   13   77   78                        0.01879371947782171315   -0.02561778450335287088                          
a_ia   27   28                                                      0.02854881108255741609                                                    
a_ia   72   77                                                      0.08848284596366069732                                                    
op     13   33   62   85   33   13   62   85                        0.00352225837922256601                                                    
om      9   33   61   85   33    9   61   85                       -0.00531526648537686882                                                    
a_ia   61   85                                                     -0.00153250441742392644                                                    
a_ia    9   33                                                     -0.00162439372832660456                                                    
op     14   33   61   85   33   14   61   85                       -0.00300846485791338462                                                    
op      7   33   61   85   33    7   61   85                       -0.00358529199598511253                                                    
a_ia    7   33                                                     -0.00111112544592754372                                                    
op      1   33   53   85   33    1   53   85                       -0.00351468723053883093                                                    
a_ia   53   85                                                      0.00094809417515733863                                                    
a_ia    1   33                                                      0.00091458532975056430                                                    
op      4   29   54   81   29    4   54   81                        0.00317594416783917441                                                    
a_ia    4   29                                                      0.00056423026585819124                                                    
a_ia   58   68                                                      0.10172987909998762457                                                    
mvp2   11   26   77   79   26   11   77   79                        0.01666353207074483186   -0.01624172747279093235                          
mvp2   11   27   75   79   27   11   75   79                       -0.01116511175820482718   -0.09409511032242734441                          
a_ia   11   26                                                      0.00146506546259416717                                                    
a_ia   11   31                                                     -0.00078860510596457810                                                    
mvp2   13   26   77   79   26   13   77   79                        0.01418532785010088657   -0.04073333866464550618                          
a_ia   21   26                                                      0.00106333858957481393                                                    
a_ia   73   75                                                     -0.01908864081649256847                                                    
mvp2   13   27   75   79   27   13   75   79                       -0.01027723486723501785   -0.08133131636559939870                          
a_ia   74   77                                                      0.01962951274324776715                                                    
a_ia   13   26                                                      0.00081390741159886751                                                    
mvp2    1   31   77   79   31    1   77   79                        0.01035317147717945349    0.14508524719029985972                          
a_ia    1   31                                                     -0.00254537604321225693                                                    
a_ia    8   33                                                     -0.00084898855344943327                                                    
mvp2    1   31   53   83   31    1   53   83                       -0.00651033242402146613    0.78361233177029676611                          
a_ia   13   27                                                      0.00057473269520061268                                                    
a_ia   60   85                                                     -0.00081262807358835885                                                    
a_ia   59   85                                                     -0.00112813303737580419                                                    
om      1   27   53   79   27    1   53   79                       -0.00529318609973094059                                                    
a_ia   10   31                                                     -0.00117873725339556626                                                    
op      9   31   61   83   31    9   61   83                       -0.00617377529443641389                                                    
a_ia   61   82                                                      0.00107583207293943345                                                    
a_ia    9   31                                                      0.00078814021667974977                                                    
a_ia   18   31                                                     -0.00076475613016508434                                                    
