op     31   32   95   96   32   31   95   96                       -0.06359871158235375077                                                    
op     27   35   91   99   35   27   91   99                       -0.13052754891759796307                                                    
a_ia   91   99                                                     -0.07939324329928069968                                                    
a_ia   27   35                                                     -0.00238955231408832921                                                    
op     27   33   91   99   33   27   91   99                       -0.01878426575158344269                                                    
op     24   33   88   97   33   24   88   97                       -0.14616969541769483931                                                    
a_ia   24   33                                                      0.00513381335519695788                                                    
op     27   35   91   97   35   27   91   97                       -0.03775223542320711723                                                    
a_ia   33   35                                                     -0.59282016820333205409                                                    
a_ia   88   97                                                      0.04735262236780173745                                                    
op     24   33   88   99   33   24   88   99                        0.00127811533243799664                                                    
a_ia   97   99                                                      0.10923621919748684184                                                    
op     31   36   95  100   36   31   95  100                       -0.01504149166925527505                                                    
a_ia   24   27                                                      0.28359635152312728801                                                    
op     25   34   89   98   34   25   89   98                       -0.04678507111197147128                                                    
mvp2   25   34   88   97   34   25   88   97                        0.07654577341517752875    0.28303169155126844947                          
mvp2   88   97   89   98   88   89   98   97                        0.07106627972207332777   -0.41015392799360489429                          
a_ia   88   89                                                     -0.00771458446636745770                                                    
mvp2   25   34   91   99   34   25   91   99                       -0.07997984992957712924   -0.32025396003823763946                          
mvp2   89   98   91   99   89   91   99   98                       -0.05555911234336421978   -0.25175096435532989814                          
a_ia   91   99                                                      0.03315921136915980783                                                    
a_ia   88   91                                                      0.31453739973220617987                                                    
a_ia   97   99                                                     -0.66071544815218574698                                                    
a_ia   34   35                                                     -0.04290524117751810113                                                    
op     28   32   92   96   32   28   92   96                       -0.01571652951376687965                                                    
a_ia   92   96                                                     -0.01618986002413669301                                                    
a_ia   28   32                                                     -0.00336015773849624496                                                    
mvp2   25   34   95  100   34   25   95  100                       -0.03371454560489564600    0.26545269328608528392                          
mvp2   25   34   92  100   34   25   92  100                       -0.02107262421127569646    0.16944745079117679021                          
mvp2   25   34   92   96   34   25   92   96                       -0.00836529602173768407    0.12432678325015608656                          
mvp2   28   32   89   98   32   28   89   98                       -0.02314348286351959258   -0.23406382428166960796                          
mvp2   25   36   89  100   36   25   89  100                       -0.00016709598298914912    0.52087578783648713632                          
a_ia   34   36                                                      0.01464457947147958759                                                    
a_ia   89   92                                                      0.07527826151340982763                                                    
mvp2   25   36   89   96   36   25   89   96                       -0.02187926919501439679    0.68026067423871372508                          
a_ia   91   92                                                     -0.00512966673960636461                                                    
mvp2   28   36   89   98   36   28   89   98                       -0.02815985981903296534   -0.28992670399969699968                          
a_ia   35   36                                                      0.09504698528162787430                                                    
op     31   37   95  101   37   31   95  101                       -0.00564374650912986570                                                    
a_ia   96  100                                                     -0.38705269770081879299                                                    
mvp3   88   97   91   99   88   91   99   97   88   91   97   99    0.01628965062925992469    0.42542997498905582576   -0.44968923445980796272
a_ia   32   33                                                     -0.04453937912346005862                                                    
mvp2   31   36   89   98   36   31   89   98                       -0.00493817108136877531   -0.05954427530995785867                          
mvp2   31   36   92   96   36   31   92   96                       -0.01492752989546174136   -0.20546931141534746645                          
a_ia   35   38                                                      0.33502778293996177128                                                    
a_ia   35   39                                                     -0.13469287073686792011                                                    
a_ia   35   40                                                      0.19757233985735611626                                                    
a_ia   30   32                                                      0.00663151281880132015                                                    
mvp2   31   36   92  100   36   31   92  100                       -0.00069356972162695383   -0.15021847239934021934                          
a_ia   24   25                                                     -0.04444448917279874428                                                    
mvp2   89   99   91  100   89   91   99  100                        0.05431859302402908957   -0.38080166968317180620                          
mvp3   89   97   91  100   89   91  100   97   89   91   97  100    0.06553905356385461567    0.00238428523491504259   -0.44576868409183389996
a_ia   98  100                                                     -0.12062555647352053712                                                    
mvp2   28   34   89  100   34   28   89  100                       -0.04659908267207405613   -0.99644799019945862195                          
mvp2   31   34   95   98   34   31   95   98                       -0.01294864087412124672   -0.36941804707191416846                          
a_ia   92   95                                                     -0.23476574758263485387                                                    
a_ia   95   98                                                      0.00110559306108499273                                                    
a_ia   31   34                                                      0.00129647302595877660                                                    
mvp2   28   34   92   98   34   28   92   98                       -0.04561211196689415881    0.29811413269942982351                          
mvp2   28   34   95   98   34   28   95   98                       -0.05982280677616590853    0.27683865856012962459                          
a_ia   25   31                                                      0.01921468238478605053                                                    
mvp2   28   34   89   96   34   28   89   96                       -0.03820015492178365640    0.60352500058433922181                          
mvp3   25   34   28   36   25   28   36   34   25   28   34   36    0.01526470768093628194    0.39225244506158202240   -0.57498969015966128193
a_ia   91   99                                                      0.02758995267106717844                                                    
a_ia   99  100                                                     -0.01836780535248152060                                                    
mvp3   88   97   91   99   88   91   99   97   88   91   97   99    0.02322281952197516319   -0.51933298732661126174    0.53888100122300996997
a_ia   95   96                                                     -0.03403715337848568084                                                    
om     30   32   94   96   32   30   94   96                       -0.02334738238988835757                                                    
a_ia   94   96                                                     -0.01114078351673000906                                                    
a_ia   30   32                                                     -0.00498389993176619629                                                    
mvp2   27   35   91  102   35   27   91  102                        0.07261624382935928657    0.45015779773041886269                          
a_ia   35   37                                                      0.04516245097490042409                                                    
a_ia   92  102                                                     -0.00329134723425532306                                                    
a_ia   92  103                                                     -0.00835442562254757118                                                    
a_ia   27   35                                                     -0.00380599372585877513                                                    
mvp2   27   35   91  104   35   27   91  104                        0.00145368309547810643   -0.07180276287265152657                          
mvp2   86   97   88   98   86   88   97   98                       -0.00297397749464839954    0.05174288743388869710                          
a_ia   86   88                                                      0.02101779489035202411                                                    
a_ia   98   99                                                     -0.03344755135665092305                                                    
mvp3   86   96   88   97   86   88   97   96   86   88   96   97   -0.00144387791439742137   -0.02553285249604022797   -0.03491270404437121777
a_ia   34   36                                                     -0.05028182882193221043                                                    
op     18   32   82   96   32   18   82   96                       -0.03041609078675852271                                                    
a_ia   18   32                                                     -0.00866424003863422616                                                    
mvp2   18   34   89  100   34   18   89  100                       -0.04396817578301225743   -0.70813348500028239219                          
a_ia   86  100                                                      0.00075450164762844076                                                    
mvp2   18   34   82   98   34   18   82   98                       -0.01258824858163172349    1.12500409131915346528                          
a_ia   86   98                                                      0.00234241750671888285                                                    
a_ia   82  100                                                     -0.00561645675197930318                                                    
a_ia   18   34                                                     -0.00040380425656323708                                                    
a_ia   88   89                                                     -0.05624360928709345314                                                    
a_ia   22   32                                                      0.00353283255206161915                                                    
mvp2   18   36   82  100   36   18   82  100                       -0.02019421152059541411    0.55139492384961252824                          
a_ia   18   36                                                     -0.00183551145690186157                                                    
a_ia   25   28                                                      0.03249971592402804005                                                    
a_ia   99  102                                                      0.32824078921369165274                                                    
mvp2   27   35   91  102   35   27   91  102                       -0.07174401502521006446   -0.47879485675005339917                          
mvp2   25   34   82  100   34   25   82  100                       -0.02948300833729271264    0.28470038016880511167                          
a_ia   28   31                                                      0.31957719912588788969                                                    
mvp2   18   32   89   98   32   18   89   98                       -0.01415292111982975609   -0.62535639251417307616                          
a_ia   86   89                                                     -0.14494292925604615463                                                    
mvp2   25   34   82   96   34   25   82   96                       -0.02904185807868855593    0.25165860453268079633                          
a_ia   82   96                                                      0.01096640852208557483                                                    
a_ia   18   25                                                      0.06768595308210555161                                                    
mvp2   25   32   82   98   32   25   82   98                       -0.00087919278439899519   -0.26682957348707425638                          
a_ia   82   98                                                     -0.00005301007846833315                                                    
mvp2   18   34   89   96   34   18   89   96                        0.00615337132725957050   -0.13466307191743390193                          
a_ia   99  104                                                      0.18609651394882742448                                                    
a_ia   99  103                                                     -0.12031854815192764840                                                    
mvp2   18   36   88   97   36   18   88   97                        0.01165861948079245994    0.11238690939607894059                          
a_ia  100  102                                                     -0.31417755056925450452                                                    
mvp2   25   32   89   96   32   25   89   96                       -0.01070097282722632694   -0.50512224738101163535                          
op     28   32   82   96   32   28   82   96                        0.02625477222931378932                                                    
a_ia   82   89                                                      0.16346586682223901432                                                    
a_ia   82   96                                                      0.04912630594485582064                                                    
mvp2   28   36   82   96   36   28   82   96                       -0.02369867340002060688    0.20795300873601008096                          
a_ia   34   36                                                      0.11948230053746446144                                                    
mvp2   28   34   82   98   34   28   82   98                       -0.02583026992056332988    0.15874094969135860156                          
mvp2   22   34   89   98   34   22   89   98                        0.00027411017099935925    0.02179868756611667152                          
a_ia   22   25                                                     -0.24827491069980289762                                                    
a_ia   22   28                                                      0.35103765060594421810                                                    
mvp2   22   32   82   96   32   22   82   96                        0.01719385629243204427    0.21089433111064728732                          
mvp2   22   34   82   98   34   22   82   98                        0.00421814030321162204    0.13187406525972059090                          
mvp2   28   32   95   96   32   28   95   96                       -0.05100656978799353314    0.00565886926336640287                          
a_ia   95   96                                                      0.00672986035001105296                                                    
a_ia   82   86                                                     -0.40391706094261636828                                                    
mvp2   18   32   95  100   32   18   95  100                       -0.02538216065141401384    0.38877068873014564154                          
mvp2   31   32   82   96   32   31   82   96                        0.01928716938649488108    0.46686158517515330413                          
a_ia   31   32                                                     -0.01075925889744329400                                                    
a_ia   86   96                                                      0.01844041813108918126                                                    
om     24   37   88  101   37   24   88  101                       -0.01081858424044770776                                                    
a_ia   97  102                                                     -0.03146517341367213727                                                    
mvp2   18   32   95  102   32   18   95  102                        0.01153483764914144810   -0.17243752530307879245                          
mvp2   30   36   89   98   36   30   89   98                        0.00078944868228889996    0.00798069963527966997                          
a_ia   25   30                                                      0.05580333147673625233                                                    
op     21   34   85   98   34   21   85   98                       -0.01282598340709498186                                                    
op     21   36   85   98   36   21   85   98                       -0.01069371324175391429                                                    
a_ia   28   30                                                     -0.08948488283091488027                                                    
mvp2   31   32   82  100   32   31   82  100                       -0.01212729347189782196    0.00770640109411924526                          
mvp2   18   32   92  100   32   18   92  100                       -0.02132047032710499002    0.38757594776486792298                          
a_ia   95  102                                                     -0.00373888093623430014                                                    
a_ia   82  102                                                      0.00002815739307902480                                                    
a_ia   82   95                                                     -0.07274307134916394024                                                    
a_ia   91   92                                                     -0.05360628876850941082                                                    
mvp2   18   32   92  102   32   18   92  102                        0.00907905910972100355   -0.05648990513592436202                          
mvp2   24   47   88   97   47   24   88   97                       -0.01940480727606149619   -0.18957413755200325234                          
a_ia   24   47                                                     -0.00035117383364151881                                                    
mvp2   24   47   88   99   47   24   88   99                        0.01210222596565672243    0.02290501394111826156                          
a_ia   35   47                                                      0.10520521146702492554                                                    
op     24   47   88  104   47   24   88  104                        0.00467989472275276951                                                    
mvp2   24   47   88  111   47   24   88  111                       -0.00611532073443015085    0.57273165869960196428                          
a_ia   97  111                                                      0.17122257396789100636                                                    
a_ia   99  101                                                     -0.06790984409933763233                                                    
a_ia   97  105                                                     -0.06870278272623442373                                                    
a_ia   97  107                                                      0.09062914238201252859                                                    
a_ia   97  109                                                      0.12554229171340655635                                                    
a_ia   97  110                                                     -0.08757238798729839735                                                    
op     20   34   84   98   34   20   84   98                       -0.00738390818201295311                                                    
a_ia   84   98                                                     -0.00280784719372046115                                                    
a_ia   20   34                                                     -0.00282072505757089906                                                    
mvp2   18   32   92   96   32   18   92   96                        0.02955418150707659827    0.37351167915353450377                          
a_ia   92   96                                                     -0.00230028498661670727                                                    
mvp2   28   32   82  102   32   28   82  102                        0.00582308751869636300    0.01041915802689685235                          
a_ia   94   95                                                      0.35246737454582038884                                                    
a_ia   30   31                                                      0.33730484168224456054                                                    
a_ia   94   96                                                      0.01311867626223833447                                                    
a_ia   94  100                                                     -0.00474701795624583606                                                    
a_ia   92   94                                                     -0.00764754431255491342                                                    
a_ia   18   32                                                      0.02579901246872370532                                                    
a_ia   88   99                                                      0.00371661935816494909                                                    
a_ia   92  100                                                     -0.00628787978046568830                                                    
a_ia   24   39                                                     -0.00144700145226787881                                                    
a_ia   24   40                                                     -0.00208962413147712302                                                    
a_ia   24   42                                                      0.00299084281064803444                                                    
a_ia   24   41                                                      0.00115957188740989717                                                    
a_ia   31   36                                                     -0.00006554919740489035                                                    
a_ia   30   36                                                     -0.00281418345921227416                                                    
a_ia   28   36                                                      0.01678247174642453696                                                    
a_ia   32   36                                                     -0.25680952959871761188                                                    
op     31   36   82   96   36   31   82   96                       -0.00962616070523812824                                                    
mvp2   31   36   82  100   36   31   82  100                        0.01024716940113732690    0.06934912796412288916                          
op     21   34   85  100   34   21   85  100                       -0.00936292165477550786                                                    
op     21   36   85  100   36   21   85  100                       -0.00822440262837670008                                                    
a_ia   96  102                                                      0.02389493556580630021                                                    
a_ia   91  104                                                     -0.00157523668744026729                                                    
a_ia   95  100                                                     -0.01692834883077214136                                                    
a_ia   28   31                                                      0.21378864923348178673                                                    
a_ia   88  104                                                     -0.00055578030473193963                                                    
a_ia   20   25                                                     -0.12250800816670578963                                                    
mvp2   28   32   92   96   32   28   92   96                       -0.04543622960753736229   -0.01257450680866879084                          
a_ia   28   32                                                     -0.03781347069771137659                                                    
a_ia   82   96                                                      0.01312523098429500476                                                    
a_ia   22   36                                                     -0.00517065377129168058                                                    
a_ia   91  111                                                     -0.00228101426069487676                                                    
a_ia   35   37                                                     -0.10702117954911051501                                                    
mvp2   27   47   91  111   47   27   91  111                       -0.00441419802883417315   -0.18763839240317226054                          
a_ia   27   47                                                     -0.00152998987485812197                                                    
op     21   35   85   99   35   21   85   99                       -0.01471811183494270946                                                    
a_ia   96   99                                                     -0.01819670731459550189                                                    
op     21   33   85   99   33   21   85   99                       -0.00992535398635441442                                                    
a_ia   85   99                                                     -0.00131968953888532241                                                    
mvp2   28   38   82   96   38   28   82   96                        0.01202350133958624695    0.09485304600935913488                          
a_ia   28   38                                                     -0.00743664516642278828                                                    
a_ia   32   38                                                     -0.02839331459143037625                                                    
a_ia   95  100                                                      0.01802326330661547724                                                    
mvp2   31   38   82   96   38   31   82   96                        0.01028283456164196495    0.25029786046693230928                          
a_ia   31   35                                                      0.00025823261120153925                                                    
a_ia   28   32                                                      0.01698032239590997403                                                    
mvp2   28   38   92   96   38   28   92   96                       -0.01023614338720173905   -0.00680466868335804793                          
a_ia   88  101                                                      0.00061831438306119899                                                    
mvp2   18   38   92   96   38   18   92   96                        0.01423963081603070620    0.00629041441265293377                          
a_ia   18   38                                                      0.00451046007134488312                                                    
a_ia   94  102                                                     -0.00106043188454033087                                                    
op     28   38   92  102   38   28   92  102                       -0.00557498210844216847                                                    
a_ia   25   36                                                     -0.00125664793343393763                                                    
a_ia   84   89                                                     -0.12448035456467627935                                                    
a_ia   97  108                                                      0.03702427418148601657                                                    
a_ia   24   46                                                     -0.00276994516039871753                                                    
a_ia   24   45                                                     -0.00164659535721028549                                                    
a_ia   28   38                                                      0.00624137690402489648                                                    
om     18   37   82  101   37   18   82  101                       -0.00606231508753582275                                                    
om     18   38   82  102   38   18   82  102                       -0.00580547657785491188                                                    
mvp2   28   39   82   96   39   28   82   96                        0.00317564788362339166    0.02573101823390680151                          
a_ia   28   39                                                     -0.00304636835715028963                                                    
a_ia   32   38                                                     -0.09272552123642874289                                                    
a_ia   95  100                                                      0.01147529262199374969                                                    
a_ia   82   96                                                     -0.03778987704932704889                                                    
a_ia   18   39                                                      0.00332430048078341707                                                    
a_ia   18   28                                                     -0.27896235219219411849                                                    
mvp2   31   39   82   96   39   31   82   96                        0.00511860476602477021    0.13170526240357283143                          
a_ia   27   40                                                     -0.00221697017928679631                                                    
mvp2   25   39   89  100   39   25   89  100                        0.00401879828420761021    0.12235713837211523169                          
a_ia   89   95                                                      0.02704607193610606558                                                    
a_ia   33   39                                                     -0.01889153040841373352                                                    
a_ia   36   39                                                     -0.32501146128542768299                                                    
a_ia   33   36                                                      0.02683383816492387539                                                    
a_ia   31   38                                                      0.00717138036465899027                                                    
mvp2   18   38   82   96   38   18   82   96                       -0.00881950067162247213   -0.05072714998422788585                          
a_ia   82   96                                                     -0.00408601759667628298                                                    
a_ia   28   47                                                     -0.00178967352152545355                                                    
a_ia   93   95                                                     -0.25390791084909691833                                                    
mvp2   25   36   89  100   36   25   89  100                       -0.00572736815346699957   -0.09494470978058416888                          
a_ia   21   39                                                      0.00074603938427109334                                                    
a_ia   27   28                                                     -0.05265683136265620484                                                    
a_ia   32   35                                                      0.03126339696258399747                                                    
a_ia   27   44                                                     -0.00257950519595891506                                                    
a_ia   28   40                                                      0.00051692591879056772                                                    
a_ia   27   45                                                     -0.00116947395479983997                                                    
a_ia   27   48                                                      0.00231422557319461075                                                    
a_ia   27   49                                                      0.00150641357220290600                                                    
a_ia   27   50                                                      0.00212085638107688528                                                    
a_ia   27   51                                                     -0.00209071245065398223                                                    
a_ia   27   52                                                      0.00273725142406875148                                                    
a_ia   27   53                                                     -0.00307097252031026009                                                    
a_ia   27   54                                                      0.00347998841929052487                                                    
a_ia   27   55                                                     -0.00096465104243206618                                                    
a_ia   27   56                                                      0.00128259362245268516                                                    
a_ia   27   57                                                     -0.00145950763694571912                                                    
mvp2   18   47   88  111   47   18   88  111                        0.00278764638715469975    0.20758366223092078462                          
a_ia   91  103                                                      0.00003662405901581507                                                    
a_ia   88  111                                                     -0.00443550077710654165                                                    
a_ia   88  103                                                     -0.00189975969477648916                                                    
a_ia   88  106                                                      0.00277878153604363019                                                    
mvp2   24   45   88   97   45   24   88   97                       -0.00660362520632041313   -0.09853891076024130780                          
a_ia   88  109                                                     -0.00231820126299676780                                                    
a_ia   88   97                                                     -0.02848731866754023595                                                    
a_ia   88  110                                                     -0.00057869183062007673                                                    
a_ia   88  112                                                      0.00154024614245702675                                                    
mvp2   24   46   88   97   46   24   88   97                        0.00485616957039383072    0.06044243150003212467                          
a_ia   88  108                                                     -0.00164303327611427718                                                    
mvp2   18   47   82  111   47   18   82  111                       -0.00271878480191562215    0.26412439595661313385                          
a_ia   82  103                                                      0.00196557053678656770                                                    
a_ia   82   91                                                     -0.01321555373531518168                                                    
a_ia   92   99                                                     -0.00019965812106588184                                                    
a_ia   88  107                                                     -0.00247988858154986423                                                    
om     18   45   82  109   45   18   82  109                       -0.00570153253839105617                                                    
a_ia   82  109                                                      0.00313656249167054181                                                    
a_ia   24   44                                                     -0.00044022056296733942                                                    
a_ia   18   45                                                      0.00206980912061379557                                                    
om     18   43   82  107   43   18   82  107                       -0.00552827231567124076                                                    
a_ia   18   43                                                     -0.00146770055135404462                                                    
a_ia   91  109                                                     -0.00162642660714399246                                                    
a_ia   82  107                                                     -0.00146867863035303101                                                    
a_ia   22   34                                                      0.00110863994660973853                                                    
a_ia   96  111                                                      0.05142204609654665165                                                    
a_ia   96  109                                                     -0.10219942949536087173                                                    
a_ia   91   96                                                      0.00115087319984873387                                                    
mvp2   25   36   89  103   36   25   89  103                        0.00277977001222097031   -0.18503217119238424271                          
a_ia   85  103                                                      0.00087071364053856182                                                    
a_ia  100  103                                                     -0.37233446963755606474                                                    
a_ia   99  100                                                      0.02900477628993784057                                                    
a_ia   85  100                                                     -0.00117009017627167124                                                    
a_ia   92  100                                                      0.00863835267696138644                                                    
mvp2   24   48   88   97   48   24   88   97                       -0.00392063433592490171   -0.06110316741910496591                          
a_ia   24   48                                                      0.00096309936920743972                                                    
a_ia   88   97                                                     -0.00839952599895628371                                                    
a_ia   24   51                                                      0.00198985436773254677                                                    
a_ia   24   53                                                     -0.00192600518543867370                                                    
a_ia   24   55                                                     -0.00165310216614244511                                                    
a_ia   24   54                                                      0.00133192516315789938                                                    
mvp2   25   36   89  103   36   25   89  103                       -0.00298236612871496552    0.14175243254425071160                          
