op     25   26   77   78   26   25   77   78                       -0.13783288351030215102                                                    
op     23   27   75   79   27   23   75   79                       -0.09393849085756957040                                                    
op     25   27   77   79   27   25   77   79                       -0.03564718083863302467                                                    
op     23   26   75   78   26   23   75   78                       -0.10806904835084392424                                                    
a_ia   75   78                                                     -0.01864910461254240190                                                    
a_ia   23   26                                                     -0.01241553280299876293                                                    
op     25   27   76   79   27   25   76   79                        0.02621647529174092606                                                    
a_ia   25   26                                                     -0.02116132536313472187                                                    
op     23   27   76   79   27   23   76   79                       -0.01433829396200215350                                                    
mvp2   25   27   75   78   27   25   75   78                       -0.09536661973641846757   -0.34279234198914809717                          
mvp2   23   26   77   79   26   23   77   79                       -0.08870814669211496417    0.86902770939396634109                          
a_ia   24   25                                                     -0.36176185977942620919                                                    
om     24   27   75   79   27   24   75   79                        0.01140236741704382141                                                    
op     22   26   77   78   26   22   77   78                        0.00007851767743616394                                                    
a_ia   22   23                                                     -0.44974203659129119437                                                    
a_ia   22   25                                                     -0.26615203935468306762                                                    
a_ia   22   26                                                      0.02045315828148727352                                                    
a_ia   74   75                                                     -0.34892566760190518727                                                    
a_ia   23   25                                                      0.07525273339253937821                                                    
mvp2   25   26   74   78   26   25   74   78                        0.00987841659267927122   -0.12665041960921524788                          
om     22   26   74   78   26   22   74   78                        0.00077410601045676999                                                    
mvp3   75   78   76   79   75   76   79   78   75   76   78   79   -0.02717490901533912637    0.42138132906617703499    0.22268439609375575983
a_ia   75   76                                                     -0.40866441752780396923                                                    
a_ia   74   77                                                     -0.43242965262269927873                                                    
a_ia   78   79                                                     -0.03985331474462958795                                                    
a_ia   23   26                                                      0.00498722199106278914                                                    
mvp2   25   26   76   78   26   25   76   78                       -0.04454665469298115660    0.95254946032964116220                          
mvp2   24   26   76   78   26   24   76   78                       -0.02065345047234851128    0.29517003819309273194                          
a_ia   22   25                                                      0.02199625838011001061                                                    
mvp2   22   26   76   78   26   22   76   78                       -0.01789934766390648829    0.26809306077784927913                          
op     15   34   67   86   34   15   67   86                       -0.02221152102588797028                                                    
a_ia   15   34                                                     -0.00189360216158979285                                                    
a_ia   67   86                                                     -0.00189282552685241879                                                    
op     15   33   67   85   33   15   67   85                       -0.01181878300614152590                                                    
op     15   29   67   81   29   15   67   81                       -0.00666407607011929460                                                    
op     15   29   67   85   29   15   67   85                       -0.00354682564967300721                                                    
op     15   31   67   83   31   15   67   83                       -0.00641467597120738264                                                    
a_ia   67   83                                                      0.00262875261997992703                                                    
a_ia   15   31                                                      0.00236674653810304073                                                    
op     15   36   67   88   36   15   67   88                       -0.00665620522042895298                                                    
op     15   30   67   82   30   15   67   82                       -0.00474610720285987588                                                    
op     15   35   67   87   35   15   67   87                       -0.00411243534613865615                                                    
op     15   42   67   94   42   15   67   94                       -0.00709183193525700709                                                    
op     15   40   67   92   40   15   67   92                       -0.00519144462291594878                                                    
op     15   40   67   94   40   15   67   94                        0.00198743376703790480                                                    
op     15   43   67   95   43   15   67   95                       -0.00531629765844527508                                                    
op     15   43   67   90   43   15   67   90                       -0.00095646371984088781                                                    
op     15   38   67   90   38   15   67   90                       -0.00332919901008459779                                                    
mvp2   18   33   75   79   33   18   75   79                        0.01826597734677155860    0.17555094713544325269                          
a_ia   18   33                                                     -0.00378804050394184041                                                    
op     16   28   68   80   28   16   68   80                       -0.02357657511847412873                                                    
mvp2   16   33   75   79   33   16   75   79                       -0.01077289083400254609   -0.08064903079308458067                          
op     22   32   74   84   32   22   74   84                       -0.01119243836203635475                                                    
a_ia   22   32                                                      0.00398554577677264453                                                    
a_ia   74   84                                                      0.00266217584832410467                                                    
om     25   32   77   84   32   25   77   84                       -0.00731537879695303653                                                    
a_ia   25   32                                                     -0.00020876625759207656                                                    
a_ia   23   32                                                      0.01212720767845034547                                                    
op     15   42   67   88   42   15   67   88                        0.00336785580339699249                                                    
a_ia   15   42                                                     -0.00013474488809718470                                                    
a_ia   67   94                                                     -0.00269509254495959400                                                    
op     25   37   77   89   37   25   77   89                       -0.00948409969095197203                                                    
a_ia   25   37                                                      0.00702634138941449736                                                    
a_ia   77   89                                                      0.00734900073117186314                                                    
a_ia   67   88                                                      0.00104204867492033561                                                    
op     25   30   77   82   30   25   77   82                       -0.00602809924044443637                                                    
op     23   37   77   89   37   23   77   89                        0.00744250745990317555                                                    
a_ia   23   37                                                     -0.00537311611223002372                                                    
a_ia   16   28                                                      0.00435241797334044202                                                    
mvp2   18   33   70   85   33   18   70   85                       -0.00806052558000862687    0.80092796103462116086                          
mvp2   68   79   75   85   68   75   79   85                        0.00851649067842917898   -0.10749468292529272551                          
mvp2   18   31   75   78   31   18   75   78                        0.02013992696069316288    0.28444327640885708197                          
a_ia   75   78                                                      0.06522706590202255461                                                    
a_ia   68   85                                                      0.00072711749331975017                                                    
mvp2   18   31   70   83   31   18   70   83                       -0.00972541272115222399    0.74844418066050732996                          
a_ia   18   31                                                     -0.00254368156184762908                                                    
mvp2   23   26   74   84   26   23   74   84                        0.00343965706532634767    0.01948317244041065585                          
mvp2   11   27   75   79   27   11   75   79                        0.00331511888463965898    0.33852766484508506339                          
a_ia   72   75                                                      0.03518304381736510333                                                    
op     16   33   68   85   33   16   68   85                       -0.00556250191084954951                                                    
om     16   31   68   83   31   16   68   83                       -0.00667263189686503801                                                    
a_ia   16   31                                                      0.00334633717842501219                                                    
a_ia   68   83                                                      0.00293003581186821425                                                    
om     18   34   70   86   34   18   70   86                       -0.00379065163025347086                                                    
a_ia   18   34                                                      0.00213103971080086645                                                    
op     24   37   77   89   37   24   77   89                       -0.00377280790856042783                                                    
a_ia   24   37                                                      0.00351110466595003570                                                    
a_ia   22   24                                                     -0.34568188631038260228                                                    
mvp2   23   26   77   84   26   23   77   84                        0.00386083722488490084    0.02709294989579286855                          
mvp2   18   26   23   42   18   23   26   42                       -0.01527424040002917788    0.25427968316691246242                          
a_ia   15   36                                                      0.00118537590460201787                                                    
mvp2   18   42   70   94   42   18   70   94                       -0.00858386554356305349    0.72236437303056444392                          
a_ia   26   32                                                     -0.01707265434114724201                                                    
op     18   30   70   82   30   18   70   82                       -0.00731976367518014700                                                    
a_ia   18   30                                                     -0.00266475358229841322                                                    
op     18   35   70   87   35   18   70   87                       -0.00654898693073538776                                                    
a_ia   70   82                                                     -0.00261894464156071233                                                    
a_ia   18   35                                                      0.00116566657941543435                                                    
om     18   36   70   88   36   18   70   88                       -0.00739462365336441847                                                    
a_ia   70   87                                                      0.00104728067498498115                                                    
a_ia   75   79                                                      0.00413906939393829387                                                    
om     18   40   70   92   40   18   70   92                       -0.00712257203391879201                                                    
a_ia   18   40                                                      0.00103256285134984468                                                    
op     15   38   67   95   38   15   67   95                       -0.00134953184149837332                                                    
om     18   43   70   95   43   18   70   95                       -0.00538205313263997662                                                    
a_ia   67   95                                                     -0.00092954046623163345                                                    
mvp2   22   26   77   84   26   22   77   84                        0.00516270898679970815   -0.10587628196937987068                          
op     15   46   67   98   46   15   67   98                       -0.00418679129987101911                                                    
op     15   44   67   96   44   15   67   96                       -0.00322848044697530848                                                    
op     15   47   67   99   47   15   67   99                       -0.00408218027237312962                                                    
op     15   47   67   96   47   15   67   96                       -0.00218654776154834788                                                    
op     15   45   67   97   45   15   67   97                       -0.00361261807030295850                                                    
op     15   48   67  100   48   15   67  100                       -0.00298705222278728257                                                    
a_ia   15   48                                                     -0.00061358019889346221                                                    
op     15   45   67   99   45   15   67   99                        0.00194046654929920731                                                    
op     15   50   67  102   50   15   67  102                       -0.00243381160294818674                                                    
a_ia   15   50                                                      0.00036055234646981880                                                    
a_ia   67  100                                                     -0.00058734458854847412                                                    
op     15   51   67  103   51   15   67  103                       -0.00217362842533048214                                                    
a_ia   67  102                                                      0.00037944593228267322                                                    
a_ia   70   92                                                      0.00130647129483921556                                                    
op     18   46   70   98   46   18   70   98                       -0.00283162934647764432                                                    
a_ia   18   46                                                      0.00078497549979690475                                                    
a_ia   16   33                                                      0.00082865029295429700                                                    
a_ia   77   78                                                     -0.01234769399145455374                                                    
a_ia   74   78                                                      0.03787275837179424065                                                    
a_ia   22   26                                                     -0.02114778117676020114                                                    
a_ia   11   27                                                     -0.00117807589230055744                                                    
a_ia   75   79                                                     -0.01202084840863405085                                                    
mvp2   23   32   74   78   32   23   74   78                        0.00556473977979603848    0.08523754426980405252                          
a_ia   23   32                                                     -0.00442636847012612203                                                    
a_ia   68   80                                                     -0.01172814261870573291                                                    
a_ia   26   37                                                     -0.03563868336671509318                                                    
a_ia   24   26                                                      0.00210454074897224556                                                    
om     18   38   70   90   38   18   70   90                       -0.00144641282738798343                                                    
a_ia   70   90                                                      0.00128936669569999535                                                    
a_ia   74   78                                                     -0.04188683260021769383                                                    
mvp2   23   41   75   79   41   23   75   79                        0.00500545351895160997   -0.05907051363055350335                          
a_ia   23   41                                                      0.00345019680478693630                                                    
a_ia   75   84                                                      0.00505365895079916676                                                    
a_ia   76   79                                                      0.00446440570221495574                                                    
a_ia   79   84                                                     -0.11303530248009450998                                                    
mvp2   25   41   75   78   41   25   75   78                        0.00144918700313089593    0.04786808155049537827                          
a_ia   25   41                                                      0.00610136397537566506                                                    
a_ia   75   78                                                     -0.04997763481835460625                                                    
a_ia   77   79                                                     -0.02568099164073392102                                                    
a_ia   74   79                                                     -0.00502530319847849585                                                    
a_ia   76   84                                                     -0.00048725301802690548                                                    
mvp2   22   41   75   78   41   22   75   78                        0.00025279961140785111    0.02389158051256069781                          
om     25   37   75   89   37   25   75   89                        0.00793960613238650463                                                    
a_ia   75   89                                                     -0.00840542965322517259                                                    
a_ia   22   41                                                      0.00141645639685835777                                                    
om     23   37   75   89   37   23   75   89                       -0.00768562320254041059                                                    
om     24   37   75   89   37   24   75   89                        0.00367922397674269900                                                    
op     23   39   75   91   39   23   75   91                       -0.00840004176812000208                                                    
a_ia   23   39                                                     -0.00528636068382507939                                                    
a_ia   75   91                                                     -0.00596756445454560240                                                    
a_ia   26   39                                                      0.05699210663950386030                                                    
mvp2   23   26   75   91   26   23   75   91                       -0.00278866306528615868   -0.00384396259066735815                          
op     23   38   75   90   38   23   75   90                       -0.00876009786849928258                                                    
a_ia   23   38                                                      0.00223206713167703723                                                    
a_ia   26   36                                                     -0.02312714370271036837                                                    
a_ia   78   89                                                     -0.04692791860636880835                                                    
a_ia   77   84                                                      0.00080871606742366020                                                    
a_ia   78   91                                                      0.16310687282616073701                                                    
a_ia   75   90                                                      0.00277708486385419475                                                    
a_ia   26   38                                                     -0.07261297183291436086                                                    
mvp2   23   41   75   93   41   23   75   93                       -0.00954986666253069411   -1.16694886260374586229                          
a_ia   75   93                                                      0.00381983998763912955                                                    
a_ia   22   37                                                     -0.00204816461716071955                                                    
a_ia   78   90                                                     -0.06260717226644195443                                                    
mvp2   18   43   75   93   43   18   75   93                       -0.00887772149235089257   -0.33631358914512304858                          
mvp2   70   93   75   95   70   75   93   95                        0.00792391026898730047   -0.50045625728124265574                          
mvp2   18   46   75   93   46   18   75   93                        0.00309729570059597047    0.22586414311315308745                          
mvp2   70   93   75   98   70   75   93   98                       -0.00275092877762042306    0.29406475808584714438                          
mvp2   18   45   75   93   45   18   75   93                        0.00310037417435312258    0.42746136178941024353                          
a_ia   18   45                                                      0.00088051871642218563                                                    
a_ia   25   39                                                     -0.00268137041271573895                                                    
op     15   44   67   99   44   15   67   99                       -0.00229289273688230641                                                    
a_ia   75   93                                                     -0.00134256996285705239                                                    
a_ia   18   47                                                     -0.00080459613148178659                                                    
a_ia   18   48                                                     -0.00083148420861466293                                                    
op     24   32   74   84   32   24   74   84                       -0.01036512325682965689                                                    
a_ia   24   32                                                      0.00094695832351916200                                                    
om     24   32   76   84   32   24   76   84                       -0.00571258438666165814                                                    
om     11   32   63   84   32   11   63   84                       -0.01154634676046146363                                                    
mvp2   11   26   77   79   26   11   77   79                        0.00075398039242985328    0.24231676370688393085                          
mvp2   11   26   74   79   26   11   74   79                       -0.00137497350886541382    0.24910991989543471159                          
a_ia   11   26                                                     -0.01228311631038014363                                                    
mvp2   11   26   63   78   26   11   63   78                       -0.02237467150777264560   -0.26280811156998779010                          
a_ia   78   79                                                     -0.27395264512131833889                                                    
mvp2   25   26   63   79   26   25   63   79                       -0.01588498297002614856   -0.10790205566693189532                          
a_ia   24   25                                                     -0.12972673377123392080                                                    
a_ia   63   74                                                     -0.30973649994144591968                                                    
mvp2   22   26   63   79   26   22   63   79                       -0.01245457179599728480    0.16888788654500841435                          
a_ia   63   79                                                      0.00059953606502316070                                                    
mvp2   24   26   63   79   26   24   63   79                       -0.00647407375281844159    0.24473215380373966599                          
om     25   37   63   89   37   25   63   89                        0.00296379673694519572                                                    
a_ia   27   32                                                     -0.15397933187334630900                                                    
om     25   37   76   89   37   25   76   89                       -0.00670904021848980296                                                    
a_ia   76   89                                                      0.00463765589123333287                                                    
a_ia   63   76                                                      0.34400284135932707175                                                    
op     11   37   77   89   37   11   77   89                        0.00224721075863342726                                                    
mvp2   23   27   75   93   27   23   75   93                        0.00491160803238304723    0.03861220790815152182                          
a_ia   23   27                                                      0.00484316528966578438                                                    
mvp2   23   26   77   93   26   23   77   93                        0.00002342050364986513    0.00252192131167401981                          
a_ia   63   79                                                      0.00223603476038128140                                                    
a_ia   79   93                                                     -0.24118965587315141508                                                    
a_ia   77   93                                                     -0.00136475591224460629                                                    
a_ia   77   79                                                      0.02279127305085216007                                                    
a_ia   27   41                                                     -0.18113643016722574819                                                    
mvp2   23   39   77   93   39   23   77   93                        0.00501584224004386452    0.09883428488938676704                          
a_ia   22   39                                                     -0.00275389931075374454                                                    
op     23   37   76   89   37   23   76   89                        0.00522655431538550028                                                    
a_ia   11   23                                                     -0.36807922625268957306                                                    
op     24   37   76   89   37   24   76   89                       -0.00330035893789654838                                                    
op     23   37   63   89   37   23   63   89                       -0.00369038897983998710                                                    
a_ia   23   37                                                     -0.00396658711391019176                                                    
om     11   37   63   89   37   11   63   89                       -0.00298465206105838401                                                    
a_ia   23   25                                                      0.04157604848887024723                                                    
op      8   28   68   80   28    8   68   80                        0.00998448252222280085                                                    
a_ia    8   28                                                     -0.00164148703323761672                                                    
a_ia   27   41                                                      0.07787911181396740823                                                    
op     14   28   68   80   28   14   68   80                       -0.00745848260275115259                                                    
a_ia    8   33                                                      0.00139191835908591987                                                    
a_ia   14   28                                                      0.00139071783892956002                                                    
op     12   28   68   80   28   12   68   80                       -0.00819209418053974160                                                    
a_ia   12   28                                                      0.00168304139532268336                                                    
a_ia   68   80                                                      0.01583976497724460392                                                    
a_ia    8   34                                                     -0.00208861071706256023                                                    
a_ia    8   31                                                      0.00163657867433149198                                                    
om     16   28   60   80   28   16   60   80                        0.01076669453253097271                                                    
a_ia   60   80                                                     -0.00158166117613784264                                                    
om      8   34   60   86   34    8   60   86                       -0.00667512077857622139                                                    
a_ia   60   86                                                     -0.00203329938111504937                                                    
a_ia   60   83                                                      0.00161680999465524367                                                    
om      8   31   60   83   31    8   60   83                       -0.00607350006841735762                                                    
om      8   33   60   85   33    8   60   85                       -0.00511766341954427492                                                    
a_ia   60   85                                                      0.00133198397013516026                                                    
om     16   28   64   80   28   16   64   80                       -0.00866664968468297721                                                    
a_ia   64   80                                                      0.00165243932998067030                                                    
om     16   28   66   80   28   16   66   80                       -0.00786946054136763128                                                    
a_ia   66   80                                                      0.00137581653580029235                                                    
om     16   28   58   80   28   16   58   80                       -0.00853065974963787381                                                    
a_ia   58   80                                                      0.00153389632582673981                                                    
op      6   28   58   80   28    6   58   80                       -0.00500385704921681336                                                    
a_ia    6   28                                                      0.00155415108345026290                                                    
op      6   28   68   80   28    6   68   80                       -0.00792985664521808804                                                    
om     16   28   62   80   28   16   62   80                        0.00611752550428596407                                                    
a_ia   29   31                                                     -0.30291641210832476183                                                    
op     10   28   68   80   28   10   68   80                       -0.00104856717338520054                                                    
a_ia   10   28                                                      0.00027021003415598279                                                    
a_ia   10   16                                                      0.31944705636610210009                                                    
mvp2   23   27   77   78   27   23   77   78                       -0.03508781042006248185    0.15429296006099449401                          
a_ia   22   27                                                      0.00187772400696234920                                                    
a_ia   27   39                                                     -0.03503021731299317543                                                    
a_ia   27   42                                                     -0.02885955227124608474                                                    
mvp2   23   27   77   91   27   23   77   91                       -0.01219927081446969472    0.06925413281483246142                          
a_ia   77   91                                                     -0.00357448137992225166                                                    
a_ia   23   27                                                     -0.01819005584746979237                                                    
a_ia   26   27                                                     -0.11604137369865324958                                                    
a_ia   78   79                                                     -0.01115738655795114193                                                    
a_ia   23   26                                                      0.00178981901536113186                                                    
mvp2   15   42   70   95   42   15   70   95                        0.00678187433784501435    0.27299706991734168371                          
a_ia   63   78                                                     -0.00161873809139096445                                                    
op     15   46   70   98   46   15   70   98                       -0.00220801144011463068                                                    
a_ia   15   46                                                      0.00051724884513603591                                                    
mvp3   15   38   18   42   15   18   42   38   15   18   38   42    0.00552666567848857440    0.27648615513396085364    0.28552405452833473642
a_ia   15   38                                                     -0.00076712336426518776                                                    
a_ia   18   38                                                      0.00106910938139045757                                                    
mvp2   15   42   70   90   42   15   70   90                       -0.00290517874226530175    0.40154690472110715627                          
om     23   41   77   91   41   23   77   91                        0.00432647352731984746                                                    
op     23   41   77   78   41   23   77   78                        0.00522502916036316888                                                    
mvp2   22   27   77   78   27   22   77   78                       -0.01334792632485902811    0.06951919905697159785                          
a_ia   22   27                                                     -0.00872038732759179529                                                    
mvp2   18   42   70   98   42   18   70   98                       -0.00309186417462222829    0.32835306197200914147                          
a_ia   15   43                                                     -0.00048119829963261457                                                    
mvp2   18   43   67   94   43   18   67   94                        0.00423402965790701212   -0.18826972425786725474                          
mvp2   18   42   67   95   42   18   67   95                        0.00355326879414973951   -0.30366830665329469507                          
a_ia   15   40                                                     -0.00079021201379462689                                                    
mvp3   67   94   70   95   67   70   95   94   67   70   94   95    0.00295062804198449992    0.27911317171060362474    0.14314590835158894078
a_ia   67   94                                                      0.00301877502674614958                                                    
mvp2   15   43   70   94   43   15   70   94                        0.00324134704982654643    0.38339684324173678442                          
a_ia   26   39                                                      0.11165377994021381813                                                    
op     15   43   70   98   43   15   70   98                        0.00246728164987606007                                                    
mvp3   15   42   18   43   15   18   43   42   15   18   42   43    0.00246251684162400539    0.17009790282271455841    0.13928858956971029714
a_ia   67   90                                                     -0.00069333919769121004                                                    
mvp2   15   35   75   78   35   15   75   78                        0.00728059989244412165    0.12711911051824012486                          
a_ia   15   35                                                     -0.00136368292616435567                                                    
mvp2   15   40   75   78   40   15   75   78                        0.00709200402610363038    0.11635546671740273905                          
a_ia   15   40                                                     -0.00037747993383930933                                                    
mvp2   67   78   75   87   67   75   78   87                       -0.00689789059882985056    0.13152945742210281344                          
a_ia   67   87                                                     -0.00159791861493564129                                                    
mvp2   67   78   75   94   67   75   78   94                        0.00704990020810841462   -0.13689926001129004707                          
a_ia   67   75                                                     -0.01707511273851188699                                                    
mvp2   15   36   67   94   36   15   67   94                        0.00350245952326662087    0.46021040866530460445                          
mvp2   15   42   75   78   42   15   75   78                       -0.00772956196542398059   -0.10056691437553583190                          
mvp2   23   27   67   94   27   23   67   94                       -0.00738317936857307410    0.08767059127612296388                          
mvp2   23   41   67   94   41   23   67   94                        0.00307461696165490638   -0.01798255382934720731                          
a_ia   27   41                                                     -0.13752381713806383079                                                    
