op     24   26   76   78   26   24   76   78                       -0.14919070334788878118                                                    
op     22   26   74   78   26   22   74   78                       -0.10320918854814435661                                                    
op     22   27   74   79   27   22   74   79                       -0.09751498883843830179                                                    
a_ia   76   79                                                      0.00529161520249021682                                                    
a_ia   22   26                                                      0.00398071605042729215                                                    
op     24   26   73   78   26   24   73   78                       -0.01014194003746287862                                                    
op     21   26   73   78   26   21   73   78                       -0.00737771554685204452                                                    
a_ia   22   24                                                     -0.04410489106981291263                                                    
mvp2   24   27   74   78   27   24   74   78                       -0.09407066352617185490   -0.72970254802994749532                          
a_ia   22   27                                                     -0.00065751884455959181                                                    
a_ia   24   26                                                     -0.01414158640390372236                                                    
a_ia   24   27                                                      0.00045494384470979855                                                    
mvp2   22   26   76   79   26   22   76   79                       -0.09045382568629546649    0.89236125222237538956                          
a_ia   21   24                                                     -0.36148606741475525217                                                    
a_ia   26   27                                                      0.15038861599277400516                                                    
a_ia   76   77                                                     -0.17332503720236269729                                                    
a_ia   73   74                                                     -0.05385535191404262206                                                    
mvp2   24   27   74   79   27   24   74   79                        0.01931835001158625428   -0.14728390934747467855                          
mvp2   22   27   76   79   27   22   76   79                        0.01793549781721671954    0.15595539551196802019                          
op     21   32   73   84   32   21   73   84                       -0.01753751957040342729                                                    
a_ia   23   24                                                     -0.17466075793362831337                                                    
op     25   32   77   84   32   25   77   84                       -0.01042821318672797204                                                    
a_ia   21   25                                                     -0.08582917694548444776                                                    
a_ia   73   76                                                     -0.37531332776471626467                                                    
a_ia   21   22                                                     -0.00901432682485651601                                                    
a_ia   22   32                                                     -0.00052562998220702253                                                    
a_ia   22   25                                                     -0.00361157795681772047                                                    
mvp2   24   26   74   79   26   24   74   79                       -0.04586399170835593619    0.08954908973577860309                          
mvp2   22   39   74   79   39   22   74   79                        0.00556974249243122246   -0.13827757576562801911                          
a_ia   22   39                                                     -0.00446594071655823099                                                    
a_ia   74   84                                                      0.00314656112096990985                                                    
a_ia   79   84                                                      0.15259129448899372283                                                    
mvp2   22   39   76   79   39   22   76   79                       -0.00453763732985619159   -0.13017347666854028887                          
a_ia   26   32                                                      0.05585387258988104564                                                    
a_ia   26   39                                                      0.12804807134780887834                                                    
mvp2   22   26   74   84   26   22   74   84                       -0.00768590316313591797    0.06008424836903257515                          
a_ia   76   79                                                     -0.00498350842574661005                                                    
mvp2   22   39   74   91   39   22   74   91                       -0.01092649045004300164    0.39797315755154921701                          
mvp2   22   27   74   91   27   22   74   91                        0.02569138497348268796    0.32484529706263470805                          
mvp2   22   27   76   91   27   22   76   91                       -0.00568127608786951101    0.03355716178608258993                          
mvp2   22   39   76   91   39   22   76   91                        0.00676082544045632141   -0.38482805755464782882                          
a_ia   27   39                                                     -0.17816464821883870595                                                    
mvp2   22   26   76   91   26   22   76   91                        0.01593511524167881555   -0.07560225554467343845                          
mvp2   21   32   73   78   32   21   73   78                        0.01080733824210312020    0.12870252105004828524                          
mvp2   22   27   76   78   27   22   76   78                       -0.04053753069464545444   -0.01114577469753814942                          
a_ia   76   78                                                     -0.01207529902223688535                                                    
a_ia   78   91                                                      0.14020939461237888479                                                    
a_ia   73   75                                                      0.40245805558409175617                                                    
a_ia   74   88                                                     -0.00780990057117109029                                                    
a_ia   74   89                                                     -0.00275567082767314659                                                    
op     22   45   74   97   45   22   74   97                       -0.00319778324009730580                                                    
a_ia   22   36                                                     -0.00689437398809737007                                                    
a_ia   22   37                                                     -0.00240325795730865184                                                    
op     22   38   74   90   38   22   74   90                       -0.00843695679842241739                                                    
op     22   36   74   88   36   22   74   88                       -0.00983636343957179464                                                    
op     11   45   63   97   45   11   63   97                       -0.06471413503373381337                                                    
op     11   26   63   97   26   11   63   97                       -0.04401023659265066584                                                    
op     11   45   63   78   45   11   63   78                       -0.03809309350615250334                                                    
op     11   26   63   78   26   11   63   78                       -0.04643122911028999683                                                    
mvp2   11   27   76   78   27   11   76   78                       -0.01376523628364762636   -0.16684537878925939647                          
om     11   45   74   97   45   11   74   97                        0.00132558418332259895                                                    
a_ia   11   45                                                      0.00016660590753974819                                                    
mvp2   11   26   74   97   26   11   74   97                        0.00776947317443762650    0.15399076139731662782                          
op     22   45   63   97   45   22   63   97                        0.00134624737214664864                                                    
a_ia   63   74                                                     -0.37530995648784443164                                                    
a_ia   11   26                                                      0.01210945904390424432                                                    
a_ia   11   22                                                     -0.44537003854601742159                                                    
om     11   45   63   97   45   11   63   97                        0.00726014579595295542                                                    
om     21   45   63   97   45   21   63   97                        0.00318833788703952806                                                    
op     21   45   74   97   45   21   74   97                       -0.00222440440711435712                                                    
a_ia   78   84                                                      0.06295490373256437677                                                    
om     10   45   63   97   45   10   63   97                       -0.00298709101057603775                                                    
a_ia   63   79                                                      0.00608424203496509518                                                    
om     10   45   74   97   45   10   74   97                       -0.00072162069140516215                                                    
a_ia   74   77                                                      0.02666935166133104287                                                    
om     11   45   73   97   45   11   73   97                        0.00149149473587742378                                                    
a_ia   73   97                                                     -0.01358653254507075775                                                    
op     10   45   73   97   45   10   73   97                        0.00042769375445544678                                                    
op     11   45   62   97   45   11   62   97                       -0.00177789273780628101                                                    
a_ia   73   74                                                     -0.21410225592395693006                                                    
op     10   45   62   97   45   10   62   97                       -0.00066588503337736778                                                    
a_ia   63   73                                                     -0.14283861579630477423                                                    
om     22   45   62   97   45   22   62   97                        0.00074592293587096936                                                    
a_ia   10   11                                                      0.48378645241847823000                                                    
a_ia   62   63                                                      0.46662965697715996782                                                    
a_ia   21   26                                                     -0.00345718981541035149                                                    
a_ia   19   24                                                      0.08397589753800301093                                                    
mvp2   11   32   63   97   32   11   63   97                        0.00261646762490170366    0.01147778434858125023                          
a_ia   10   24                                                      0.00868762718712468539                                                    
a_ia   74   76                                                     -0.09062041695825823195                                                    
mvp2   11   27   73   78   27   11   73   78                       -0.01094589176451811474   -0.06012123146083662301                          
a_ia   11   27                                                      0.00339996321186528810                                                    
a_ia   27   28                                                     -0.02235867447353839452                                                    
mvp2   10   32   63   97   32   10   63   97                       -0.00035746476006160869    0.02871323160577564024                          
a_ia   24   25                                                     -0.16812796338387900330                                                    
mvp2    0   51   63   97   51    0   63   97                       -0.01374641385768044129   -0.24831004926308677949                          
mvp2    0   51   62   97   51    0   62   97                        0.00648520627872660547    0.05244124394987783461                          
a_ia   32   45                                                     -0.28564097443037306245                                                    
mvp2    0   51   74   97   51    0   74   97                        0.00669067921879475027   -0.05256409151342437275                          
mvp2    0   29   63   97   29    0   63   97                        0.02651540441944571710    0.52502566492119873143                          
mvp2    0   29   74   97   29    0   74   97                       -0.01470764726362971259   -0.11384244626800008038                          
mvp2    0   29   63   78   29    0   63   78                        0.01694743653616402265    0.10496782212533882495                          
a_ia    0   29                                                     -0.00300902659442276637                                                    
a_ia   78   97                                                      0.23886685826269676847                                                    
op      0   29   62   97   29    0   62   97                       -0.01400729932402949678                                                    
mvp2    0   51   73   97   51    0   73   97                        0.00446027016257021305   -0.05007083193327523801                          
mvp2    0   29   73   97   29    0   73   97                       -0.00969574543785575033   -0.03836548880251287180                          
a_ia   22   32                                                     -0.00387263313836793983                                                    
op      0   29   62   78   29    0   62   78                       -0.00600551286498501695                                                    
op      0   51   63   78   51    0   63   78                       -0.00405935977034143237                                                    
mvp2    0   51   52  103   51    0   52  103                       -0.00818736330649682924    0.67790450682895642132                          
mvp2    0   29   52  103   29    0   52  103                        0.00686880985282626276   -0.19108302979747882056                          
mvp2    0   29   52   81   29    0   52   81                       -0.01345778011105042658    0.85007229138177620165                          
mvp2    0   51   52   81   51    0   52   81                        0.00696911827133498557   -0.00995752382844054817                          
mvp2    0   45   52   97   45    0   52   97                       -0.01257870002823548508    0.32916802364945374482                          
mvp2   11   51   52   97   51   11   52   97                       -0.00714829937641424992    0.18595818529356480941                          
mvp2   11   29   52   97   29   11   52   97                        0.01208233816833911671   -0.21157291495347940735                          
mvp2   22   51   52   97   51   22   52   97                        0.00528671329654202202   -0.12425701880614978267                          
mvp2   22   29   52   97   29   22   52   97                       -0.00760788857532180510    0.07742160214649558558                          
mvp2    0   40   52   81   40    0   52   81                       -0.00960557948995338640   -0.47168866325156783015                          
mvp2    0   40   52   92   40    0   52   92                       -0.00881904165483434616    0.71854416530884668290                          
a_ia   52   92                                                      0.00107352040201479202                                                    
op      0   31   52   83   31    0   52   83                       -0.00516347017297248516                                                    
op      0   33   52   85   33    0   52   85                       -0.00601684839544777347                                                    
op      0   33   52   83   33    0   52   83                        0.00491572360004274584                                                    
op      0   31   52   85   31    0   52   85                        0.00470254152524629196                                                    
op      0   30   52   85   30    0   52   85                       -0.00316766658608064623                                                    
op      0   34   52   86   34    0   52   86                       -0.00439339986229652941                                                    
a_ia   52   86                                                      0.00117346002175691797                                                    
a_ia    0   34                                                      0.00125647496530669053                                                    
op      0   33   52   82   33    0   52   82                       -0.00223270418261860195                                                    
mvp2    0   29   52   92   29    0   52   92                       -0.00830543428719612495   -0.01868450879791430999                          
op      0   30   52   83   30    0   52   83                        0.00247992775511844893                                                    
mvp2    0   29   52   86   29    0   52   86                       -0.00439755814529077960    0.26651957791032732104                          
mvp2    0   29   52   85   29    0   52   85                        0.00423880242802880929   -0.44376301916260874059                          
op      0   40   52   85   40    0   52   85                        0.00359859547845798808                                                    
mvp2    0   29   52   83   29    0   52   83                       -0.00272376601337630817    0.37592506725514712729                          
op      0   31   52   82   31    0   52   82                        0.00185059069201842915                                                    
op      0   30   52   82   30    0   52   82                       -0.00126607100178137682                                                    
mvp2    0   34   52   81   34    0   52   81                       -0.00451086977979848428   -0.24667413757318010226                          
mvp2    0   33   52   81   33    0   52   81                        0.00460210996380153951    0.39954154929582219591                          
om     21   45   63   78   45   21   63   78                        0.00176802707928444677                                                    
a_ia   11   21                                                     -0.12507885192137563335                                                    
mvp2   21   26   74   84   26   21   74   84                       -0.00663737911265200372    0.04844817699679820899                          
a_ia   74   84                                                      0.01093422911652814841                                                    
mvp2   11   45   67   92   45   11   67   92                        0.00744173232458955527   -0.44554997281516534047                          
mvp2   22   45   67   92   45   22   67   92                       -0.00639096623281997823   -0.08289941492740780793                          
mvp2   10   45   67   92   45   10   67   92                       -0.00430472579254880579    0.03226398197157934883                          
a_ia   11   22                                                      0.02394053028966371122                                                    
mvp2    0   51   52   85   51    0   52   85                       -0.00355296928350621157   -0.07854070992286231456                          
a_ia   78   97                                                     -0.14548775708636882409                                                    
op      0   51   52   83   51    0   52   83                        0.00270196982902195376                                                    
mvp2    0   51   52   86   51    0   52   86                        0.00201384431598884694    0.07987919649565961011                          
mvp2   11   26   67   92   26   11   67   92                        0.00943205975691041761   -0.04181792744706476495                          
om     22   26   67   92   26   22   67   92                       -0.00797994292643529161                                                    
op      0   51   52   92   51    0   52   92                        0.00359750002302881454                                                    
mvp2   21   26   63   97   26   21   63   97                        0.00280622384281887377    0.03093219547625263022                          
mvp2   21   26   63   79   26   21   63   79                       -0.01250844732482084970    0.31377598797183792190                          
a_ia   84   97                                                     -0.22993289089068652542                                                    
a_ia   74   84                                                     -0.01742461218772479309                                                    
a_ia   21   22                                                     -0.24799726107878561354                                                    
a_ia   78   97                                                     -0.10013780108043048023                                                    
mvp2   21   26   62   79   26   21   62   79                        0.00743219608186704121   -0.13910873810725915556                          
mvp2    0   26   52   97   26    0   52   97                       -0.00830081466302245129    0.19695618566376019154                          
a_ia   26   27                                                     -0.19146954877931970929                                                    
a_ia   74   78                                                      0.00150099098927192957                                                    
a_ia   63   78                                                      0.02899065054146979931                                                    
mvp3   63   78   74   97   63   74   97   78   63   74   78   97   -0.00045151283560139466    0.06824649516634620494   -0.03964560961418740065
a_ia   63   97                                                      0.00615887264944057263                                                    
mvp2   10   51   52   97   51   10   52   97                        0.00379269517867575259   -0.13742892541425066888                          
a_ia    0   28                                                      0.00092788305540071061                                                    
mvp2   10   29   52   97   29   10   52   97                       -0.00581915026980717176    0.16438745952578934229                          
a_ia   10   27                                                     -0.00206518383240451246                                                    
a_ia   76   88                                                      0.00757584471198466652                                                    
a_ia   76   89                                                      0.00318838927753482522                                                    
a_ia   76   87                                                      0.00128076969348327099                                                    
mvp2   15   40   63   97   40   15   63   97                        0.00833202665561578147    0.36731732480599887936                          
mvp2   15   40   74   97   40   15   74   97                       -0.00488525692117320210   -0.03104946570392897939                          
mvp2   15   40   63   78   40   15   63   78                        0.00815879771816858078    0.01298406667495096214                          
a_ia   63   78                                                     -0.01979354328093424140                                                    
mvp2   15   40   62   97   40   15   62   97                       -0.00389255375128561617   -0.07177208080719636729                          
a_ia   62   78                                                     -0.00446181927882642604                                                    
mvp2   15   40   62   78   40   15   62   78                       -0.00416354368780015322    0.08464981874942892337                          
a_ia   62   97                                                     -0.00029440887158731585                                                    
mvp2    0   40   52  103   40    0   52  103                        0.00426404417705187472    0.12260372118825804688                          
a_ia   52  103                                                     -0.00086712457942598022                                                    
a_ia    0   40                                                      0.00111953991023475033                                                    
mvp2   18   40   63   97   40   18   63   97                        0.00684456038609633846    0.33879962173122546432                          
mvp2   18   40   63   78   40   18   63   78                        0.00688338246935319038    0.00744294639211753092                          
a_ia    0   15                                                      0.21387512764011967770                                                    
a_ia   15   51                                                     -0.00076632746781085464                                                    
a_ia   15   29                                                      0.00520427951827133212                                                    
mvp2   15   29   74   78   29   15   74   78                       -0.01064585184319384939   -0.11417327190056850150                          
mvp2    0   51   74   78   51    0   74   78                        0.00219952295187041342    0.00140926366905591983                          
mvp2    0   29   74   78   29    0   74   78                       -0.00419228138162273858    0.00472606393772277786                          
om     18   40   74   97   40   18   74   97                       -0.00407232038727536709                                                    
mvp2    0   26   52   78   26    0   52   78                       -0.00432545650692872045   -0.05428759914836091272                          
op      0   33   52  103   33    0   52  103                       -0.00351480123335375875                                                    
a_ia   15   33                                                      0.00031338980961165969                                                    
mvp2    0   33   52   92   33    0   52   92                        0.00297723752223249443   -0.07778062738081623073                          
a_ia   81   82                                                     -0.21563713384000821049                                                    
om     15   37   67   89   37   15   67   89                       -0.00997689367046005263                                                    
a_ia   67   89                                                      0.00142627815049828832                                                    
op     15   38   67   90   38   15   67   90                       -0.00887089185366653731                                                    
a_ia   15   34                                                      0.00190713022493736836                                                    
a_ia   67   90                                                      0.00163458770627759008                                                    
a_ia   15   38                                                      0.00101488336916938024                                                    
om     15   30   67   82   30   15   67   82                       -0.00868179506982802267                                                    
a_ia   81   90                                                     -0.15246593245171100039                                                    
op     15   41   67   93   41   15   67   93                       -0.00733933423497434931                                                    
op     15   35   67   87   35   15   67   87                       -0.00690061885432213893                                                    
a_ia   15   41                                                      0.00117932485158991798                                                    
a_ia   67   87                                                      0.00145172881422917757                                                    
a_ia   15   35                                                      0.00132975767727464282                                                    
a_ia   67   93                                                      0.00116542730918185017                                                    
op     15   41   67   90   41   15   67   90                       -0.00531243794860399108                                                    
op     15   48   67  100   48   15   67  100                       -0.00594087066869041641                                                    
a_ia   15   42                                                     -0.00051059366926553486                                                    
a_ia   67  100                                                     -0.00161642115658051661                                                    
a_ia   15   48                                                     -0.00168777601668421867                                                    
op     15   44   67   96   44   15   67   96                       -0.00402201334841929305                                                    
op     15   44   67   94   44   15   67   94                        0.00180765887792667555                                                    
a_ia   67   94                                                     -0.00022800942126874143                                                    
a_ia   15   44                                                     -0.00045159999493947831                                                    
om     15   42   67   94   42   15   67   94                       -0.00342534365594494850                                                    
a_ia   79   97                                                      0.04581439618967418637                                                    
a_ia   21   32                                                     -0.00175445197951021618                                                    
mvp2   16   40   63   97   40   16   63   97                       -0.00584215487955904150   -0.31096505707068605728                          
a_ia   16   45                                                     -0.00004706021597336656                                                    
a_ia   74   79                                                     -0.00129113969058103763                                                    
mvp2   16   40   74   97   40   16   74   97                        0.00362890687901983857   -0.00113736060525462075                          
a_ia   16   40                                                     -0.00003897362684452315                                                    
a_ia   78   79                                                     -0.08234270357736044044                                                    
mvp2   19   45   63   97   45   19   63   97                       -0.00334073289125116695   -0.12362825161621010528                          
a_ia   19   45                                                      0.00013396363831166789                                                    
mvp2   18   40   62   97   40   18   62   97                       -0.00323613482764830178   -0.06047902351122358411                          
a_ia   18   40                                                     -0.00015404782120427170                                                    
op     15   46   67   98   46   15   67   98                       -0.00216928469582366003                                                    
op     15   49   67  101   49   15   67  101                       -0.00230731526138383330                                                    
op     15   43   67   95   43   15   67   95                       -0.00179443222536069136                                                    
mvp2   16   40   62   97   40   16   62   97                        0.00279688997681950711    0.03857497186487875152                          
mvp2   19   45   74   97   45   19   74   97                        0.00232952908512722373   -0.04381651476453852362                          
mvp2   16   40   63   78   40   16   63   78                       -0.00646434966028041312   -0.02322066333377585320                          
a_ia   73   78                                                     -0.01120332483579060401                                                    
a_ia   63   97                                                     -0.00549354594848470035                                                    
a_ia   73   97                                                      0.01321805043116857682                                                    
mvp2   17   40   63   97   40   17   63   97                        0.00401536461746157709    0.24864206222418339109                          
a_ia   17   40                                                     -0.00160517062350966832                                                    
a_ia   17   45                                                     -0.00082936089616538193                                                    
mvp2    9   40   63   97   40    9   63   97                        0.00632645996103020376    0.31924051042845141835                          
a_ia    9   40                                                     -0.00182207694056439455                                                    
a_ia   63   75                                                     -0.11150887015047360185                                                    
a_ia   17   24                                                      0.04868700702867884839                                                    
mvp2    9   40   74   97   40    9   74   97                       -0.00403472791533539873   -0.02934390793738004058                          
a_ia   16   24                                                      0.03612999571116603387                                                    
mvp2    9   40   63   78   40    9   63   78                        0.00655462436801412199    0.04738262086713720955                          
a_ia   71   97                                                      0.00026471460877536030                                                    
a_ia   71   74                                                      0.04477427161184830556                                                    
a_ia   63   71                                                      0.09117837277879287106                                                    
mvp2   17   40   63   78   40   17   63   78                        0.00418683333087908373    0.01083588565039356709                          
op     15   47   67   99   47   15   67   99                       -0.00180295001807374454                                                    
a_ia   15   47                                                     -0.00076558214027263845                                                    
op     15   49   67   95   49   15   67   95                       -0.00118695205355267685                                                    
a_ia   67   99                                                     -0.00069558490113980716                                                    
om     17   40   74   97   40   17   74   97                       -0.00259121226166893074                                                    
a_ia   71   75                                                      0.39899672492183935191                                                    
a_ia   75   97                                                     -0.00035178854119739919                                                    
a_ia   71   97                                                     -0.00017984166472340254                                                    
mvp2   11   45   70   92   45   11   70   92                        0.00548825193690971602   -0.38658155165937313491                          
a_ia   11   45                                                     -0.00127721032066639923                                                    
om     22   45   70   92   45   22   70   92                       -0.00397124970770981398                                                    
a_ia   22   45                                                      0.00103098872926864530                                                    
a_ia   11   16                                                      0.07427361152560409130                                                    
a_ia   11   24                                                      0.05510165484990140611                                                    
a_ia   27   32                                                      0.12665766130216082885                                                    
a_ia   26   32                                                      0.07113906928370115901                                                    
mvp2   11   45   68   92   45   11   68   92                       -0.00455945642386857645    0.35917880815079217260                          
a_ia   68   78                                                      0.00173900565637650334                                                    
a_ia   68   92                                                      0.00181144456083567385                                                    
a_ia   22   24                                                     -0.02344970279226969018                                                    
op     11   40   63   92   40   11   63   92                       -0.00388361303006324893                                                    
mvp2   11   45   61   92   45   11   61   92                        0.00400111205824593783   -0.32180186583298636682                          
a_ia   61   92                                                     -0.00174712646829897522                                                    
a_ia   11   17                                                      0.10621878587306246566                                                    
mvp2   11   45   63   97   45   11   63   97                       -0.00362490333579582394   -0.09619948680693536647                          
a_ia   27   32                                                      0.01370487466467700324                                                    
mvp2    9   40   61   92   40    9   61   92                       -0.00218938731347420460    0.13965751083115193754                          
mvp2   11   45   69   92   45   11   69   92                        0.00359270420536000413   -0.26157005436330099668                          
a_ia   69   92                                                     -0.00164048836935308008                                                    
a_ia   69   97                                                      0.00021715150829740279                                                    
a_ia   63   69                                                      0.11750296666079597385                                                    
a_ia   17   45                                                      0.00104501918913184636                                                    
mvp2   11   45   74   97   45   11   74   97                        0.00510082310078619709   -0.04270279827826972685                          
a_ia   92   97                                                      0.02502399177088495200                                                    
mvp2   11   45   66   92   45   11   66   92                       -0.00294384161619792948    0.19878162260533333017                          
mvp2   11   45   64   92   45   11   64   92                       -0.00422410377269317842    0.23176669307358155336                          
a_ia   23   45                                                     -0.00078794871154184325                                                    
a_ia   60   92                                                     -0.00226399268144821973                                                    
mvp2   11   45   60   92   45   11   60   92                        0.00239126709516256563   -0.18786345371474613697                          
mvp2   12   40   64   92   40   12   64   92                       -0.00466014087235736008   -0.78816560482465003457                          
