op     12   15   40   43   15   12   40   43                       -0.03787161436727160685                                                    
op     12   15   40   44   15   12   40   44                        0.02162905399757478891                                                    
a_ia   12   15                                                      0.00410692810089288360                                                    
op      9   16   37   44   16    9   37   44                       -0.02536040928612205009                                                    
op     12   18   40   46   18   12   40   46                       -0.01461465195752404550                                                    
a_ia   40   43                                                      0.00269623353122241428                                                    
op      9   15   37   44   15    9   37   44                        0.00471863155047442043                                                    
a_ia   15   16                                                     -0.53718066568948263928                                                    
op      9   16   37   43   16    9   37   43                       -0.01011595311200391353                                                    
op      3   16   31   44   16    3   31   44                       -0.02678290977000330475                                                    
a_ia   31   44                                                     -0.01116576578632817382                                                    
a_ia    3   16                                                      0.00199173283827305293                                                    
op      9   15   37   43   15    9   37   43                       -0.00445020903293003034                                                    
op      3   20   31   48   20    3   31   48                       -0.00145209893537399026                                                    
a_ia   31   43                                                      0.00242133813438696888                                                    
a_ia    3   20                                                     -0.00024542520981114162                                                    
a_ia    3   15                                                      0.00591289494540261137                                                    
a_ia   31   48                                                      0.00359556450759841023                                                    
op      7   16   35   44   16    7   35   44                       -0.00593045692129957371                                                    
a_ia   35   44                                                      0.00567497412210227030                                                    
a_ia    3   14                                                     -0.00103161480919298490                                                    
op      3   21   31   49   21    3   31   49                       -0.00276961934686798753                                                    
a_ia   31   46                                                     -0.00004077466648839474                                                    
op      3   25   31   53   25    3   31   53                       -0.00270847174816719622                                                    
op      3   26   31   53   26    3   31   53                       -0.00024505850897496611                                                    
a_ia    3   26                                                      0.00315681655278806598                                                    
a_ia    3   23                                                     -0.00476684230078168805                                                    
a_ia    3   24                                                      0.00087043407957828657                                                    
op      3   25   31   54   25    3   31   54                       -0.00633625615424632336                                                    
a_ia   31   54                                                     -0.00118903778665733822                                                    
om      3   26   31   54   26    3   31   54                       -0.00218147924897660675                                                    
a_ia   31   51                                                     -0.00423987913109758613                                                    
a_ia   31   52                                                      0.00181321928772761303                                                    
a_ia   31   55                                                     -0.00063082141786713645                                                    
op      4   15   32   43   15    4   32   43                       -0.01000099973624197537                                                    
a_ia   32   43                                                      0.01180888950696967060                                                    
op      9   20   37   48   20    9   37   48                       -0.00280436571254745384                                                    
a_ia   28   44                                                     -0.01231807490218016915                                                    
op      4   21   32   49   21    4   32   49                       -0.00635655408141907151                                                    
a_ia   28   43                                                      0.00211081423429889878                                                    
op      4   21   28   49   21    4   28   49                       -0.00963517586025841415                                                    
a_ia    4   21                                                      0.00112573657479060271                                                    
a_ia    0   16                                                     -0.00649035247768067584                                                    
a_ia    0   15                                                     -0.00621548201178073224                                                    
op      0   21   28   49   21    0   28   49                       -0.00539675455351185107                                                    
om      0   21   32   49   21    0   32   49                       -0.00342646477420198306                                                    
a_ia    0   21                                                     -0.00015300228313979065                                                    
a_ia   32   49                                                      0.02263499404455624614                                                    
op      8   22   36   50   22    8   36   50                       -0.09476470300694979365                                                    
op      9   22   36   50   22    9   36   50                       -0.00378402298790629166                                                    
op      8   22   37   50   22    8   37   50                       -0.00103034070339783675                                                    
a_ia    8   22                                                     -0.02671840534869825839                                                    
om      8   22   35   50   22    8   35   50                        0.03900466435463270654                                                    
op      7   22   35   50   22    7   35   50                       -0.01034801089270213567                                                    
a_ia    7   22                                                      0.00040305024428213517                                                    
om      7   22   36   50   22    7   36   50                        0.02161773445138974459                                                    
a_ia   36   50                                                      0.01090157171740062728                                                    
om      0   15   28   43   15    0   28   43                       -0.00246922588888258063                                                    
op      0   16   28   44   16    0   28   44                       -0.00609492697098239049                                                    
om      0   15   32   43   15    0   32   43                        0.00691579804455457782                                                    
mvp2    8   22   32   43   22    8   32   43                       -0.04789392747072568346    0.43292759218666604371                          
mvp2    4   15    8   22    4    8   22   15                       -0.02687161974574440310   -0.60742498925448218383                          
a_ia    4   15                                                      0.00987268907108621724                                                    
mvp2    4   15    7   22    4    7   22   15                        0.01104643336138802848   -0.49956374332636943603                          
a_ia   35   50                                                      0.00083313230673614657                                                    
mvp2    0   15    8   22    0    8   22   15                        0.00968751388891368401    0.18366118265642744634                          
a_ia   36   48                                                     -0.00227045646002919498                                                    
mvp2    0   27   36   50   27    0   36   50                        0.05305031916240246503    0.82144595720563096108                          
om      0   27   35   50   27    0   35   50                       -0.02754230801845127669                                                    
a_ia    0   27                                                      0.00043629124417508098                                                    
a_ia   37   50                                                     -0.00356162810794133323                                                    
mvp2    0   27   37   50   27    0   37   50                        0.01364325721323537272   -0.29683627296987591393                          
mvp2    0   14   36   50   14    0   36   50                        0.00374676897762200953    0.08751309462646199300                          
a_ia    0   14                                                      0.00410089336413794678                                                    
mvp2    0   27   28   55   27    0   28   55                       -0.01617762153234849481    0.44795401495282083371                          
mvp2    0   14   28   42   14    0   28   42                       -0.01999782788102400649    0.98530824984040465964                          
a_ia   28   55                                                      0.00032702245169513166                                                    
mvp2    0   14   28   55   14    0   28   55                       -0.00950552472074977020   -0.72061168822990051552                          
mvp2    0   27   28   42   27    0   28   42                       -0.02141242406495138390    0.50926509754474302838                          
op     12   18   40   47   18   12   40   47                       -0.00596370125954742529                                                    
op     12   19   40   47   19   12   40   47                       -0.00672598268807101697                                                    
a_ia    0   18                                                     -0.00364582818557821061                                                    
mvp2    4   16   32   43   16    4   32   43                        0.00630238839774043946    0.17510598104394756169                          
a_ia   15   22                                                      0.05958216503707847167                                                    
a_ia    7   15                                                      0.00096862715043828673                                                    
mvp2    0   27   31   53   27    0   31   53                       -0.00868134811666445953    0.19277305819073320414                          
a_ia   31   53                                                     -0.00098187039588148637                                                    
a_ia   31   47                                                     -0.00145856525058491154                                                    
mvp2    0   25    3   27    0    3   25   27                        0.00886050440365586216    0.32389633551271246326                          
a_ia    3   25                                                     -0.00157301888292689374                                                    
a_ia    3   17                                                      0.00181208514841207447                                                    
mvp2    0   27   31   54   27    0   31   54                       -0.02404535050464423618    0.69490728257514389199                          
a_ia    0   27                                                     -0.00153787999381653018                                                    
mvp2    0   26    3   27    0    3   26   27                        0.00371496024904162305    0.95197014669408452914                          
a_ia    0   26                                                     -0.00594687372424108386                                                    
a_ia    3   27                                                      0.00062062104106178398                                                    
a_ia    0   23                                                     -0.00099128838666211693                                                    
a_ia    0   24                                                     -0.01024031292770961887                                                    
a_ia   36   50                                                      0.02005050281066748930                                                    
a_ia   48   50                                                      0.20377236235474749382                                                    
a_ia   28   48                                                      0.00227709041081666829                                                    
om      3   20   28   48   20    3   28   48                        0.00111372007200548503                                                    
mvp2    3   14   28   42   14    3   28   42                       -0.00950239833477016342   -0.36963945549195459384                          
a_ia   28   42                                                      0.00424016486099016744                                                    
om      3   21   32   49   21    3   32   49                       -0.00654341829205978571                                                    
a_ia    3    7                                                     -0.06499408289600619448                                                    
a_ia   32   49                                                     -0.01980512999788923423                                                    
mvp3    3   16    8   22    3    8   22   16    3    8   16   22   -0.03343876677411605769   -0.79677133647637088387    0.10835242460340657744
a_ia    4   16                                                      0.00060930356539510427                                                    
mvp3    3   16    7   22    3    7   22   16    3    7   16   22    0.01715302128680344998   -0.10969302977468964322    0.06544260742246615914
a_ia    3   22                                                      0.00077011640319063056                                                    
a_ia    7   16                                                      0.00501690974494705538                                                    
a_ia   36   50                                                     -0.02794418165061378703                                                    
a_ia    3   16                                                      0.01613257515474027931                                                    
a_ia   33   43                                                      0.00119374575106726650                                                    
a_ia    3    8                                                     -0.06961748897109654166                                                    
a_ia    4   22                                                     -0.00012603050188839110                                                    
mvp2    9   16   37   48   16    9   37   48                       -0.00780872225311126777   -0.74471106510992446381                          
a_ia    3    7                                                     -0.07676032792971804186                                                    
mvp2   32   50   36   53   32   36   50   53                       -0.01875684280122449921    0.45553726788020104665                          
a_ia   53   55                                                     -0.49306520435026912619                                                    
a_ia   32   53                                                     -0.00427621912361316955                                                    
a_ia   32   55                                                      0.00098657002005045130                                                    
a_ia   50   53                                                      0.12351188351068552451                                                    
a_ia   28   32                                                      0.51872555132129716249                                                    
op      3   21   28   49   21    3   28   49                       -0.00696425057474837558                                                    
a_ia   11   15                                                      0.00222578435263851449                                                    
a_ia    3    9                                                     -0.60437792001180268286                                                    
a_ia   26   27                                                     -0.27021969641746756974                                                    
mvp2    3   16   37   44   16    3   37   44                        0.00684315199262513010   -0.13484799548421197435                          
a_ia   37   44                                                      0.01546066430830950883                                                    
a_ia   34   43                                                      0.00081324594005462354                                                    
mvp2    8   22   31   44   22    8   31   44                       -0.03235254118966175707    0.79361139423396576120                          
a_ia   31   49                                                     -0.00294275209768856370                                                    
a_ia   31   44                                                      0.02304787860013213230                                                    
a_ia    3   16                                                      0.00550247773144876742                                                    
mvp2    3   20   31   44   20    3   31   44                       -0.00093351296414175130    0.05349037492220949652                          
mvp2    3   16   31   48   16    3   31   48                       -0.00939899935415075202    0.08344146075720540456                          
a_ia    8   16                                                      0.00240386147115766169                                                    
mvp3    3   16    8   22    3    8   22   16    3    8   16   22   -0.00130273139420471629    0.15624825812124754076   -0.18327726552247014524
a_ia   21   22                                                      0.07312131598667739873                                                    
om      4   21   31   49   21    4   31   49                       -0.00257979044389424102                                                    
a_ia   31   37                                                     -0.56104163332990808488                                                    
a_ia   44   48                                                      0.09005290423477405048                                                    
op     12   19   40   46   19   12   40   46                       -0.00559930894878544853                                                    
a_ia   50   53                                                     -0.08846711670050627641                                                    
mvp2    7   22   31   44   22    7   31   44                        0.01305394048494399294   -0.15692643776108253229                          
a_ia    7   22                                                     -0.00280856539589496423                                                    
a_ia   44   49                                                     -0.06005682496710918611                                                    
a_ia    8   20                                                     -0.00031131764774874806                                                    
a_ia    5   15                                                      0.00693764302984357407                                                    
mvp2    4   25   32   53   25    4   32   53                       -0.00300559983484572583   -0.08609808910765193168                          
a_ia   42   50                                                      0.12494389581043226223                                                    
mvp2    4   14   32   42   14    4   32   42                       -0.03273267770422162715   -0.03277488235980208220                          
a_ia    8   16                                                     -0.00330232637408720432                                                    
a_ia   35   53                                                     -0.00035427365665820112                                                    
a_ia   16   20                                                      0.07925170301463643763                                                    
mvp2    4   25   31   53   25    4   31   53                       -0.00016179954203868693   -0.09942613705153292847                          
a_ia   28   31                                                      0.09986807595850760721                                                    
a_ia   31   32                                                     -0.41107793659991859192                                                    
a_ia   31   35                                                     -0.33232567848538696609                                                    
a_ia   31   42                                                      0.00170291782138847500                                                    
a_ia   32   35                                                      0.02931454810966158120                                                    
a_ia    7   21                                                      0.00088706784969431584                                                    
mvp2    4   24   36   50   24    4   36   50                        0.01793249298521459173    0.91365110612193412010                          
a_ia    4   24                                                     -0.00771450080215017441                                                    
mvp2    4   24   32   52   24    4   32   52                       -0.01507286797864452327    0.70020103161684565940                          
mvp2    4   14   32   52   14    4   32   52                       -0.00962158436736146663   -0.47814726482641811689                          
mvp2    4   26   32   54   26    4   32   54                       -0.00251199247732228955    0.06739530870194185286                          
a_ia   32   40                                                      0.22878446254812917493                                                    
a_ia    4   26                                                      0.00136869526246999242                                                    
a_ia   32   54                                                     -0.00076928996289062730                                                    
a_ia    4   12                                                      0.26383204218126177221                                                    
a_ia    9   20                                                     -0.00069254034214802861                                                    
a_ia   50   52                                                     -0.23335644970923657970                                                    
om      3   20   31   48   20    3   31   48                       -0.00923433411513024070                                                    
a_ia   18   24                                                      0.18300378110579926250                                                    
mvp2    3   16   28   49   16    3   28   49                       -0.00026914400541891155    0.01374964957831335821                          
mvp2    3   20   28   48   20    3   28   48                        0.00242155772098536859   -0.17923135311812105064                          
mvp2    3   16   28   48   16    3   28   48                        0.00307437589669804986   -0.10118556398323494405                          
a_ia   32   40                                                      0.05261504433344778298                                                    
mvp2    4   24   35   50   24    4   35   50                       -0.01566322275519957744    0.04962748367135520755                          
mvp2    4   26   32   52   26    4   32   52                       -0.00162288576014895779   -0.14592583325308433606                          
a_ia   36   48                                                      0.00729544399527784406                                                    
mvp2    3   25   28   49   25    3   28   49                        0.00065520192053125051    0.12243092681911280084                          
mvp3   32   50   35   53   32   35   53   50   32   35   50   53    0.00739606258834505943    0.02562676843073684319   -0.17004325345033965977
a_ia   32   35                                                      0.19630894355035416465                                                    
a_ia   50   53                                                      0.06475123822400696838                                                    
mvp3   32   50   35   52   32   35   52   50   32   35   50   52    0.00739926055624568358   -0.06278609959862282985    0.00710736848279828679
a_ia   35   52                                                      0.00168784116010263822                                                    
a_ia    9   13                                                     -0.10802891776536469037                                                    
mvp2    4   14   32   49   14    4   32   49                       -0.00675443150103553248   -0.05278461574445791893                          
a_ia   36   49                                                     -0.00158295451521762521                                                    
a_ia   24   26                                                     -0.45710681661366703299                                                    
a_ia    4   14                                                      0.00155257631109270364                                                    
a_ia   37   39                                                     -0.07810307051671458445                                                    
a_ia   20   22                                                      0.40044332956517658673                                                    
a_ia   22   25                                                      0.30868039195886981529                                                    
mvp2    4   24   32   49   24    4   32   49                       -0.00277511123335842918    0.02353467277996386386                          
a_ia    4   24                                                      0.00013556278371388780                                                    
mvp2    4   25   32   52   25    4   32   52                        0.00046414223675140842   -0.04872904106618386466                          
a_ia   16   22                                                     -0.02760845622589285300                                                    
a_ia   28   44                                                      0.00631779931845066756                                                    
a_ia    0   19                                                     -0.00037924801499062197                                                    
mvp2    4   21   32   42   21    4   32   42                       -0.00734788732391845716    0.18569955157211914809                          
om      4   21   31   42   21    4   31   42                       -0.00520394163051511073                                                    
a_ia   24   25                                                      0.55308952583796666680                                                    
a_ia   49   52                                                      0.20118045657602684484                                                    
op      3   21   31   42   21    3   31   42                       -0.00295337803439453799                                                    
mvp2    3   21   32   42   21    3   32   42                       -0.00756378799537707133   -0.01559031015778244295                          
a_ia    3    4                                                     -0.19222588087785219546                                                    
a_ia    6   15                                                      0.00234894219026671094                                                    
a_ia    6   22                                                     -0.00213764507193632460                                                    
a_ia    6   16                                                      0.00798160899944320296                                                    
a_ia    6    7                                                     -0.29680409980218458443                                                    
a_ia   28   37                                                      0.11617179210180553217                                                    
a_ia    8   15                                                     -0.00380594602208812229                                                    
a_ia   48   55                                                     -0.08290544601143598480                                                    
a_ia   29   43                                                     -0.00163067265480696614                                                    
mvp2    4   14   31   49   14    4   31   49                       -0.00438850603497373780   -0.01353731059049053352                          
mvp2    3   14   31   49   14    3   31   49                       -0.00284896441973729510   -0.10882198029452348764                          
a_ia    3   14                                                      0.00180745750740093241                                                    
mvp2    3   14   32   49   14    3   32   49                       -0.00312592875726372833   -0.02521544322919780715                          
a_ia    6   22                                                      0.00262137845039339592                                                    
a_ia    6   16                                                     -0.00707808592284922284                                                    
mvp2    3   14   31   42   14    3   31   42                       -0.01257872702313739960    0.27366194719410485980                          
a_ia   32   49                                                     -0.00485585575392091708                                                    
a_ia   24   25                                                      0.18156838034024030959                                                    
a_ia   23   27                                                      0.53203296935939492496                                                    
a_ia    0   27                                                      0.00440992296883298534                                                    
a_ia   19   27                                                      0.24677566758458122087                                                    
a_ia    0   19                                                      0.00114268775105517972                                                    
a_ia   28   29                                                     -0.38831386439871029559                                                    
a_ia   29   44                                                     -0.00243771664857430140                                                    
om      9   16   29   44   16    9   29   44                        0.00767885869314350461                                                    
a_ia    7    9                                                     -0.41421044105059712237                                                    
mvp2   12   26   35   50   26   12   35   50                        0.00541722703927284208    0.27977740930476668879                          
a_ia   46   53                                                      0.19269064920552886333                                                    
a_ia   45   50                                                     -0.39447353736896090259                                                    
a_ia   50   51                                                     -0.32122599944300367358                                                    
a_ia   52   55                                                     -0.24122543959870634822                                                    
mvp2    3   23   31   48   23    3   31   48                        0.01656001850405298959    0.22581774221709854933                          
a_ia   31   36                                                     -0.13926147025363208587                                                    
a_ia   31   48                                                     -0.00093785445231089556                                                    
a_ia   14   21                                                      0.33054385453524970373                                                    
mvp2    3   14   32   42   14    3   32   42                       -0.01056221586859233154    0.02426038910274472271                          
a_ia   20   21                                                     -0.06537610719289758954                                                    
a_ia   31   41                                                      0.06827705759103683270                                                    
mvp2    0   20   31   48   20    0   31   48                        0.00878030211702947663    0.04703681477742692463                          
a_ia    0   25                                                      0.00835809674679311582                                                    
a_ia   14   22                                                      0.14991585134301210758                                                    
a_ia   20   23                                                      0.58158542173595306757                                                    
mvp2    0   23   31   48   23    0   31   48                       -0.00778527859478674381   -0.03364598872109222927                          
a_ia    3   22                                                     -0.00067035972481494736                                                    
om      6   21   32   49   21    6   32   49                        0.00051624263214014544                                                    
a_ia    4    6                                                     -0.22273690508522026033                                                    
a_ia    3    6                                                     -0.08513831134133448275                                                    
mvp2    5   15   32   43   15    5   32   43                        0.01106187983701529057    0.24702148938629497898                          
a_ia   32   37                                                     -0.02976728323638634655                                                    
a_ia   32   43                                                     -0.00570120049164159030                                                    
a_ia   32   33                                                     -0.34065079620971183694                                                    
a_ia   33   43                                                      0.00226744025910540284                                                    
a_ia   33   37                                                      0.25179274803832402130                                                    
a_ia   32   34                                                     -0.25690330345613859864                                                    
a_ia   34   43                                                      0.00177165140172729114                                                    
a_ia   32   44                                                      0.00835296603203300458                                                    
a_ia   28   32                                                     -0.07430925307593280738                                                    
a_ia   14   21                                                      0.15342635152052724878                                                    
a_ia   42   49                                                      0.43447435708401405119                                                    
mvp2   12   26   40   54   26   12   40   54                       -0.00171703077451415835    0.40899684945342368314                          
a_ia   32   43                                                     -0.00470338296194977232                                                    
a_ia    8   10                                                      0.20210098674469087476                                                    
mvp2    4   21   36   49   21    4   36   49                       -0.00430993679350073419    0.10337223280374396861                          
mvp2    3   14   28   49   14    3   28   49                       -0.00291794415922669434   -0.18874886455377570815                          
a_ia    3   14                                                      0.01174169646564224810                                                    
a_ia   37   44                                                     -0.01164135429356818324                                                    
mvp2    0   25   28   53   25    0   28   53                       -0.00460483949193234588    0.11788333537329566403                          
a_ia   28   55                                                      0.00339857498780366018                                                    
om      0   20   28   48   20    0   28   48                       -0.00413839969186620242                                                    
a_ia    0   20                                                      0.00096345798103764427                                                    
mvp2    0   24   28   52   24    0   28   52                       -0.00386381874719721272   -0.14248471971206413955                          
a_ia   28   52                                                     -0.00204075413252948791                                                    
mvp2    0   26   28   54   26    0   28   54                       -0.00464293682242894294    0.53678471839847963221                          
a_ia   31   54                                                      0.00681053294438976539                                                    
a_ia   28   54                                                     -0.00124490810175422188                                                    
a_ia   28   46                                                     -0.00177415823488009331                                                    
a_ia   53   54                                                     -0.29125542924186209603                                                    
a_ia   28   47                                                      0.00192689235611610572                                                    
a_ia   28   40                                                     -0.14189281543322501689                                                    
a_ia   28   51                                                      0.00215168895711891333                                                    
a_ia   28   50                                                      0.00098533707665926984                                                    
a_ia   35   40                                                      0.14967259067722504806                                                    
a_ia    9   16                                                     -0.00029854814708876948                                                    
a_ia    3   14                                                     -0.00392108079660703594                                                    
a_ia   31   54                                                     -0.00426415964287835039                                                    
a_ia    6   23                                                     -0.00088413270956517922                                                    
a_ia   35   45                                                      0.00230172945716047676                                                    
a_ia   42   49                                                      0.07873038798262169125                                                    
a_ia    0   24                                                      0.00742074925902876797                                                    
mvp2    5   16   32   43   16    5   32   43                       -0.00595652811538922855   -0.34204120751873223760                          
