op     25   26   77   78   26   25   77   78                       -0.11321035172567525673                                                    
op     23   27   75   79   27   23   75   79                       -0.09634443456817201601                                                    
op     23   26   75   78   26   23   75   78                       -0.09225768855993363160                                                    
op     25   27   76   79   27   25   76   79                        0.01709703371753767964                                                    
op     25   27   77   79   27   25   77   79                       -0.00575867375221398442                                                    
op     24   27   76   79   27   24   76   79                       -0.00136937789425937073                                                    
op     24   26   77   78   26   24   77   78                       -0.00450317496961247492                                                    
a_ia   75   78                                                      0.01167568964452277321                                                    
op     24   27   77   79   27   24   77   79                       -0.00027679751453735235                                                    
a_ia   23   26                                                     -0.03358137083222374059                                                    
a_ia   77   79                                                     -0.02638267181452982543                                                    
mvp2   23   26   77   79   26   23   77   79                        0.07218347067652909621   -0.60462208160567632032                          
a_ia   77   78                                                     -0.00071886610554677528                                                    
op     21   26   73   78   26   21   73   78                       -0.01442378577213936607                                                    
a_ia   21   27                                                      0.00182682267501005813                                                    
op     25   26   73   78   26   25   73   78                       -0.05706030902866177784                                                    
a_ia   21   25                                                      0.05779232667463852363                                                    
mvp2   25   27   75   78   27   25   75   78                        0.09220068543277262774    0.78460612792506423396                          
a_ia   75   78                                                     -0.02530576170690652590                                                    
mvp2   25   26   76   78   26   25   76   78                        0.08051459993602361198    0.45127170007603917279                          
a_ia   25   26                                                      0.01914356394851638582                                                    
a_ia   24   25                                                      0.13180371601576568175                                                    
mvp2   21   26   76   78   26   21   76   78                        0.00091516076575881675   -0.34743934725495773108                          
mvp2   21   26   75   78   26   21   75   78                        0.00074820387566185359    0.01055605539494727275                          
a_ia   21   26                                                      0.00788135302449064802                                                    
a_ia   23   24                                                     -0.10023645019102105092                                                    
mvp2   23   26   76   79   26   23   76   79                       -0.04996439279145027668    0.52749976607639659232                          
a_ia   76   79                                                      0.01914193006596710128                                                    
mvp2   23   27   77   79   27   23   77   79                       -0.01964570585569871269   -0.08169629443542200664                          
om     23   27   76   79   27   23   76   79                        0.01994889470170476201                                                    
mvp2   25   27   75   79   27   25   75   79                       -0.01606627292944164814    0.07657933223473088746                          
a_ia   73   74                                                     -0.03272242768992362355                                                    
mvp2   23   26   73   79   26   23   73   79                        0.03352109613225635193   -0.35281489519082909201                          
a_ia   73   79                                                     -0.01376735115188489934                                                    
a_ia   73   75                                                     -0.27790279753958047060                                                    
op     21   32   73   84   32   21   73   84                       -0.01989268242302632064                                                    
a_ia   76   78                                                     -0.00771408016646930352                                                    
a_ia   73   84                                                      0.00206376762105774320                                                    
op     25   32   77   84   32   25   77   84                        0.01191288582635984146                                                    
mvp2   21   26   77   84   26   21   77   84                       -0.00735679092061039281    0.53726078678516286935                          
mvp2   23   26   75   84   26   23   75   84                       -0.00814560213513562323   -0.01375837333292267289                          
mvp2   21   26   75   84   26   21   75   84                        0.00189114602529834308   -0.47619579242925158535                          
a_ia   26   32                                                     -0.09192335890492969730                                                    
mvp3   21   26   25   32   21   25   32   26   21   25   26   32   -0.00222031244440003489    0.29104041380346323820    0.03379417799572298486
a_ia   21   25                                                     -0.37614419932118869916                                                    
a_ia   78   79                                                      0.09514948390322720828                                                    
a_ia   74   76                                                      0.25776828535515383667                                                    
op     11   45   63   97   45   11   63   97                       -0.06242521057326196748                                                    
op     21   45   63   97   45   21   63   97                       -0.00240796039401570050                                                    
op     23   45   63   97   45   23   63   97                        0.00958517295487048074                                                    
op     11   45   75   97   45   11   75   97                        0.01650410885618599013                                                    
op     11   45   73   97   45   11   73   97                       -0.00189544443985779410                                                    
op     23   45   73   97   45   23   73   97                        0.00031518917022947961                                                    
op     21   45   75   97   45   21   75   97                        0.00031393476053915523                                                    
a_ia   11   23                                                      0.21101869972600906245                                                    
mvp2   11   26   63   97   26   11   63   97                       -0.04651361722192724757    0.22239913442062061999                          
a_ia   23   32                                                     -0.00503929171866967889                                                    
mvp2   11   26   75   97   26   11   75   97                        0.00413264810316203279    0.05269575472257354704                          
mvp2   11   26   63   78   26   11   63   78                       -0.04758164100107478700    0.00980659349599122959                          
a_ia   63   75                                                     -0.37486111506326025289                                                    
mvp2   11   45   63   78   45   11   63   78                       -0.03459255707257805762   -0.58694466945159151638                          
mvp2   23   45   63   78   45   23   63   78                        0.00137136138627344311    0.00813806233135546363                          
a_ia   21   23                                                     -0.05414255228861390018                                                    
a_ia   79   84                                                      0.12169704602788099235                                                    
mvp2   25   26   63   79   26   25   63   79                        0.02657704279357584604   -0.14120766176136850811                          
mvp2   11   45   75   78   45   11   75   78                        0.02408275857511682494    0.18827484157327195602                          
a_ia   63   78                                                      0.01037440445959194289                                                    
om     23   45   75   97   45   23   75   97                       -0.00423407352297148955                                                    
mvp2   21   26   63   79   26   21   63   79                        0.01429460315587581173    0.05724077629163814435                          
om     21   45   63   78   45   21   63   78                       -0.00203511430640268987                                                    
mvp2   23   26   63   97   26   23   63   97                        0.00346037602843263107    0.04580959234151445875                          
a_ia   73   75                                                      0.56449662745479800563                                                    
mvp2   21   26   63   97   26   21   63   97                       -0.00438880380860563225   -0.07160168036507277844                          
a_ia   78   79                                                     -0.28531459462340086342                                                    
op     11   32   63   97   32   11   63   97                       -0.00181810903881727561                                                    
mvp2   11   27   77   78   27   11   77   78                        0.02278493848110952485    0.12852137951771752666                          
a_ia   76   84                                                      0.00027632069461260293                                                    
mvp2   23   39   75   79   39   23   75   79                        0.00777125334383732373   -0.07444353792714764051                          
a_ia   23   39                                                     -0.00101267481004070885                                                    
op     23   39   75   91   39   23   75   91                       -0.00805085023823412516                                                    
a_ia   79   91                                                      0.23596892110752040739                                                    
a_ia   75   91                                                     -0.00455727274322840960                                                    
a_ia   75   79                                                      0.01058268137464009676                                                    
a_ia   24   25                                                      0.50156352130172210391                                                    
op     11   27   73   78   27   11   73   78                        0.00845245392523938203                                                    
mvp2   11   45   63   84   45   11   63   84                       -0.00048908454321160860   -0.11483908044354547429                          
a_ia   22   24                                                      0.20164459407426552073                                                    
a_ia   26   39                                                      0.06219014979239803620                                                    
om     11   32   63   78   32   11   63   78                        0.00018594148388726268                                                    
om     23   32   73   78   32   23   73   78                        0.00691727620262606521                                                    
a_ia   26   30                                                      0.03020590160116063197                                                    
a_ia   78   84                                                      0.09566282198689222971                                                    
a_ia   27   45                                                      0.01344421865397063022                                                    
om     11   32   63   84   32   11   63   84                       -0.00202553818252252348                                                    
a_ia   75   88                                                     -0.00651084249736707046                                                    
a_ia   75   89                                                     -0.00193261443941636596                                                    
a_ia   27   32                                                      0.10293680976924500514                                                    
mvp2   11   45   52  103   45   11   52  103                       -0.01678497900456421901    0.28336496338592720434                          
mvp2   11   45   52   81   45   11   52   81                        0.02264022556961176741   -0.62070369768193811577                          
om     23   45   52   81   45   23   52   81                       -0.00015375457668553131                                                    
a_ia   11   23                                                      0.03218165817281999630                                                    
mvp2   23   45   52  103   45   23   52  103                       -0.00015707326845757028    0.14662057351275356587                          
om     11   26   52   81   26   11   52   81                        0.02104439884028894842                                                    
a_ia   52   81                                                     -0.00133809808400266856                                                    
mvp2   11   26   52  103   26   11   52  103                       -0.00984683027613135822   -0.01511971060664219976                          
a_ia   23   26                                                      0.03135243614354957936                                                    
mvp2   21   45   52  103   45   21   52  103                       -0.00185943394814118228   -0.10095169557644498304                          
a_ia   63   77                                                     -0.05221565990374861521                                                    
mvp2   11   29   52   97   29   11   52   97                        0.01192928591798957279   -0.30576996299876840757                          
a_ia   32   45                                                     -0.08558720155243633443                                                    
a_ia   26   27                                                     -0.21984962005806746310                                                    
mvp2    0   51   52  103   51    0   52  103                       -0.00904912216598834779   -0.67620785051363807572                          
mvp2    0   29   52   81   29    0   52   81                       -0.01366610491408986640   -0.72884908819235127986                          
mvp2    0   51   52   81   51    0   52   81                        0.00831291643524308642    0.07642324599903865812                          
mvp2    0   29   52  103   29    0   52  103                        0.00745073054336199518   -0.08892453131294261737                          
mvp2    0   45   52   97   45    0   52   97                       -0.00437500367605863413    0.20724688791606923899                          
mvp2   11   51   52   97   51   11   52   97                       -0.00905391805310663995    0.21656499001974463536                          
mvp2    0   51   63   97   51    0   63   97                       -0.00275283553462553603    0.07242951153574951617                          
mvp2    0   45   63  103   45    0   63  103                       -0.00179165933727522850    0.08861130682362985955                          
a_ia   27   39                                                     -0.20852049480070611320                                                    
a_ia   27   30                                                      0.02706008176349761901                                                    
mvp2    0   45   63   81   45    0   63   81                        0.00119883635010099637   -0.11396265586438013295                          
op     11   51   63  103   51   11   63  103                       -0.00389716098161159517                                                    
mvp2   21   45   52   81   45   21   52   81                        0.00252236561068753216    0.11444478034796201626                          
mvp2   23   51   52   97   51   23   52   97                        0.00012827850389225055    0.00529052619532115968                          
a_ia   11   23                                                     -0.55564563774624586845                                                    
mvp2    0   26   52   97   26    0   52   97                       -0.00506475328890319387    0.21576328648558579237                          
op      0   33   52   85   33    0   52   85                       -0.00482965650849846977                                                    
op      0   31   52   85   31    0   52   85                       -0.00452855380960113813                                                    
op      0   31   52   83   31    0   52   83                       -0.00502544430749244861                                                    
op      0   33   52   83   33    0   52   83                       -0.00412563631200710181                                                    
op      0   40   52   92   40    0   52   92                       -0.00830715676654034466                                                    
a_ia    0   34                                                      0.00169831071277173917                                                    
a_ia   52   86                                                      0.00105444279087308040                                                    
a_ia    0   40                                                     -0.00130452871840067370                                                    
a_ia   52   92                                                     -0.00076686781589234822                                                    
mvp2    0   29   52   92   29    0   52   92                        0.00793332727713571932   -0.29948975293194501912                          
om      0   34   52   86   34    0   52   86                       -0.00446284379683338939                                                    
mvp2    0   29   52   86   29    0   52   86                       -0.00465128399096764299    0.23345112903718792663                          
a_ia    0   29                                                     -0.00035804545280950021                                                    
mvp2    0   40   52   81   40    0   52   81                        0.00943649966953617747    0.50429051933814517117                          
mvp2    0   34   52   81   34    0   52   81                       -0.00510105026761182613   -0.26891561292654153625                          
mvp2    0   33   52   81   33    0   52   81                       -0.00406620973116403241   -0.36588308566936406097                          
mvp2   11   45   52   85   45   11   52   85                        0.00590123654896667748   -0.19460820957748717341                          
mvp2   11   45   52   83   45   11   52   83                        0.00432568160929191255   -0.15500645288432093882                          
mvp2   11   26   52   85   26   11   52   85                        0.00629006608706855937   -0.03496156503722522985                          
mvp2   11   26   52   83   26   11   52   83                        0.00443423294153136738    0.00222726364122684001                          
mvp2    0   33   52  103   33    0   52  103                        0.00366549435885082280    0.10461727334077614016                          
mvp2    0   30   52   85   30    0   52   85                        0.00296836224797806473    0.56917886576192000536                          
mvp2    0   31   52  103   31    0   52  103                        0.00258589272389094004    0.45819603323447516408                          
a_ia    0   31                                                     -0.00124960581382136901                                                    
mvp2    0   40   52  103   40    0   52  103                       -0.00466353072788496838   -0.02646906859311161722                          
mvp2   15   40   63   97   40   15   63   97                       -0.01118634763118974036   -0.26425304329188120667                          
mvp2   15   40   63   78   40   15   63   78                       -0.00719795152125096357    0.06097278330729821033                          
mvp2   17   40   63   97   40   17   63   97                       -0.01162900007019432129   -0.27869175213168517757                          
a_ia   17   25                                                     -0.05846652042759004769                                                    
a_ia   84   97                                                     -0.18246034864235322059                                                    
mvp2   16   40   63   97   40   16   63   97                       -0.01260008638519629319   -0.31349927944499628163                          
mvp2   16   40   63   78   40   16   63   78                       -0.01074330145469266397   -0.01034139131859902923                          
mvp2   17   40   63   78   40   17   63   78                       -0.00882493505384258047    0.01935267626934574284                          
a_ia   63   78                                                      0.01663157738937361130                                                    
mvp2   10   45   63   97   45   10   63   97                       -0.00073883495281432934   -0.04537237398952755074                          
a_ia   10   45                                                      0.00041291834741162824                                                    
mvp2   17   45   63   97   45   17   63   97                       -0.00136409058198052702   -0.02539366704465315094                          
mvp2   18   40   63   97   40   18   63   97                        0.00708083626089349525    0.18847764726051763340                          
mvp2   11   45   62   97   45   11   62   97                       -0.00087777438630459552    0.11819443809285494484                          
a_ia   62   63                                                      0.27109849620642628709                                                    
a_ia   10   11                                                      0.30121893111593944781                                                    
mvp2   11   45   63   97   45   11   63   97                        0.00617334680897090819   -0.16081989378689465209                          
a_ia   11   17                                                      0.02225173110163151946                                                    
op      0   34   52   83   34    0   52   83                        0.00267941023825061988                                                    
op      0   34   52  103   34    0   52  103                        0.00237418938221347058                                                    
op      0   51   52   92   51    0   52   92                       -0.00357302364418499597                                                    
op      0   34   52   92   34    0   52   92                        0.00259173501311974917                                                    
om      0   33   52   92   33    0   52   92                        0.00295226186121697130                                                    
a_ia   21   23                                                      0.36697672066257985835                                                    
mvp2   11   45   67   92   45   11   67   92                       -0.00871406733935450525    0.43339364590869355887                          
a_ia   67   92                                                      0.00131857432211571418                                                    
mvp2   63   92   69   97   63   69   92   97                        0.00691858888292293858    0.36518258249650742409                          
a_ia   63   69                                                      0.10646873204331332163                                                    
mvp2   11   45   68   92   45   11   68   92                       -0.00365887292485563486    0.23236290517649596521                          
mvp2   11   45   63   97   45   11   63   97                       -0.00701601307858780183    0.12574616912861225071                          
op     11   40   63   92   40   11   63   92                       -0.00435876649441723808                                                    
mvp2   16   40   68   92   40   16   68   92                       -0.00229307459733915382    0.37408151929310573536                          
mvp2   11   45   60   92   45   11   60   92                       -0.00512630610044635410    0.29920504261539859758                          
a_ia   11   18                                                      0.09185146898486772071                                                    
mvp2   11   45   70   92   45   11   70   92                        0.00394200752456367806   -0.26921553855277680078                          
op     12   40   64   92   40   12   64   92                       -0.00566869883975540736                                                    
a_ia   63   68                                                     -0.03711088101863689592                                                    
op     14   40   64   92   40   14   64   92                        0.00246019816675873077                                                    
op     12   40   66   92   40   12   66   92                        0.00250870180113945632                                                    
a_ia   14   40                                                      0.00141697683205673766                                                    
op      6   40   58   92   40    6   58   92                       -0.00397308657614282076                                                    
a_ia   13   40                                                     -0.00088641275469189247                                                    
op      6   40   64   92   40    6   64   92                        0.00282837833314108491                                                    
a_ia    8   40                                                      0.00236727286411238550                                                    
op     12   40   58   92   40   12   58   92                        0.00331353807286018315                                                    
a_ia   59   92                                                      0.00195233337858086945                                                    
op     23   32   77   84   32   23   77   84                        0.00486823382248481335                                                    
a_ia   23   32                                                      0.00851809276371750211                                                    
mvp2   25   32   77   84   32   25   77   84                       -0.01989675408857842498   -0.09121030608655851524                          
om     15   31   67   83   31   15   67   83                       -0.00833179446934617478                                                    
a_ia   15   31                                                     -0.00107088133784526704                                                    
a_ia   67   83                                                     -0.00232576768519069397                                                    
op     15   37   67   89   37   15   67   89                       -0.00940669911665378139                                                    
a_ia   15   37                                                      0.00213987994917173288                                                    
a_ia   67   89                                                      0.00174560150125938475                                                    
a_ia   15   34                                                      0.00164825766238703843                                                    
a_ia    0   15                                                      0.29519461974363642165                                                    
op     15   38   67   90   38   15   67   90                       -0.00791973700836965180                                                    
a_ia   15   29                                                      0.00083699762011501004                                                    
a_ia    0   37                                                      0.00082390631800185880                                                    
a_ia   67   90                                                      0.00248632742624785644                                                    
a_ia   15   38                                                      0.03642221658485170904                                                    
op     15   35   67   87   35   15   67   87                       -0.00453273437934211074                                                    
op     15   41   67   93   41   15   67   93                       -0.00722221133409592462                                                    
a_ia   15   41                                                      0.01895525331462196914                                                    
a_ia   67   87                                                      0.00142085504061695354                                                    
a_ia   29   38                                                     -0.15157878109740977046                                                    
a_ia   67   93                                                     -0.02305547996492555290                                                    
a_ia   11   45                                                     -0.02413665753965260619                                                    
a_ia   77   84                                                     -0.00346438378022005580                                                    
a_ia   63   97                                                     -0.00086122718667363954                                                    
a_ia   52   85                                                     -0.00065758262371750113                                                    
a_ia   21   32                                                     -0.00341889592236406048                                                    
a_ia   15   35                                                      0.00149578220250025807                                                    
a_ia   58   92                                                     -0.00101261557010236887                                                    
a_ia    0   51                                                     -0.00109324871838305943                                                    
a_ia   52  103                                                     -0.00348496712404033947                                                    
mvp2   15   38   75   79   38   15   75   79                       -0.01624505114945954190   -0.15316766600854092584                          
a_ia   75   87                                                     -0.00127150214836000948                                                    
mvp2   67   79   75   90   67   75   79   90                        0.01139696047780519063   -0.11010856076424041516                          
mvp2   67   79   75   87   67   75   79   87                        0.01029288512781425732   -0.11993260009324641091                          
mvp2   15   35   75   79   35   15   75   79                       -0.01154918266551752115   -0.10005025647123211296                          
mvp2   15   41   75   79   41   15   75   79                       -0.00934973611840742881   -0.08750195400605896567                          
a_ia   15   41                                                     -0.01652985538538794680                                                    
mvp2   15   38   67   93   38   15   67   93                       -0.00425615474586126669    0.61366110145672492227                          
a_ia   15   38                                                     -0.04283260734261928188                                                    
a_ia   67   86                                                      0.00313717630974226849                                                    
mvp2   15   29   67   81   29   15   67   81                       -0.00789097816147273610    0.53547517281925749444                          
a_ia   23   32                                                     -0.00958027273541264650                                                    
mvp2   15   38   67   86   38   15   67   86                        0.00356923683644066059   -0.59796309326414731622                          
om     15   41   67   90   41   15   67   90                       -0.00462925157819968954                                                    
a_ia   79   91                                                     -0.30339733084389597373                                                    
op     15   48   67  100   48   15   67  100                       -0.00496913620666598888                                                    
a_ia   15   48                                                     -0.00181289132885530937                                                    
a_ia   67  100                                                     -0.00169759976974672810                                                    
op     15   44   67   96   44   15   67   96                       -0.00350653573988106860                                                    
a_ia   67   96                                                     -0.00086935191786637295                                                    
a_ia   15   44                                                     -0.00096472674564927763                                                    
op     15   42   67   94   42   15   67   94                       -0.00327515429788908206                                                    
op     15   43   67   95   43   15   67   95                       -0.00192454811996726842                                                    
a_ia   15   43                                                      0.00053034448530968749                                                    
op     15   46   67   98   46   15   67   98                       -0.00216391012212635136                                                    
a_ia   15   46                                                     -0.00052870522322529369                                                    
op     15   49   67  101   49   15   67  101                       -0.00221236718702930765                                                    
a_ia   15   49                                                     -0.00042926894517039877                                                    
a_ia   15   47                                                     -0.00104265894234230392                                                    
a_ia   52   80                                                     -0.00136494026183555587                                                    
a_ia   80  103                                                      0.29076200967320259272                                                    
a_ia   52  103                                                      0.00185547170168200702                                                    
a_ia   73   78                                                      0.01238469827018310633                                                    
a_ia   11   45                                                      0.02247667504051545015                                                    
a_ia   78   83                                                      0.02613922981838151874                                                    
a_ia   25   32                                                     -0.00355415293642650674                                                    
a_ia   23   25                                                      0.05929793785169479997                                                    
a_ia   22   23                                                     -0.08630576581133689307                                                    
mvp2   25   32   77   78   32   25   77   78                        0.01923001807901427926   -0.00789470431322160035                          
mvp2   21   32   73   78   32   21   73   78                        0.01143601235441073401    0.05224071409323911841                          
a_ia   65   92                                                     -0.00120742035131749274                                                    
a_ia    7   40                                                      0.00188224340586297693                                                    
a_ia   52  103                                                      0.00104971546009946818                                                    
a_ia   26   31                                                      0.02851209912380365391                                                    
a_ia   79   91                                                     -0.18661895239232986765                                                    
mvp2    6   33   63   97   33    6   63   97                       -0.00810399631368913069   -0.50519736711928653339                          
mvp2    6   33   63   78   33    6   63   78                       -0.01349739276326516850   -0.01267783243854897664                          
a_ia    6   17                                                     -0.28491100121953655266                                                    
a_ia   21   32                                                      0.00585210263747884627                                                    
mvp2    6   31   63   78   31    6   63   78                       -0.01468790999122871442   -0.00699150264657043708                          
a_ia    6   31                                                      0.00153310160062651015                                                    
a_ia   17   33                                                     -0.00069183548926703966                                                    
mvp2    6   31   63   97   31    6   63   97                       -0.00527822972918581389   -0.50849934048984457569                          
a_ia   63   84                                                      0.00163753011546381461                                                    
a_ia   63   78                                                     -0.00680345575098913451                                                    
mvp2    6   31   58   83   31    6   58   83                       -0.01300467719020144235    0.84163242247249725470                          
op     17   31   69   83   31   17   69   83                       -0.00759631223798334834                                                    
a_ia   58   69                                                     -0.18412334289187579084                                                    
a_ia   26   32                                                      0.24998451626699852435                                                    
mvp2    6   33   58   85   33    6   58   85                       -0.00850923787732721024    0.82428576494670591224                          
op      6   33   58   83   33    6   58   83                       -0.00452854136265082481                                                    
a_ia   10   31                                                      0.00108009573502188092                                                    
mvp2    6   31   58   85   31    6   58   85                       -0.00450078421277853857   -0.04942935507754389612                          
mvp2    6   34   63   78   34    6   63   78                        0.00664187162882822184    0.17821827466011727625                          
a_ia    6   34                                                      0.00427340112145600196                                                    
mvp2   23   27   77   78   27   23   77   78                        0.03062864700415608363   -0.01860039413980834472                          
a_ia   23   27                                                     -0.00295504183061247967                                                    
a_ia   77   78                                                      0.01742655961402207743                                                    
a_ia   10   17                                                     -0.23406892858206410080                                                    
a_ia   81   90                                                     -0.14447306658529704415                                                    
op     12   40   55   92   40   12   55   92                       -0.00253279781482969703                                                    
