op     20   25   68   73   25   20   68   73                       -0.14921350113740280974                                                    
op     23   27   71   75   27   23   71   75                       -0.05368346308995457922                                                    
op     23   24   71   72   24   23   71   72                       -0.04767017772041384077                                                    
mvp2   20   25   67   72   25   20   67   72                       -0.06733325895154171348    0.47873325895574136979                          
mvp2   19   24   67   72   24   19   67   72                       -0.05732461587008684523   -0.54003026499363626645                          
mvp2   20   25   67   75   25   20   67   75                        0.05428264676096334479   -0.46192007282562008719                          
mvp2   23   27   68   73   27   23   68   73                       -0.03535318010973836911   -0.22423742809204788573                          
mvp2   19   27   68   73   27   19   68   73                        0.03523588444040277184    0.34661002771604387807                          
mvp2   68   73   71   75   68   71   75   73                       -0.02681922350188348930    0.14921964346714189364                          
a_ia   19   20                                                     -0.01630864489813415447                                                    
mvp2   20   25   71   72   25   20   71   72                        0.03813400051469913871   -0.22624389952585652330                          
a_ia   68   71                                                      0.06314842046604016157                                                    
mvp2   20   24   23   25   20   23   24   25                       -0.04105087088882033997   -0.29102843542086731521                          
a_ia   67   70                                                     -0.02886086380175822627                                                    
mvp2   23   27   67   72   27   23   67   72                       -0.02541390466632180434   -0.02721966204870239839                          
op     20   26   68   74   26   20   68   74                       -0.01104751889892507249                                                    
a_ia   73   74                                                      0.07419362328618932245                                                    
a_ia   73   76                                                      0.12841996176490141912                                                    
a_ia   74   75                                                      0.15997346548999968885                                                    
a_ia   24   25                                                     -0.10274541378363268029                                                    
mvp2   20   32   68   73   32   20   68   73                       -0.01823614261729144398   -0.15769843794019341998                          
a_ia   25   26                                                      0.05411634769178985671                                                    
mvp2   20   31   68   73   31   20   68   73                       -0.01329306256512262363   -0.13779085192339407540                          
mvp2   23   24   71   75   24   23   71   75                       -0.03136330827240168401   -0.23182971910816332906                          
a_ia   71   72                                                      0.06088736639697081565                                                    
mvp2   20   25   68   80   25   20   68   80                       -0.01750461673018348374    0.15924129439376988326                          
a_ia   20   28                                                      0.00403081615721177268                                                    
mvp2   20   25   68   79   25   20   68   79                       -0.01316322948865401160    0.13686047677390716926                          
a_ia   68   79                                                     -0.00193967297252047467                                                    
a_ia   25   28                                                     -0.01076079183844547843                                                    
mvp2   20   25   68   82   25   20   68   82                        0.01490102599457382090   -0.12983868125254366399                          
a_ia   68   82                                                      0.00152442251498640627                                                    
a_ia   68   76                                                      0.00526740000593198341                                                    
op     20   39   68   87   39   20   68   87                       -0.01515682640743361287                                                    
a_ia   68   87                                                     -0.01071158556589411198                                                    
a_ia   20   39                                                     -0.06549000630589497940                                                    
a_ia   20   33                                                      0.00434946056177185590                                                    
a_ia   20   30                                                     -0.00708915799505975639                                                    
mvp2   20   25   68   91   25   20   68   91                       -0.01896945402659948668    0.14823571903249396775                          
a_ia   25   39                                                     -0.08558635646886089687                                                    
a_ia   68   91                                                      0.00447101980600649387                                                    
a_ia   25   34                                                     -0.17475950562874131844                                                    
a_ia   25   35                                                      0.09219857237012191176                                                    
a_ia   20   34                                                      0.02030363969817224057                                                    
mvp2   20   25   68   87   25   20   68   87                        0.01459947644552468324   -0.09222131883087890392                          
a_ia   68   81                                                      0.00452651295681737696                                                    
mvp2   20   25   68   83   25   20   68   83                       -0.00901123276649363862    0.08191122844629500355                          
a_ia   68   78                                                     -0.00681572892474717213                                                    
mvp2   20   43   68   73   43   20   68   73                        0.00656005711500960362    0.10875485622132743946                          
a_ia   20   43                                                     -0.02288630115970026468                                                    
om     20   43   68   91   43   20   68   91                       -0.00153541755409222227                                                    
a_ia   19   22                                                     -0.04120290600880044396                                                    
a_ia   67   75                                                      0.00548192423870762658                                                    
a_ia   67   71                                                     -0.09082210185856789963                                                    
mvp2   19   24   71   75   24   19   71   75                       -0.03133041969008103222   -0.06861034792822409689                          
a_ia   22   23                                                      0.19287090478817203731                                                    
a_ia   67   74                                                     -0.00175581922950932457                                                    
a_ia   24   26                                                      0.01585406038900240983                                                    
mvp2   19   24   67   75   24   19   67   75                        0.01628801590853943063    0.42058283135532364971                          
mvp2   20   25   68   90   25   20   68   90                        0.00130333552751249948   -0.04779802450804491315                          
a_ia   68   90                                                      0.00793215986238487991                                                    
a_ia   68   85                                                      0.00718166043682626209                                                    
a_ia   68   84                                                     -0.00221315504809818132                                                    
a_ia   71   72                                                     -0.06447463244109800928                                                    
a_ia   20   37                                                      0.00430166124377280839                                                    
a_ia   20   36                                                     -0.00178399537197096339                                                    
a_ia   68   86                                                      0.00178202904927374662                                                    
a_ia   68   89                                                     -0.00288261858850158339                                                    
a_ia   68   88                                                     -0.00042052847116756268                                                    
op     18   26   66   74   26   18   66   74                       -0.01590965275830882875                                                    
op     18   31   66   74   31   18   66   74                       -0.00870378907641592564                                                    
op     18   31   66   79   31   18   66   79                       -0.00859336591086435828                                                    
a_ia   18   19                                                     -0.10187457537746540115                                                    
a_ia   75   79                                                     -0.08220555149232375292                                                    
a_ia   24   32                                                     -0.04372409795320908454                                                    
a_ia   24   28                                                     -0.08495639225679253725                                                    
a_ia   67   80                                                      0.00215125885181044777                                                    
op     16   27   64   72   27   16   64   72                        0.01062658261724263621                                                    
mvp2   20   25   67   88   25   20   67   88                        0.01479074479053511283   -0.17884524312460689521                          
a_ia   67   88                                                     -0.03535444812846596369                                                    
mvp2   20   25   67   89   25   20   67   89                       -0.01049827810958857757    0.13152245833356551730                          
a_ia   67   89                                                      0.00237998606849671975                                                    
a_ia   73   88                                                     -0.05362211576396825469                                                    
a_ia   67   86                                                      0.00545290842733804713                                                    
a_ia   67   85                                                     -0.07774618570461805378                                                    
a_ia   67   84                                                     -0.00260806297032501822                                                    
a_ia   73   89                                                     -0.09358618584387522199                                                    
mvp2   20   42   68   73   42   20   68   73                       -0.01451659407341478886   -0.12225943556271968993                          
a_ia   20   38                                                      0.00210895947002310733                                                    
a_ia   20   42                                                      0.00233582441918402280                                                    
mvp2   67   73   68   86   67   68   73   86                        0.01176514635783731770   -0.12173524441706133625                          
a_ia   67   68                                                      0.04175381585999850265                                                    
mvp2   20   41   68   73   41   20   68   73                        0.00866646360901779551    0.07807820721600966518                          
a_ia   20   41                                                     -0.00283200972062021229                                                    
mvp2   20   40   68   73   40   20   68   73                        0.00750782779745524063    0.07083401147363778405                          
om     18   28   66   74   28   18   66   74                       -0.01129390395591777993                                                    
a_ia   24   29                                                     -0.09757186201510403833                                                    
om     18   28   66   76   28   18   66   76                       -0.00833816819061532037                                                    
op     18   26   66   76   26   18   66   76                       -0.01076330773404211502                                                    
op     18   26   66   79   26   18   66   79                       -0.00901874013771573717                                                    
a_ia   68   73                                                      0.01798443617186765847                                                    
a_ia   19   26                                                     -0.00017942592860067957                                                    
a_ia   69   72                                                     -0.00162032235011081945                                                    
a_ia   70   72                                                     -0.00330235667969869208                                                    
om     18   28   66   79   28   18   66   79                       -0.00630297792992008405                                                    
a_ia   75   76                                                      0.08544470469311007954                                                    
a_ia   19   27                                                      0.01078923950693254363                                                    
a_ia   26   27                                                      0.15460661500201833274                                                    
a_ia   70   71                                                      0.19419101728327689549                                                    
a_ia   21   23                                                     -0.15522387338071444440                                                    
op     18   31   66   76   31   18   66   76                       -0.00573608861501095219                                                    
op      7   33   55   81   33    7   55   81                       -0.01565653075273041803                                                    
a_ia    7   33                                                      0.01311313312612227139                                                    
a_ia   55   81                                                      0.01359537156281264737                                                    
mvp2   23   27   55   81   27   23   55   81                        0.01813783774506611685   -0.39500550558107094812                          
a_ia   23   27                                                     -0.00735331359557805323                                                    
mvp2    7   27   23   33    7   23   27   33                       -0.01758071679839269888    0.21925422376665193447                          
a_ia   55   74                                                     -0.00340126910397030562                                                    
op      7   26   55   74   26    7   55   74                       -0.01331143554587161867                                                    
a_ia    7   26                                                      0.00120258025241190710                                                    
a_ia   71   81                                                      0.00104298976394790583                                                    
mvp2    7   26   55   81   26    7   55   81                        0.00645444798170293800    0.27734483214954563923                          
op      7   26   55   76   26    7   55   76                       -0.00747873523394986927                                                    
a_ia   55   76                                                     -0.00213529296049938663                                                    
a_ia   55   81                                                      0.00532081993982896906                                                    
op      7   32   55   80   32    7   55   80                       -0.00793747972612961379                                                    
a_ia    7   32                                                      0.00288886587519939257                                                    
a_ia   55   80                                                      0.00220501225856670766                                                    
a_ia   19   32                                                      0.00307115536094104257                                                    
om      7   31   55   79   31    7   55   79                       -0.00563022439517047411                                                    
a_ia   66   75                                                      0.00123773404626722279                                                    
op      7   32   55   76   32    7   55   76                        0.00517150509446777980                                                    
a_ia   66   82                                                      0.00213120643179575591                                                    
op      7   32   55   74   32    7   55   74                        0.00650923881409654851                                                    
op      7   28   55   76   28    7   55   76                       -0.00616129973013870586                                                    
a_ia    7   28                                                     -0.00084246076790844707                                                    
op      7   28   55   74   28    7   55   74                       -0.00701659262337469159                                                    
a_ia   19   28                                                      0.00208155791021867728                                                    
a_ia   19   24                                                     -0.01381326637650194186                                                    
a_ia   68   73                                                      0.02540039120452756982                                                    
a_ia   19   29                                                      0.00560048882545886428                                                    
op     19   37   67   85   37   19   67   85                       -0.01088462112758819232                                                    
a_ia   19   37                                                     -0.00566857336479930675                                                    
mvp2   19   40   68   73   40   19   68   73                        0.01542893908116932042    0.17505938483815577933                          
a_ia   19   38                                                      0.00018935316811232713                                                    
mvp2   19   41   68   73   41   19   68   73                       -0.01208057101529667020   -0.12658322013565592723                          
mvp2   19   38   68   73   38   19   68   73                       -0.01021813729996923908   -0.12625709231627313400                          
a_ia   19   36                                                     -0.00265911288692517126                                                    
om      7   28   55   80   28    7   55   80                        0.00541600128665356648                                                    
om      7   26   55   80   26    7   55   80                        0.00705321556222324956                                                    
a_ia   68   73                                                     -0.03895098263447421133                                                    
a_ia   19   40                                                      0.00293730213627835159                                                    
a_ia   25   37                                                      0.03063451394242863030                                                    
op      7   32   55   81   32    7   55   81                       -0.00501200841576120333                                                    
op     20   47   68   95   47   20   68   95                       -0.00295643428312586951                                                    
a_ia   68   92                                                     -0.00027790101927264245                                                    
op     20   46   68   94   46   20   68   94                       -0.00278819366779225206                                                    
a_ia   68   95                                                      0.00048458570669439668                                                    
om     18   30   66   78   30   18   66   78                       -0.00725956501292885237                                                    
a_ia   66   78                                                      0.00190272626805658082                                                    
a_ia   18   30                                                      0.00123063851193750415                                                    
op     16   24   64   72   24   16   64   72                       -0.01485210549427089070                                                    
a_ia   23   24                                                      0.01565982904543523901                                                    
op      7   24   55   72   24    7   55   72                       -0.01145690105201977935                                                    
mvp2   23   27   71   72   27   23   71   72                       -0.01971348552227016049    0.10584625202066545724                          
a_ia   23   27                                                     -0.00703960179905520345                                                    
a_ia   71   72                                                      0.02009215444844268672                                                    
mvp2   23   24   55   81   24   23   55   81                        0.01030129084999614059   -0.25215256372603556123                          
a_ia   55   81                                                     -0.01719420170502512432                                                    
a_ia   16   27                                                     -0.00223818886205022927                                                    
mvp2    7   24   23   33    7   23   24   33                       -0.01178323777656503993    0.16874039655645894920                          
a_ia    7   33                                                     -0.00608222540713989745                                                    
mvp2   16   27   23   33   16   23   27   33                       -0.00513049178731549670    0.17736066511838738391                          
a_ia   16   33                                                      0.00113636882389141062                                                    
a_ia   69   71                                                     -0.15724493025560656867                                                    
op     20   45   68   93   45   20   68   93                       -0.00167432822163146111                                                    
a_ia   68   93                                                      0.00017869228195485751                                                    
a_ia   20   45                                                     -0.00091472000153776292                                                    
mvp2    7   30   55   81   30    7   55   81                       -0.00696524288120589467   -0.35465715162103239599                          
a_ia   55   81                                                      0.00393970920464006488                                                    
op     18   26   66   78   26   18   66   78                       -0.00818462373876145503                                                    
a_ia   26   29                                                      0.22565087988476725811                                                    
a_ia   13   27                                                     -0.00543372982672592295                                                    
om     18   28   66   78   28   18   66   78                       -0.00635900242483015531                                                    
op     18   26   66   82   26   18   66   82                       -0.00477291027415569554                                                    
mvp2   13   27   55   81   27   13   55   81                       -0.00953108974212583254   -0.58879383509076410608                          
a_ia    7   30                                                      0.00227945200484554363                                                    
a_ia   13   23                                                     -0.22161164167516150814                                                    
mvp2   13   24   55   81   24   13   55   81                       -0.00457054600133890727   -0.37383240311071547213                          
a_ia   13   24                                                     -0.00508046357302889551                                                    
mvp2   20   42   68   90   42   20   68   90                       -0.00215444255145806618    0.12607102275376905198                          
a_ia   20   44                                                     -0.00096025803609754452                                                    
mvp2   19   40   68   90   40   19   68   90                        0.00158100129172749509   -0.04658312137643387529                          
a_ia   68   90                                                      0.00585539756521283490                                                    
a_ia   73   84                                                     -0.03323569561518900650                                                    
mvp2   23   27   64   81   27   23   64   81                        0.00512073757907676418   -0.17611574061999638041                          
a_ia   64   81                                                      0.00073474851329803257                                                    
a_ia   55   72                                                     -0.00081165440601144428                                                    
om     18   30   66   74   30   18   66   74                       -0.00799465420526998538                                                    
om     18   30   66   76   30   18   66   76                       -0.00606513446140318716                                                    
a_ia   17   27                                                     -0.00381649170654513922                                                    
a_ia   17   23                                                     -0.05597777552225319253                                                    
mvp2   20   25   64   92   25   20   64   92                       -0.01210050447953218283    0.15083739294207229586                          
a_ia   20   25                                                      0.00363886452067891048                                                    
a_ia   64   92                                                     -0.00493909848908585542                                                    
mvp2   20   25   64   89   25   20   64   89                       -0.00684138734710287941    0.09409640089850108968                          
a_ia   64   85                                                     -0.00399648876614865090                                                    
a_ia   64   67                                                      0.05224764295727225144                                                    
mvp2   64   73   68   93   64   68   73   93                       -0.00993989099119338415    0.12194737325516742665                          
a_ia   64   93                                                      0.00045863361762948956                                                    
a_ia   68   73                                                      0.00952125065910989013                                                    
mvp2   64   73   68   94   64   68   73   94                       -0.01062604576487926819    0.11858214726985903675                          
a_ia   64   94                                                      0.00150010749141776811                                                    
a_ia   73   93                                                     -0.05172156141933940965                                                    
a_ia   64   68                                                     -0.04156265179405899124                                                    
mvp3   64   73   68   90   64   68   90   73   64   68   73   90    0.00848064272092884965    0.26056006298803996435   -0.09271848405012324268
a_ia   64   90                                                     -0.00182934958989881846                                                    
a_ia   20   25                                                      0.01152815299030914530                                                    
mvp2   19   40   64   95   40   19   64   95                       -0.00216868151579944221    0.27297181077658733139                          
a_ia   64   95                                                      0.00293534239614840278                                                    
a_ia   68   94                                                     -0.00033340057898472776                                                    
a_ia   73   90                                                      0.15100827999228297327                                                    
mvp2   20   39   67   85   39   20   67   85                       -0.01029968182342623322   -0.06068637447380215849                          
a_ia   20   39                                                      0.03998742387010743859                                                    
a_ia   67   85                                                      0.06831451211275739455                                                    
mvp2   20   39   67   88   39   20   67   88                       -0.00683056698298803965   -0.07317171506916314572                          
mvp2   20   43   67   88   43   20   67   88                        0.00087368434480144933    0.13121908258038531003                          
mvp2   20   43   67   89   43   20   67   89                       -0.00114372644870026669   -0.07616415968397313718                          
a_ia   67   88                                                      0.03006589196314320145                                                    
a_ia   20   43                                                      0.02003605490290604960                                                    
om     20   34   67   85   34   20   67   85                        0.00303507108461036111                                                    
mvp3   64   73   68   88   64   68   88   73   64   68   73   88    0.00813087178135687635   -0.31782837639050909306   -0.09555567381236335089
a_ia   64   88                                                     -0.00295554470270893406                                                    
mvp2   20   25   64   82   25   20   64   82                        0.01090756096385115358   -0.13111661431558613300                          
a_ia   64   82                                                     -0.07376849767393109381                                                    
mvp2   20   39   64   84   39   20   64   84                       -0.01187559100756944118    0.67049115408760218138                          
a_ia   64   84                                                     -0.01670020571482601357                                                    
a_ia   64   92                                                      0.00568197922787130709                                                    
mvp2   16   36   64   84   36   16   64   84                       -0.01318937289096944881   -0.67132589311667090204                          
a_ia   16   36                                                      0.02128625867193048235                                                    
mvp2   16   36   64   83   36   16   64   83                       -0.00747883488417678145    0.83874511454441891267                          
a_ia   64   83                                                     -0.04306458282342746913                                                    
mvp2   16   25   64   73   25   16   64   73                       -0.02579470600931052515    0.09265645579664784359                          
a_ia   73   85                                                      0.03425060901336886982                                                    
mvp2   16   44   68   73   44   16   68   73                       -0.01002812694768349250   -0.16104901013902711560                          
a_ia   16   44                                                      0.02298092322369729365                                                    
mvp2   16   41   68   73   41   16   68   73                       -0.00505295218727368906   -0.08863590938740055492                          
a_ia   16   41                                                     -0.00149482071290660615                                                    
mvp2   16   45   68   73   45   16   68   73                        0.00836392704190840573    0.13391125162092434864                          
a_ia   16   45                                                     -0.01203025576068366201                                                    
mvp2   16   42   68   73   42   16   68   73                       -0.00637632815446592324   -0.10874619435823722202                          
a_ia   16   42                                                     -0.00130167711952456125                                                    
mvp2   16   46   68   73   46   16   68   73                        0.00811359930237229993    0.13265038002717466359                          
a_ia   16   46                                                      0.00159817465745918882                                                    
mvp2   16   40   68   73   40   16   68   73                       -0.00632718918569160228   -0.11159277090499493401                          
a_ia   16   40                                                     -0.00222239650420827601                                                    
mvp2   16   47   64   95   47   16   64   95                       -0.00566455995666276333   -0.72401780225950818082                          
om     16   45   64   93   45   16   64   93                       -0.00361993645900018750                                                    
op     16   44   64   93   44   16   64   93                        0.00382899835597959141                                                    
mvp2   16   44   64   95   44   16   64   95                        0.00311797656390518400   -0.10768102655410871638                          
a_ia   16   44                                                     -0.02478857535056204833                                                    
op     16   44   64   92   44   16   64   92                       -0.00474170182595548204                                                    
a_ia   16   45                                                      0.01362110391576855720                                                    
om     16   45   64   92   45   16   64   92                        0.00367255961463565025                                                    
mvp2   16   47   64   92   47   16   64   92                        0.00382788643672021334    0.06877709880560392564                          
mvp3   16   25   20   34   16   20   34   25   16   20   25   34   -0.00788374568627346617   -0.01377257537420183489    0.15248498739580051975
a_ia   16   34                                                      0.00347894564641090679                                                    
a_ia   16   35                                                     -0.00592875339769605159                                                    
a_ia   67   83                                                     -0.00182013289290003963                                                    
mvp2   16   35   64   84   35   16   64   84                       -0.00827622437605927269   -0.66376322614093252739                          
op     16   35   64   83   35   16   64   83                       -0.00515050695775425352                                                    
a_ia   34   39                                                      0.25508106036144972961                                                    
a_ia   20   34                                                     -0.02484776591867628517                                                    
mvp2   16   47   64   84   47   16   64   84                       -0.00397596670479372430   -0.41756596074065688295                          
mvp2   16   47   64   83   47   16   64   83                       -0.00420329159153340435    0.20282990657593044648                          
a_ia   64   83                                                      0.02343268134643147413                                                    
mvp2   16   47   64   82   47   16   64   82                       -0.00322533466852898331   -0.05399912116601810613                          
mvp2   16   35   64   82   35   16   64   82                       -0.00043811634926290197   -0.33619185184527311527                          
a_ia   16   35                                                      0.04532037684311333164                                                    
mvp2   20   42   64   84   42   20   64   84                        0.00500746990016708200    0.28079093583279080004                          
a_ia   64   84                                                      0.01478770850373975834                                                    
a_ia   67   77                                                      0.00394608268236882730                                                    
mvp2   20   39   64   82   39   20   64   82                       -0.00690272461703697951    0.11945155415833240420                          
a_ia   64   82                                                      0.04702576045269213356                                                    
mvp2   20   42   64   83   42   20   64   83                        0.00364228692041368212   -0.09961760589872924176                          
mvp2   16   25   20   28   16   20   25   28                        0.00855212089406729402   -0.13438081693036771358                          
a_ia   16   28                                                     -0.00345503694315774188                                                    
a_ia   64   83                                                      0.01147145010876239775                                                    
a_ia   25   28                                                      0.14552708141624179361                                                    
a_ia   25   36                                                     -0.03708503678373281653                                                    
op     16   36   67   85   36   16   67   85                       -0.00302472551818797238                                                    
a_ia   68   90                                                     -0.01197677132388714691                                                    
a_ia   25   43                                                      0.24749846682334908365                                                    
a_ia   73   92                                                     -0.04126253545165670805                                                    
a_ia   64   82                                                      0.02044501242333123317                                                    
a_ia   14   27                                                      0.00553877601790590292                                                    
mvp2   14   27   55   81   27   14   55   81                        0.00709955898294375738    0.48389321979749222447                          
a_ia   14   23                                                      0.10962291682372680979                                                    
a_ia   64   83                                                      0.00877542705026141713                                                    
mvp2   20   25   64   80   25   20   64   80                        0.00874657430580386142   -0.12374312610860926931                          
