op     20   24   68   72   24   20   68   72                       -0.09685387108566331782                                                    
a_ia   68   72                                                     -0.04448606537604828104                                                    
a_ia   20   24                                                     -0.01681122562161758982                                                    
op     22   24   70   72   24   22   70   72                       -0.14833835617117704930                                                    
op     23   24   70   72   24   23   70   72                       -0.00333576485411962460                                                    
a_ia   70   72                                                      0.00234824256947890062                                                    
a_ia   22   25                                                      0.02441285579725229957                                                    
a_ia   23   25                                                     -0.02777371434930198460                                                    
a_ia   70   71                                                     -0.65077053612023594287                                                    
om     20   25   68   73   25   20   68   73                       -0.07385065917966376903                                                    
a_ia   70   73                                                      0.00185276804797515756                                                    
a_ia   71   73                                                     -0.01052738826263623605                                                    
mvp2   20   24   70   73   24   20   70   73                        0.06939837525012235164   -0.68681701302261166653                          
a_ia   68   73                                                     -0.00144633385418591141                                                    
mvp2   22   25   68   72   25   22   68   72                        0.08953751730082636084    0.69592253084488298054                          
a_ia   72   73                                                     -0.02900972009519235673                                                    
a_ia   22   23                                                     -0.69219120139976231254                                                    
mvp2   20   24   71   73   24   20   71   73                       -0.05529474618131947905    0.59084839824774992856                          
a_ia   20   24                                                     -0.00339426300069759065                                                    
a_ia   68   71                                                     -0.00810845492782267911                                                    
a_ia   69   70                                                      0.17072578639841351489                                                    
a_ia   67   70                                                     -0.37438083591730747512                                                    
a_ia   24   25                                                     -0.23361245594557858429                                                    
a_ia   70   72                                                      0.00402114325800874937                                                    
op     23   29   71   77   29   23   71   77                       -0.01705228879708037271                                                    
a_ia   23   29                                                      0.00505815306875658996                                                    
op     19   24   70   72   24   19   70   72                       -0.00146942526746473168                                                    
a_ia   19   20                                                      0.24286203407908590890                                                    
a_ia   19   22                                                     -0.15796493925952781456                                                    
a_ia   71   77                                                      0.00462776054800543776                                                    
op     10   24   58   72   24   10   58   72                       -0.04831983777004622560                                                    
a_ia   58   72                                                     -0.06097413884156520358                                                    
a_ia   10   24                                                     -0.04011219599181353734                                                    
a_ia   67   68                                                      0.14439655053331662549                                                    
mvp2   10   25   68   73   25   10   68   73                       -0.00413466635861725780    0.68018255427202412022                          
op     10   42   58   90   42   10   58   90                       -0.04599985022112589028                                                    
op     20   42   58   90   42   20   58   90                        0.02133882722030609053                                                    
op     10   42   68   90   42   10   68   90                        0.00346138081863610770                                                    
op     20   42   68   90   42   20   68   90                       -0.00248791662427590068                                                    
a_ia   10   20                                                     -0.28826404269888500354                                                    
a_ia   68   90                                                     -0.02665172156135203752                                                    
op     10   28   58   76   28   10   58   76                       -0.00698896190262216811                                                    
a_ia   68   77                                                     -0.00310584138868385444                                                    
a_ia   58   68                                                     -0.38506920214818718406                                                    
om     10   42   58   72   42   10   58   72                        0.02502599240472756434                                                    
a_ia   10   29                                                     -0.00160258214756722685                                                    
mvp2   20   42   58   72   42   20   58   72                       -0.02025296097495601563    0.10601595531464830247                          
op     10   26   58   74   26   10   58   74                       -0.01018002257527737126                                                    
om     10   42   68   72   42   10   68   72                       -0.02316597056453401082                                                    
mvp2   20   42   68   72   42   20   68   72                        0.01523746064504297518   -0.04572327672007775456                          
op     10   24   58   90   24   10   58   90                        0.03306732074669708338                                                    
mvp2   10   24   68   90   24   10   68   90                       -0.01623755324930476612   -0.33946841973073049736                          
op     20   24   58   90   24   20   58   90                       -0.02201843397425115936                                                    
mvp2   20   24   68   90   24   20   68   90                        0.00896342308200823862    0.09148071332081765539                          
om     19   42   58   90   42   19   58   90                        0.00081462952257579891                                                    
a_ia   72   77                                                      0.04896547224433527024                                                    
op     19   42   68   90   42   19   68   90                       -0.00047828155866354142                                                    
a_ia   20   29                                                     -0.00266744037625993909                                                    
a_ia   71   72                                                     -0.01797463545503833610                                                    
mvp2   22   24   58   73   24   22   58   73                        0.02914419698877222450   -0.10101107604388845362                          
a_ia   58   73                                                     -0.00850873246232895092                                                    
mvp2   23   24   58   73   24   23   58   73                       -0.02244379641523519542    0.10061936943969690406                          
a_ia   58   67                                                     -0.08203082869916289432                                                    
op      0   26   48   74   26    0   48   74                       -0.01272880641169500671                                                    
op     12   26   60   74   26   12   60   74                       -0.00786040968459871328                                                    
op      0   26   63   74   26    0   63   74                        0.00165934931443030413                                                    
op      9   26   57   74   26    9   57   74                       -0.00731671875592273743                                                    
a_ia   60   74                                                      0.00313374404278094452                                                    
op     15   26   48   74   26   15   48   74                        0.00134449589478360314                                                    
a_ia    0   26                                                      0.02780083841837611980                                                    
mvp2    0   26   58   90   26    0   58   90                        0.01877160736243548012    0.58311774940331462247                          
mvp3   48   74   58   90   48   58   90   74   48   58   74   90    0.01020584988131813600    0.25319767673762028082    0.65941336326385058264
mvp2    0   26   58   72   26    0   58   72                       -0.01843586154812010963    0.09590239191327644408                          
a_ia   58   66                                                      0.09455799985119840712                                                    
mvp2   10   42   48   95   42   10   48   95                       -0.02997106321296894374    0.68709638424246399779                          
mvp2   20   42   48   95   42   20   48   95                        0.02107369085492549060   -0.26879479802552486145                          
mvp2   20   24   48   95   24   20   48   95                       -0.02105563092082148730    0.02185536333666818556                          
a_ia   24   29                                                      0.04754846056537006399                                                    
mvp2   10   24   48   95   24   10   48   95                        0.02843210418415739738   -0.19943382962136721459                          
mvp2   10   42   48   79   42   10   48   79                        0.00095121242070026618   -0.03494056878836150626                          
mvp2    0   47   48   95   47    0   48   95                       -0.00734820817400639106   -0.64526496660914389736                          
op      0   28   48   76   28    0   48   76                        0.00670624560554391146                                                    
op      0   35   48   83   35    0   48   83                       -0.00706088575422286324                                                    
op      0   33   48   83   33    0   48   83                        0.00246765615477849247                                                    
a_ia   48   83                                                     -0.00791079338380116723                                                    
op      0   32   48   80   32    0   48   80                       -0.00314128380883624877                                                    
mvp2    0   31   48   95   31    0   48   95                       -0.00410537221121776499   -0.54003298768477270286                          
a_ia    0   47                                                     -0.00660885734466833217                                                    
mvp2    0   47   48   79   47    0   48   79                       -0.00299155202734456647    0.47967946824225099478                          
om     19   29   67   77   29   19   67   77                       -0.01366468164531539978                                                    
a_ia   19   29                                                      0.00061118033584722808                                                    
om      0   31   48   79   31    0   48   79                       -0.00301767659250550251                                                    
mvp2    0   47   48   83   47    0   48   83                       -0.00299556307983056026    0.42181801238164151613                          
mvp2    0   47   48   80   47    0   48   80                        0.00253862189894904326   -0.15619696412351452564                          
mvp2    0   47   48   74   47    0   48   74                        0.00937342793900946755   -0.57001607287492073173                          
mvp2    0   35   48   74   35    0   48   74                        0.00689613582471709612   -0.14033254282359486353                          
mvp2    0   35   48   95   35    0   48   95                       -0.00453618199318008529   -0.30605736812939104974                          
mvp2    0   31   48   74   31    0   48   74                        0.00510006392665726498   -0.48483726837768115203                          
a_ia   74   95                                                      0.04152554348006359114                                                    
a_ia   67   77                                                     -0.00101940038055265293                                                    
a_ia   22   29                                                     -0.00544915509110919811                                                    
mvp2   20   25   70   72   25   20   70   72                        0.02637472276469379068   -0.00869094816086558863                          
a_ia   72   73                                                     -0.21603641344045149131                                                    
om     10   47   58   95   47   10   58   95                       -0.00338771129605217698                                                    
mvp2    0   42   58   95   42    0   58   95                       -0.00222048469969523057    0.05711785989554219595                          
a_ia   58   77                                                      0.00029167451980037029                                                    
op      0   24   58   74   24    0   58   74                       -0.00674745636677938354                                                    
mvp2    0   42   58   74   42    0   58   74                        0.00585188765597634449    0.26736579872690169335                          
mvp2    0   26   48   83   26    0   48   83                        0.00838332469134435779    0.23759855859798367783                          
a_ia   71   83                                                      0.00245717338671508747                                                    
op     10   47   68   95   47   10   68   95                        0.00112724323832289787                                                    
a_ia   67   68                                                     -0.34158427175987593483                                                    
op     10   35   58   83   35   10   58   83                       -0.00525615306588112386                                                    
a_ia   58   83                                                     -0.00064267671326737725                                                    
a_ia    0   35                                                     -0.00070768486899710939                                                    
a_ia   10   35                                                     -0.00006329692345597330                                                    
a_ia   24   34                                                      0.13729478408901893416                                                    
a_ia   24   33                                                     -0.05048904027949417672                                                    
mvp2    0   26   68   90   26    0   68   90                       -0.00658017446537779993    0.08469064671219489471                          
mvp2   10   47   48   90   47   10   48   90                       -0.00571654891100288262    0.00603106899541798122                          
om      0   42   48   90   42    0   48   90                       -0.01149237224788552184                                                    
om      0   28   48   77   28    0   48   77                        0.00989725014986148760                                                    
a_ia   10   28                                                     -0.00066051228004132740                                                    
mvp2    0   47   58   90   47    0   58   90                       -0.00760077841916030703   -0.12450961558819459429                          
mvp2   16   27   68   72   27   16   68   72                        0.01108076606687030501    0.14794796349046279715                          
a_ia   16   27                                                     -0.00024081233224361814                                                    
mvp3   48   90   58   95   48   58   95   90   48   58   90   95    0.00161733438643749030    0.34193483439811300784   -0.13711553402557269399
a_ia   71   76                                                     -0.00004152915502410713                                                    
a_ia   19   20                                                     -0.39761757965730359921                                                    
mvp2   20   47   58   95   47   20   58   95                        0.00277611300902582845   -0.09126350567307875417                          
mvp2   10   41   58   90   41   10   58   90                       -0.00461097421013236843   -0.01404184670482107496                          
a_ia   10   41                                                     -0.06319779311525862420                                                    
a_ia   58   90                                                     -0.01251543079260331731                                                    
a_ia   20   42                                                     -0.01230866113662824543                                                    
a_ia   48   95                                                     -0.00079020904903946221                                                    
mvp2   20   41   58   90   41   20   58   90                        0.00017178607036677008   -0.00052627759571890109                          
a_ia   20   41                                                     -0.01671910778958533156                                                    
a_ia   19   23                                                      0.12033070762794575992                                                    
a_ia   68   72                                                     -0.00212335825416927557                                                    
a_ia    0   28                                                     -0.00043387672253108572                                                    
a_ia   48   77                                                      0.00068984764147978319                                                    
mvp2    0   26   48   79   26    0   48   79                        0.00628409168976370135    0.20970384616267342959                          
a_ia    0   26                                                     -0.04136858662187627156                                                    
mvp2    0   42   48   72   42    0   48   72                        0.00845232960455563620    0.00076852406565084536                          
om      0   29   48   77   29    0   48   77                       -0.00053098993523338308                                                    
a_ia    0   29                                                      0.00032424471381558049                                                    
a_ia   68   69                                                     -0.07728588661536084370                                                    
mvp2   10   41   58   72   41   10   58   72                        0.00124788225337972764    0.00055140976188801794                          
a_ia   10   41                                                      0.03098623282535893642                                                    
a_ia   58   72                                                      0.04609359797395316122                                                    
om     10   26   48   72   26   10   48   72                       -0.00668757170452172027                                                    
a_ia   48   79                                                     -0.00658134802011261372                                                    
a_ia   19   22                                                     -0.15505247243780204136                                                    
op     10   41   68   90   41   10   68   90                        0.00267638447683890817                                                    
mvp2    0   42   68   95   42    0   68   95                        0.00300894532190361733    0.13443423681512228773                          
mvp2   10   41   48   95   41   10   48   95                        0.00110637051282988595    0.08261300477061045422                          
a_ia   72   82                                                      0.14216654477724505190                                                    
a_ia   72   81                                                     -0.05717538397630657354                                                    
a_ia   24   34                                                      0.00758067609375607555                                                    
a_ia   10   41                                                      0.03036991552209181502                                                    
mvp2   10   42   58   89   42   10   58   89                       -0.00366007784399065283   -0.01854420245395428657                          
a_ia   58   89                                                     -0.02777191800188924531                                                    
a_ia   35   42                                                     -0.09316497877112162040                                                    
mvp2   20   42   58   89   42   20   58   89                       -0.00007146873480337052    0.08494988868431493922                          
op     10   41   58   89   41   10   58   89                        0.00017744779323177590                                                    
mvp2   10   42   68   89   42   10   68   89                        0.00205065210852616552   -0.03850900884510909117                          
a_ia   68   89                                                      0.00360602751976661032                                                    
a_ia   41   42                                                     -0.39749339719377868585                                                    
a_ia   89   90                                                     -0.39528643454127299073                                                    
a_ia   68   90                                                      0.00946550751429098627                                                    
a_ia   10   41                                                      0.00160255509806182198                                                    
mvp2   10   42   58   90   42   10   58   90                       -0.01003752901324921759   -0.18723797435312988791                          
a_ia   58   90                                                     -0.00445422588100326689                                                    
a_ia   20   41                                                      0.01810568366602899326                                                    
a_ia   58   89                                                      0.02825290726437474503                                                    
mvp2   10   42   68   90   42   10   68   90                        0.00634739686471327228   -0.08751125010912540192                          
a_ia   24   32                                                      0.01402536906016629142                                                    
mvp2    0   26   64   83   26    0   64   83                        0.00581606701223146613   -0.30081854681153669118                          
mvp2    0   47   64   83   47    0   64   83                       -0.00423389594444893626    0.13229448231174251172                          
mvp2   20   24   64   80   24   20   64   80                        0.01459578775176258864   -0.17639785850075917484                          
mvp2   20   24   64   75   24   20   64   75                        0.01220430241062248067   -0.14581807567463964115                          
a_ia   64   75                                                     -0.00057837205834606557                                                    
a_ia   20   24                                                     -0.00741617872737054644                                                    
a_ia   24   35                                                      0.01757381620934019006                                                    
mvp2   10   24   64   81   24   10   64   81                       -0.00650471016249225091    0.12077250043362335041                          
a_ia   64   81                                                     -0.00709406659470622133                                                    
a_ia   10   24                                                      0.03440554426928782439                                                    
mvp2   10   24   64   74   24   10   64   74                       -0.00698077989844309282    0.19621039555835173562                          
a_ia   74   81                                                      0.11910649748617521682                                                    
mvp2    0   26   63   83   26    0   63   83                       -0.00649339839189357147    0.26929769267591252557                          
a_ia   63   83                                                      0.00007339600426414813                                                    
mvp2    0   47   63   83   47    0   63   83                        0.00423242918746713319   -0.14273107554718000856                          
a_ia   22   28                                                     -0.00054752349592472962                                                    
mvp2   20   24   63   80   24   20   63   80                       -0.00962401130542815154    0.06609256108258354523                          
a_ia   63   80                                                      0.00294845507817174772                                                    
mvp2   20   24   63   81   24   20   63   81                       -0.00556766731617860423    0.05504183875517991431                          
a_ia   63   81                                                     -0.00128614233140425288                                                    
mvp2   10   42   63   81   42   10   63   81                       -0.00464858826652386151    0.24974757939138531038                          
mvp2   10   42   64   81   42   10   64   81                        0.00415236831431453537   -0.15159671234574817467                          
a_ia   64   81                                                      0.01078091743924079748                                                    
a_ia   58   64                                                     -0.04795446001618083876                                                    
mvp2   10   24   63   81   24   10   63   81                        0.00546358502477703109    0.02198883848508489253                          
mvp2   10   42   64   80   42   10   64   80                        0.00286888308605957529   -0.11014635439705536268                          
mvp2   10   42   63   80   42   10   63   80                       -0.00207935651502448755    0.16691933271233941327                          
a_ia   70   83                                                     -0.00258902047674846670                                                    
a_ia   70   77                                                     -0.02042504683622480000                                                    
op     22   29   70   77   29   22   70   77                       -0.00749140519161885406                                                    
a_ia   67   83                                                     -0.00100874991400205349                                                    
a_ia   19   25                                                     -0.00770288051523640785                                                    
a_ia   21   23                                                     -0.01950134419944980074                                                    
mvp2   10   42   64   92   42   10   64   92                        0.00699438847330976186   -0.25417441614396868443                          
mvp2   10   42   63   92   42   10   63   92                       -0.00359256189226706598    0.20502447598466286283                          
a_ia   63   75                                                      0.00207333391675067376                                                    
mvp2   10   41   64   92   41   10   64   92                        0.00285228560323935558   -0.09950641345139783767                          
mvp2   10   42   63   93   42   10   63   93                        0.00631177177545196380   -0.32623079101942886737                          
mvp2   10   42   64   93   42   10   64   93                       -0.00546131849152815471    0.27549542179142583187                          
a_ia   74   92                                                     -0.12105445458456870478                                                    
mvp2   20   42   63   93   42   20   63   93                       -0.00471063569679196128    0.01586143236275103230                          
mvp2   20   42   64   92   42   20   64   92                       -0.00493126140276859293   -0.00472980760303563872                          
mvp2   20   42   64   93   42   20   64   93                        0.00419223445566077602   -0.04541951199754978852                          
a_ia   10   34                                                      0.00228101409863475449                                                    
a_ia   10   37                                                     -0.00281646710360108129                                                    
om     20   42   63   92   42   20   63   92                        0.00276112119406879972                                                    
op      0   24   48   90   24    0   48   90                        0.00358750606006324807                                                    
mvp2   12   28   48   95   28   12   48   95                       -0.01018036659941906445   -0.98353744765200490363                          
mvp2   12   29   48   95   29   12   48   95                        0.00176466849668269372    0.41774334896668902095                          
mvp2    0   47   48   95   47    0   48   95                       -0.00400174526410160790    0.10235115905950251114                          
a_ia   19   28                                                      0.00038409171753805765                                                    
a_ia   22   24                                                      0.01798733343024062903                                                    
mvp2   12   28   48   74   28   12   48   74                        0.01309922584987363060    0.10971606419464462190                          
op     12   28   48   83   28   12   48   83                       -0.00395215054915101956                                                    
mvp2   12   29   48   74   29   12   48   74                       -0.00232918227068876996    0.08030806642512350324                          
mvp2    0   26   48   95   26    0   48   95                       -0.00020379135156096202    0.26899492792056250989                          
a_ia   23   25                                                      0.03723119777674192832                                                    
mvp2   12   28   60   76   28   12   60   76                       -0.01707236484831583384    0.78729092250397747499                          
a_ia   60   83                                                     -0.00307456542263121520                                                    
a_ia   70   76                                                      0.00794254762089507266                                                    
a_ia   67   76                                                      0.00012736623303315404                                                    
a_ia   21   25                                                     -0.00014267560371348712                                                    
a_ia   76   77                                                     -0.51910972243051745068                                                    
mvp2    0   29   48   76   29    0   48   76                        0.00058860955345429306    0.14381020512896480756                          
a_ia   70   77                                                      0.01716359692013573468                                                    
a_ia   48   76                                                     -0.00127049380182734381                                                    
a_ia   74   76                                                      0.08369774226107837278                                                    
mvp2   12   29   60   76   29   12   60   76                        0.00071711332172886937   -0.23189655610506473837                          
om     12   35   60   83   35   12   60   83                       -0.00570510271511152130                                                    
a_ia   12   35                                                     -0.00452502520231719101                                                    
a_ia   22   35                                                     -0.00162375344157261172                                                    
a_ia   60   67                                                     -0.02466834812202889013                                                    
mvp3   12   24   22   35   12   22   35   24   12   22   24   35    0.00702272061810284808   -0.07831617561521422854   -0.11086945527227562436
a_ia   12   24                                                      0.00298951352998041075                                                    
op     12   30   60   78   30   12   60   78                       -0.01263036904504520781                                                    
a_ia   12   30                                                      0.00247653736619045644                                                    
a_ia   58   60                                                     -0.14479171048576647274                                                    
a_ia   12   41                                                     -0.00126641268720519094                                                    
a_ia   60   78                                                      0.00238604450640254526                                                    
mvp2    0   28   48   76   28    0   48   76                       -0.01941349559076547410   -0.07522318181716761143                          
a_ia   28   29                                                     -0.49711679129309582770                                                    
om     12   30   60   81   30   12   60   81                        0.00488228280942446316                                                    
a_ia   60   81                                                     -0.00175610729682750986                                                    
a_ia   22   24                                                     -0.01094093587373216360                                                    
a_ia   63   78                                                      0.00058245868022034142                                                    
mvp2   64   72   71   84   64   71   72   84                       -0.00596601258163168870    0.15691663230342978164                          
a_ia   64   84                                                     -0.00561618442937188156                                                    
a_ia   64   72                                                      0.00226496505487783174                                                    
a_ia   10   36                                                      0.00058031985511377833                                                    
om     12   33   60   81   33   12   60   81                       -0.00658197289629796657                                                    
a_ia   12   33                                                     -0.00116373165129406066                                                    
om     12   33   60   78   33   12   60   78                        0.00489210664154139229                                                    
a_ia   71   72                                                      0.01772044586424126322                                                    
mvp2   16   35   48   74   35   16   48   74                        0.00545710490191121320    0.37715848233018750557                          
mvp2   16   26   48   74   26   16   48   74                       -0.00661119876278454342   -0.27882953985983516265                          
a_ia   16   35                                                     -0.00136375768487810882                                                    
a_ia   28   35                                                      0.03206041774500830582                                                    
mvp2    0   26   48   74   26    0   48   74                       -0.00536178020145601508    0.01298324869763356655                          
a_ia   16   28                                                     -0.00145774140181058548                                                    
mvp2   16   35   48   95   35   16   48   95                       -0.00293942408300112978   -0.03556581097955964499                          
mvp2   16   26   48   83   26   16   48   83                        0.00396522485492937712   -0.21973658204645465930                          
a_ia   67   90                                                      0.00238793272719008305                                                    
mvp2   22   24   60   83   24   22   60   83                       -0.00729444791610711456    0.10220042032106933794                          
a_ia   83   90                                                     -0.08135939594109992123                                                    
a_ia   60   79                                                      0.00101147373113555155                                                    
a_ia   60   89                                                     -0.00091519985624418211                                                    
mvp2   16   28   48   74   28   16   48   74                       -0.00320058575136974305   -0.29731408213627574799                          
mvp2    0   26   54   76   26    0   54   76                        0.00859622224419118175   -0.65983965755851214929                          
a_ia   54   76                                                     -0.00067134290328454819                                                    
mvp2    0   47   54   76   47    0   54   76                       -0.00450441038568652388    0.16423934666658457360                          
a_ia   25   35                                                     -0.06944319495521418528                                                    
a_ia   19   21                                                     -0.35093945534945736320                                                    
mvp2    6   28   54   76   28    6   54   76                       -0.01008281011499463642   -0.82250400159312664350                          
a_ia    6   27                                                     -0.00162166583002966414                                                    
mvp2   22   24   60   74   24   22   60   74                        0.00869105618629610437   -0.13666015756256921776                          
mvp2    0   26   54   77   26    0   54   77                       -0.00437077050268629835    0.38394652794643779892                          
mvp2    0   47   54   77   47    0   54   77                        0.00239175424351310102   -0.06422179047994039380                          
mvp2    6   28   60   76   28    6   60   76                       -0.00985636485640993543   -0.02782507891420791732                          
a_ia   60   77                                                     -0.00045999619385941946                                                    
mvp2    6   29   60   76   29    6   60   76                        0.00580766136046242248    0.53377868348190726788                          
a_ia    6   26                                                      0.00197617366333509639                                                    
mvp2    6   29   54   76   29    6   54   76                        0.00515573679437787702   -0.10743832405021025433                          
mvp2   16   33   48   74   33   16   48   74                       -0.00494982181213136484   -0.38616191328110482939                          
