op     31   32   95   96   32   31   95   96                       -0.14383087127491517299                                                    
op     31   33   95   97   33   31   95   97                       -0.01241042122831053328                                                    
op     28   33   92   97   33   28   92   97                       -0.04774245850264241531                                                    
op     31   34   95   98   34   31   95   98                       -0.00134353024709064775                                                    
op     28   32   92   96   32   28   92   96                       -0.11722338843317106627                                                    
op     28   34   92   96   34   28   92   96                       -0.00114149652219545472                                                    
a_ia   92   96                                                     -0.00648373773042377078                                                    
mvp2   31   34   92   96   34   31   92   96                       -0.07071960678620779761   -0.75848209351808548728                          
mvp2   28   34   92   98   34   28   92   98                       -0.03006687826730053067   -0.42762042009703171708                          
a_ia   96   98                                                     -0.10427322611214233372                                                    
a_ia   30   31                                                     -0.54446260686236358506                                                    
op     31   33   94   97   33   31   94   97                       -0.00124063210734135822                                                    
mvp2   28   32   95   98   32   28   95   98                       -0.05234247916246103499    0.40009642656508159764                          
mvp2   28   34   92   97   34   28   92   97                       -0.05434527430882795523   -0.58801084659463986881                          
a_ia   92   97                                                     -0.01028487685289875518                                                    
mvp2   28   33   92   98   33   28   92   98                       -0.02738441031391094724    0.69247603341460761683                          
a_ia   32   34                                                     -0.23871683426009962514                                                    
a_ia   28   32                                                      0.00362518313315920082                                                    
mvp2   28   32   95   97   32   28   95   97                       -0.07521287462570906690    0.66209798227984806296                          
om     31   34   92   97   34   31   92   97                       -0.00270732601887121657                                                    
a_ia   31   34                                                     -0.00944324976174152828                                                    
a_ia   32   33                                                      0.04557843687221621587                                                    
a_ia   28   33                                                     -0.00347034359612143810                                                    
a_ia   97   98                                                      0.70587766502734883289                                                    
mvp2   31   32   92   96   32   31   92   96                        0.01396043074512985475    0.05448581521960085827                          
a_ia   30   34                                                      0.00302618056058783207                                                    
a_ia   92   97                                                      0.00403923655696626117                                                    
a_ia   96   98                                                     -0.09890211090709306874                                                    
mvp2   31   32   94   97   32   31   94   97                       -0.00352682169430137797    0.04052182155276083664                          
a_ia   92   96                                                      0.00314943186375708133                                                    
mvp2   31   32   94   96   32   31   94   96                       -0.00079491154376474518   -0.28841103067753731670                          
mvp2   30   32   94   96   32   30   94   96                       -0.00224087233445108497    0.12904758397984755769                          
mvp2   31   33   92   96   33   31   92   96                       -0.04980705560959634154   -0.26332834748577454986                          
a_ia   96   97                                                      1.17233545515956905092                                                    
mvp2   31   33   94   96   33   31   94   96                       -0.01011653417111988557    0.01297602309398522384                          
mvp2   31   33   92   97   33   31   92   97                        0.00289294196723218497   -0.04469955470645867179                          
mvp2   30   33   94   97   33   30   94   97                       -0.00214173093732375865   -0.38111619933337670396                          
a_ia   32   34                                                     -0.05820150784125856930                                                    
a_ia   28   31                                                      0.00328725549742374000                                                    
op     25   32   89   96   32   25   89   96                       -0.02610153469340301818                                                    
op     25   32   91   96   32   25   91   96                        0.00171876643504567661                                                    
a_ia   25   32                                                      0.00176902583369311695                                                    
op     27   32   91   96   32   27   91   96                       -0.00162273306163100619                                                    
a_ia   91   96                                                      0.00688120711552387115                                                    
a_ia   27   32                                                      0.00274603790957280358                                                    
op     25   34   89   96   34   25   89   96                       -0.04677377991208168939                                                    
a_ia   29   30                                                     -0.27931152922380336756                                                    
op     25   34   89   97   34   25   89   97                        0.00898316372176137870                                                    
a_ia   89   97                                                      0.01287713065890828783                                                    
mvp2   31   34   89   96   34   31   89   96                       -0.01998396786716987936    0.20108277940640548187                          
a_ia   25   31                                                      0.18557262418873401999                                                    
a_ia   94   95                                                     -0.40129910167007848409                                                    
a_ia   94   98                                                     -0.00088596398168363090                                                    
mvp2   31   34   91   96   34   31   91   96                        0.00075976728769843935    0.01514508274581705984                          
om     25   33   89   97   33   25   89   97                       -0.01172210353037096871                                                    
a_ia   25   33                                                      0.00454769806298758409                                                    
mvp2   31   33   89   96   33   31   89   96                        0.03316687408775735590    0.02401229682614608105                          
mvp2   31   33   91   96   33   31   91   96                       -0.00444392129601892377    0.00220026422541492626                          
mvp2   25   33   89   96   33   25   89   96                        0.06948072096140033016    0.29120346608363439911                          
mvp2   25   33   89   98   33   25   89   98                        0.00956950439821393703   -0.28551904482616796699                          
mvp2   25   34   89   98   34   25   89   98                       -0.00735576275174116244    0.24565240160898305088                          
a_ia   25   34                                                     -0.00984713084434198256                                                    
a_ia   27   31                                                      0.06352222860039311025                                                    
mvp2   30   33   92   96   33   30   92   96                       -0.00929300627030646247   -0.03811653723014756662                          
a_ia   28   29                                                     -0.06754950309676104048                                                    
a_ia   92   93                                                     -0.07325345492231252753                                                    
a_ia   93   95                                                     -0.15988578263758967957                                                    
mvp2   30   33   92   97   33   30   92   97                       -0.02687794543108598319   -0.19228329116828254963                          
a_ia   96   98                                                      0.20230976782224074917                                                    
a_ia   96   97                                                     -0.62257535588264256710                                                    
mvp2   27   32   89   96   32   27   89   96                        0.00138014722111171897    0.01299862641406917402                          
om     25   32   89   97   32   25   89   97                        0.00398903382359471707                                                    
mvp2   25   32   89   98   32   25   89   98                       -0.00260648811554438451    0.22711435465808427203                          
a_ia   89   98                                                     -0.00317657857330369640                                                    
mvp3   25   32   31   34   25   31   34   32   25   31   32   34   -0.01361716059058719168   -0.09177067328827485937    0.03212955651744037883
a_ia   25   27                                                     -0.70828263006779001998                                                    
mvp2   28   34   95   96   34   28   95   96                       -0.03556674959205152753   -0.09858045820216811139                          
a_ia   31   32                                                     -0.00273336197898514958                                                    
a_ia   95   96                                                      0.01014851835562636910                                                    
a_ia   89   95                                                      0.35453870894077060827                                                    
op     27   34   91   98   34   27   91   98                        0.00020790251477228764                                                    
om     25   34   91   98   34   25   91   98                       -0.00128468139219158929                                                    
op     25   34   91   97   34   25   91   97                        0.00146070308232718635                                                    
a_ia   27   28                                                      0.09315729148246532088                                                    
mvp2   27   33   91   96   33   27   91   96                        0.00294597142582964143   -0.04235644933041532445                          
a_ia   91   95                                                     -0.23739039774272807648                                                    
a_ia   89   91                                                     -0.67852355119832452601                                                    
a_ia   26   31                                                      0.02634512032782571414                                                    
a_ia   97   98                                                     -0.28231964207401655242                                                    
op      0   35   64   99   35    0   64   99                       -0.04015306254824432125                                                    
op     20   35   64   99   35   20   64   99                        0.00483780764491445643                                                    
op     20   35   84   99   35   20   84   99                       -0.00891024037344759559                                                    
op      0   35   84   99   35    0   84   99                        0.00188407144045922331                                                    
a_ia    0   35                                                      0.00167324822403232113                                                    
op     17   35   81   99   35   17   81   99                       -0.00677635094097026134                                                    
op     17   35   80   99   35   17   80   99                       -0.00544773642750302073                                                    
op     16   35   80   99   35   16   80   99                       -0.00467101891255997277                                                    
op     15   35   79   99   35   15   79   99                       -0.00442367033642908011                                                    
op     16   35   81   99   35   16   81   99                       -0.00527402752176611613                                                    
op     14   35   78   99   35   14   78   99                       -0.01181516617148006126                                                    
op     12   35   76   99   35   12   76   99                       -0.00616280900163910465                                                    
op     11   35   75   99   35   11   75   99                       -0.00308343096285041253                                                    
a_ia   11   35                                                     -0.00000116572285307302                                                    
a_ia   76   99                                                      0.00013594578361626636                                                    
a_ia   75   99                                                     -0.00023190917827028911                                                    
op      8   35   72   99   35    8   72   99                       -0.00533747672694182863                                                    
a_ia   72   99                                                     -0.00154511348519880136                                                    
a_ia    8   35                                                     -0.00153513361163103439                                                    
a_ia   91   92                                                      0.06051039501514277053                                                    
a_ia   89   95                                                      0.06031426433449457725                                                    
a_ia   91   94                                                      0.44518471705189066601                                                    
mvp2   25   32   82   96   32   25   82   96                        0.00027031358503320845    0.00233873915498148451                          
a_ia   27   33                                                     -0.00660591552336091143                                                    
mvp2   25   32   82   97   32   25   82   97                        0.00016186347384000976    0.04449001109199111903                          
mvp2   25   32   82   98   32   25   82   98                        0.00023802040980409937   -0.05092943514736834182                          
om     25   34   82   98   34   25   82   98                        0.00015558178902336128                                                    
mvp2   25   34   82   97   34   25   82   97                        0.00006344308056232299    0.00815307050548328034                          
mvp2   25   34   82   96   34   25   82   96                       -0.00000158784384053485   -0.10217702985943608041                          
om     25   33   82   97   33   25   82   97                       -0.00012204689108935495                                                    
a_ia   82   97                                                     -0.00049661900472139104                                                    
mvp2   31   33   82   96   33   31   82   96                       -0.00034480645355632115   -0.04141815409358885064                          
a_ia   31   33                                                      0.01063525662296031446                                                    
mvp2   25   33   82   96   33   25   82   96                        0.00010075765945251855   -0.00507357693903248176                          
a_ia   31   34                                                      0.00880840845386417562                                                    
mvp2   25   33   82   98   33   25   82   98                       -0.00032922666545559835    0.00520542838113071359                          
mvp2   14   32   64   99   32   14   64   99                       -0.01852555452324433291   -0.93047285933665180302                          
a_ia   14   32                                                      0.00018304062197379726                                                    
a_ia   89   96                                                     -0.00732734263282754875                                                    
a_ia   79   99                                                     -0.00115983074762658579                                                    
a_ia   95   96                                                     -0.01763153298405566519                                                    
op     28   47   92  111   47   28   92  111                       -0.00970444050294372133                                                    
a_ia   92  111                                                      0.00164222700862194648                                                    
a_ia   28   47                                                      0.00125525373757041686                                                    
a_ia   28   39                                                      0.00099554067482607290                                                    
op     28   40   92  104   40   28   92  104                       -0.00675732178294679523                                                    
a_ia   28   40                                                     -0.00224126055286964342                                                    
a_ia   92  104                                                     -0.00218271233365842669                                                    
a_ia   92  105                                                     -0.00303053977628997160                                                    
a_ia   92  103                                                      0.00131639155593326240                                                    
a_ia   28   41                                                     -0.00287637906485337363                                                    
op     28   56   92  120   56   28   92  120                       -0.00040297305655977622                                                    
a_ia   92  120                                                     -0.00162231658235721318                                                    
a_ia   28   56                                                     -0.00045229999741492222                                                    
op     28   45   92  109   45   28   92  109                       -0.00573205122598526278                                                    
a_ia   92  109                                                      0.00254629239847682437                                                    
a_ia   28   45                                                      0.00197866425967906665                                                    
op     28   48   92  112   48   28   92  112                       -0.00264505055457061634                                                    
op     28   46   92  110   46   28   92  110                       -0.00317110530417358868                                                    
a_ia   92  110                                                      0.00146754602569492180                                                    
a_ia   28   46                                                      0.00107154974137886822                                                    
op     14   56   92  120   56   14   92  120                       -0.00432096281572308654                                                    
op     14   56   78  120   56   14   78  120                       -0.00961768185977247489                                                    
a_ia   14   56                                                     -0.00014857384048804726                                                    
a_ia   78   94                                                     -0.05091216786389151511                                                    
om     28   56   78  120   56   28   78  120                       -0.00450031115969188981                                                    
a_ia   28   38                                                     -0.00155037233555673556                                                    
a_ia   78  101                                                     -0.00113796577138283467                                                    
om     14   56   78   96   56   14   78   96                       -0.00120390101676880797                                                    
a_ia   14   28                                                      0.36953259198134408292                                                    
a_ia   93   96                                                     -0.00383113135622292289                                                    
om     28   56   78   96   56   28   78   96                       -0.00004425663040376703                                                    
a_ia   96  111                                                      0.16344178820560265053                                                    
mvp2   28   47   92   96   47   28   92   96                       -0.01005339066766736296   -0.06493819486140696429                          
mvp2    0   63   78  120   63    0   78  120                       -0.01306868205439421643   -0.55305304139845057332                          
a_ia   78  120                                                     -0.00069568818949425446                                                    
op      0   63   92  120   63    0   92  120                       -0.00450869985897892674                                                    
a_ia   78   92                                                      0.38923709840070053190                                                    
mvp2    0   63   64  127   63    0   64  127                       -0.00750823830893491799    0.80713136670853646848                          
a_ia    0   63                                                     -0.00039145043703270885                                                    
om      0   56   64  120   56    0   64  120                       -0.00629133892391308281                                                    
om     14   56   64  127   56   14   64  127                       -0.02217383272152879253                                                    
om     14   63   78  127   63   14   78  127                       -0.00248298484632071634                                                    
mvp2   14   63   64  120   63   14   64  120                       -0.00403682638794110055    0.33357829000827099453                          
op      0   36   64  100   36    0   64  100                       -0.00397055239159254184                                                    
op      0   56   78  127   56    0   78  127                       -0.00397181216073723073                                                    
op      0   37   64  100   37    0   64  100                       -0.00234646119987205271                                                    
mvp2    0   63   64   99   63    0   64   99                       -0.01068019135922551426    0.30537335030955337078                          
mvp2   14   56   64   99   56   14   64   99                       -0.01270617364142477210   -0.34931527294339798084                          
om     28   56   64   99   56   28   64   99                       -0.01103326574205384589                                                    
mvp2   28   56   64  127   56   28   64  127                       -0.01778886332904034209    0.11358453633522887227                          
mvp2    0   35   64  127   35    0   64  127                       -0.03168277220687575058   -0.84912227068837520250                          
mvp2   14   32   64  127   32   14   64  127                       -0.03044464403212908052   -0.55341831442755040626                          
mvp2    0   32   14   63    0   14   32   63                        0.00732739517442305369    0.04137537924165368003                          
op      0   35   78  120   35    0   78  120                        0.00326923046110494516                                                    
a_ia   14   27                                                     -0.08133844098097427200                                                    
mvp2    0   35   92  120   35    0   92  120                       -0.00941209733512875062    0.30027630041394565152                          
mvp2    0   35   78   96   35    0   78   96                       -0.01169543841851562738    0.66205235888910085595                          
mvp2    0   35   92   96   35    0   92   96                       -0.00823414382012410163    0.24902764819671707741                          
om      0   56   78   99   56    0   78   99                       -0.00552624469756159056                                                    
a_ia   28   37                                                     -0.00165829053400733573                                                    
mvp2    0   35   78   97   35    0   78   97                       -0.00971656360198725616    0.70868125247699653713                          
mvp2    0   35   92   97   35    0   92   97                       -0.00471288716951923006    0.25031557940548976315                          
mvp2   14   33   64  127   33   14   64  127                       -0.00247564771898933127    0.04785854619854783276                          
mvp2   14   33   64   99   33   14   64   99                       -0.00347380604082554332   -0.34699990817326498149                          
mvp2   14   56   77  120   56   14   77  120                        0.00025143901048121784    0.30330915744840802883                          
a_ia   33   56                                                     -0.01933359694556517280                                                    
mvp2   14   56   82  120   56   14   82  120                        0.00071510668378828562    0.01968752017260965229                          
mvp2   14   56   89  120   56   14   89  120                       -0.00412222164205243088    0.06546012337088089050                          
mvp2   28   56   77  120   56   28   77  120                        0.00900047916390495951    0.12368464014337325618                          
mvp2   28   32   64  127   32   28   64  127                       -0.01434015547611053321   -0.19446554056099338292                          
mvp2   28   33   64   99   33   28   64   99                       -0.00171516657459018637   -0.14044891375889179130                          
a_ia   82   89                                                     -0.53311121137103401058                                                    
om     28   56   82  120   56   28   82  120                       -0.00091538349426234598                                                    
a_ia   77   95                                                      0.00315260583713371147                                                    
a_ia   89  127                                                     -0.00019053658502748844                                                    
mvp2   28   56   89  120   56   28   89  120                       -0.00232169201557036291    0.14801876259716970075                          
mvp2   13   56   78  120   56   13   78  120                       -0.01018259536018178285    0.06652924147333538762                          
mvp2   13   56   77  120   56   13   77  120                       -0.00037251507164778712   -0.00748198544106215991                          
a_ia   13   27                                                     -0.23830251884345426960                                                    
a_ia   13   14                                                     -0.55405222022715672203                                                    
mvp2   14   56   78  120   56   14   78  120                       -0.01068240131402285915    0.11547881468983486886                          
mvp2   14   56   77  120   56   14   77  120                       -0.00155592289122785167   -0.11609427515281085797                          
mvp2   25   56   78  120   56   25   78  120                       -0.00144070698633340898    0.01488699004278759390                          
a_ia   77   78                                                     -0.59136288981891527161                                                    
mvp2   14   32   78  120   32   14   78  120                       -0.00776896962785935188    0.22903319595103985296                          
mvp2   13   32   78  120   32   13   78  120                       -0.00484090569184723787    0.18061453606486022050                          
a_ia   14   25                                                      0.16678772000564537348                                                    
mvp2   28   32   78  120   32   28   78  120                       -0.00800967249060608941    0.10465765488400589900                          
a_ia   13   28                                                     -0.00106447190909859848                                                    
a_ia   28   32                                                     -0.00187662738816991880                                                    
om     13   56   77  120   56   13   77  120                       -0.00012784376615751359                                                    
mvp2   14   56   78  120   56   14   78  120                       -0.00753033295873566013    0.20775105334876070584                          
mvp2   28   56   77  120   56   28   77  120                       -0.01195394904964129125    0.26459177563402358491                          
mvp2   28   32   77  120   32   28   77  120                       -0.00689782474202117833    0.01220254887633180976                          
mvp2   14   56   77  120   56   14   77  120                       -0.00437469715615078792   -0.09982902785022261527                          
mvp2   28   63   64  120   63   28   64  120                       -0.00271733916025545521    0.30382026219347479934                          
mvp2   28   33   64  127   33   28   64  127                       -0.00091751773632680082    0.01124829549666147427                          
a_ia   32   33                                                      0.49673327532243294336                                                    
mvp2   28   33   78  120   33   28   78  120                       -0.00314566801731292617    0.03352175571578643043                          
a_ia   77   82                                                      0.38945338143808805320                                                    
mvp2   14   33   78  120   33   14   78  120                       -0.00218698338258496109    0.16963540632412027476                          
mvp2   28   56   64  127   56   28   64  127                        0.00389008974024964132   -0.30196183216866023802                          
op     13   33   78  120   33   13   78  120                       -0.00123450604841096991                                                    
mvp2    0   35   64  107   35    0   64  107                        0.00146507211622304767   -0.03983990717080435756                          
a_ia   92  107                                                      0.00202126301679484560                                                    
a_ia   96  107                                                     -0.03974072319603684511                                                    
mvp2    0   35   64  101   35    0   64  101                        0.00259166379417118077   -0.21661738223366497347                          
mvp2    0   37   64  101   37    0   64  101                       -0.00293579706423260142   -0.86924127918381377533                          
a_ia    0   37                                                     -0.00071076554222032650                                                    
a_ia   96  100                                                      0.03275481115186847092                                                    
mvp2    0   43   64   99   43    0   64   99                        0.00109889037848593545    0.01073636787598216367                          
op      0   43   64  107   43    0   64  107                       -0.00186471532299717574                                                    
mvp2    0   37   64   99   37    0   64   99                        0.00237271807516206386   -0.02322927594002824683                          
mvp2    0   38   64   99   38    0   64   99                        0.00227740915028698272    0.11577094795083778256                          
mvp2    0   44   64   99   44    0   64   99                        0.00455924639941758785    0.16880311149372667634                          
op      0   44   64  107   44    0   64  107                       -0.00141126002581171595                                                    
a_ia   99  107                                                     -0.24179710982537866437                                                    
mvp2    0   35   64  108   35    0   64  108                        0.00452877448495351415   -0.18083652273725109305                          
op      0   44   64  108   44    0   64  108                       -0.00295595400725988042                                                    
op      0   43   64  108   43    0   64  108                       -0.00134365052266030810                                                    
a_ia   35   43                                                     -0.26657077608200296925                                                    
mvp2    0   41   64   99   41    0   64   99                       -0.00323639698192162506   -0.21824188073278069644                          
a_ia   32   56                                                     -0.01801023600376104594                                                    
a_ia   94   97                                                      0.00175287407595860873                                                    
mvp2    0   46   64   99   46    0   64   99                       -0.00374782638283838307   -0.17342960195159662362                          
mvp2    0   48   64   99   48    0   64   99                       -0.00429891252814299137   -0.28303392410710032090                          
a_ia   99  102                                                     -0.13153105119778280008                                                    
mvp2    0   45   64   99   45    0   64   99                       -0.00336817108297081478   -0.23387880392866400303                          
op      0   42   64  106   42    0   64  106                       -0.00257516880148416991                                                    
mvp2    0   48   64  112   48    0   64  112                       -0.00303048308300035056    0.80521395343954649260                          
mvp2    0   35   64  112   35    0   64  112                       -0.00444095515537463667   -0.00387026048753461504                          
mvp2    0   35   64  110   35    0   64  110                       -0.00385263234865171680    0.17242336341900019181                          
mvp2    0   35   64  105   35    0   64  105                       -0.00319807798520747866    0.23262093967838942676                          
mvp2    0   35   64  109   35    0   64  109                       -0.00361375341074350468    0.22344726484857779791                          
a_ia   35   47                                                     -0.10723740730817364619                                                    
mvp2    0   35   64  106   35    0   64  106                        0.00227757530767912306   -0.14031768810443334683                          
om      0   42   64  100   42    0   64  100                       -0.00282205284300180402                                                    
mvp2    0   35   64  111   35    0   64  111                        0.00107509400515438708   -0.05123718216916822721                          
op      0   46   64  110   46    0   64  110                       -0.00271810920093124540                                                    
a_ia   13   33                                                      0.00402288056365432932                                                    
mvp2    0   35   64  113   35    0   64  113                        0.00300229564280555779   -0.12536602535756613541                          
a_ia  111  113                                                     -0.41666026700029862306                                                    
a_ia   27   34                                                      0.00115478442233421280                                                    
a_ia   25   34                                                      0.00177239213640447714                                                    
a_ia   14   33                                                      0.01021123067179745096                                                    
om      0   46   64  113   46    0   64  113                        0.00149850273174850367                                                    
op      0   46   64  111   46    0   64  111                        0.00140231723927363426                                                    
a_ia   35   42                                                     -0.11909280783490212852                                                    
a_ia   92  108                                                     -0.00111469512954619578                                                    
mvp2   18   56   78  120   56   18   78  120                        0.00025244111671372159    0.01805189489527920035                          
a_ia   31   56                                                      0.00047025460353719995                                                    
a_ia   18   56                                                     -0.00003404426225883838                                                    
a_ia   18   27                                                      0.53587658972941387692                                                    
a_ia   18   34                                                      0.00173973149093818442                                                    
mvp2   27   56   78  120   56   27   78  120                        0.00015780656627788610    0.05698120521898532298                          
a_ia   27   31                                                     -0.09979566015401072909                                                    
a_ia   18   31                                                      0.02274458408926275862                                                    
a_ia   18   25                                                     -0.14230784461412346320                                                    
a_ia   14   18                                                      0.26265647707979628001                                                    
a_ia   14   33                                                     -0.00510002961079322921                                                    
a_ia   18   33                                                     -0.00382882738177042900                                                    
a_ia   18   32                                                      0.00442590114983008789                                                    
a_ia   25   28                                                     -0.07089876526256513878                                                    
a_ia   18   28                                                      0.00550432741415629156                                                    
mvp3   14   32   31   33   14   31   33   32   14   31   32   33   -0.00759735464365302298   -0.04246502351572270517    0.05620342646892149269
a_ia   14   32                                                      0.00372076079474132964                                                    
mvp3   14   33   31   34   14   31   34   33   14   31   33   34   -0.00768279019532951656   -0.05832132474744313594    0.16396721410240219785
mvp3   13   33   31   34   13   31   34   33   13   31   33   34   -0.00530908268375408603   -0.06044198089699445720    0.10634936390660584826
a_ia   13   34                                                      0.00035335062468241007                                                    
mvp2   31   32   78   98   32   31   78   98                        0.00878988140354168383   -0.06658276380904634695                          
