op     21   29   65   73   29   21   65   73                       -0.01100185509085938908                                                    
op     16   30   60   74   30   16   60   74                       -0.01288954079011529925                                                    
op     16   23   60   67   23   16   60   67                       -0.00317533329625235318                                                    
op     16   24   60   68   24   16   60   68                       -0.00702379135728453240                                                    
op     21   29   65   74   29   21   65   74                        0.00507275047770392416                                                    
op     16   22   60   66   22   16   60   66                       -0.00654970924741677101                                                    
op     18   30   62   74   30   18   62   74                       -0.00971454485466922979                                                    
a_ia   60   74                                                      0.00136331082402106792                                                    
a_ia   62   74                                                     -0.00273219870878415759                                                    
a_ia   18   30                                                     -0.00246891409881852065                                                    
a_ia   16   30                                                      0.00208449721615501342                                                    
op     16   26   60   70   26   16   60   70                       -0.00854947382155544708                                                    
op     16   27   60   71   27   16   60   71                       -0.01147713721024304009                                                    
a_ia   60   71                                                      0.00290480157932496413                                                    
a_ia   16   27                                                      0.00410648941133178770                                                    
op     16   32   60   76   32   16   60   76                       -0.01079831973924330613                                                    
op     16   28   60   72   28   16   60   72                       -0.00973863953721170253                                                    
op     16   25   60   69   25   16   60   69                       -0.00424832153687454937                                                    
op     16   35   60   79   35   16   60   79                       -0.01259713062163875241                                                    
op     16   34   60   78   34   16   60   78                       -0.01217014960942821786                                                    
op     16   34   60   79   34   16   60   79                        0.01020449317069421075                                                    
op     16   39   60   83   39   16   60   83                       -0.00735154145629202116                                                    
op     16   38   60   82   38   16   60   82                       -0.00708596373611119958                                                    
op     16   36   60   80   36   16   60   80                       -0.00297093894224414751                                                    
op     16   40   60   84   40   16   60   84                       -0.00365462855100696883                                                    
op     16   40   60   83   40   16   60   83                       -0.00272430878944236992                                                    
op     16   38   60   83   38   16   60   83                        0.00285811585169129523                                                    
op     16   40   60   82   40   16   60   82                       -0.00253970023508077796                                                    
op     16   39   60   84   39   16   60   84                       -0.00273986689241834417                                                    
op     11   30   55   74   30   11   55   74                       -0.00969500789994563218                                                    
a_ia   55   74                                                     -0.00151215905151824595                                                    
a_ia   11   30                                                     -0.00194691091071349685                                                    
op     15   30   59   74   30   15   59   74                       -0.00600236830635670054                                                    
op     10   30   54   74   30   10   54   74                       -0.00943131794545086326                                                    
a_ia   54   74                                                      0.00206844701614057082                                                    
a_ia   10   30                                                      0.00215739724609997040                                                    
op     15   30   58   74   30   15   58   74                       -0.00405644867588604054                                                    
op     18   23   62   67   23   18   62   67                       -0.00200367692607576796                                                    
op     11   27   55   71   27   11   55   71                       -0.01473417906109161790                                                    
a_ia   55   71                                                      0.00397721648411868134                                                    
a_ia   11   27                                                      0.00329413068591784437                                                    
op     11   22   55   66   22   11   55   66                       -0.00413881166508966048                                                    
op     18   27   62   71   27   18   62   71                       -0.00727237383272244780                                                    
a_ia   62   71                                                      0.00202308803338208153                                                    
a_ia   18   27                                                      0.00188755558278994972                                                    
op     11   23   55   67   23   11   55   67                       -0.00258289976312919009                                                    
op     11   24   55   68   24   11   55   68                       -0.00621028047858784328                                                    
op     17   27   61   71   27   17   61   71                       -0.00862077126527763075                                                    
a_ia   61   71                                                      0.00380998349205547001                                                    
a_ia   17   27                                                      0.00398228199616244057                                                    
a_ia   62   67                                                     -0.00087550460427273367                                                    
a_ia   18   23                                                     -0.00052755497579794110                                                    
op     14   30   58   74   30   14   58   74                       -0.00344097323875915909                                                    
op     21   29   65   70   29   21   65   70                       -0.00423217890483248635                                                    
op     14   30   59   74   30   14   59   74                       -0.00319629627629206600                                                    
a_ia   59   74                                                      0.00155813815446399599                                                    
op     16   33   60   77   33   16   60   77                       -0.00360675716876583024                                                    
op     16   35   60   78   35   16   60   78                        0.01179273931728049007                                                    
op     16   36   60   78   36   16   60   78                       -0.00173727751516460191                                                    
op     16   31   60   75   31   16   60   75                       -0.00302836488337664481                                                    
a_ia   60   78                                                     -0.00095493731096625513                                                    
op     11   25   55   69   25   11   55   69                       -0.00414038280727071616                                                    
op     17   24   61   68   24   17   61   68                       -0.00616353535787252885                                                    
op     15   27   59   71   27   15   59   71                       -0.00696956274458225642                                                    
a_ia   63   71                                                      0.00128514876736431582                                                    
op     11   31   55   75   31   11   55   75                       -0.00714213232721498149                                                    
a_ia   16   34                                                     -0.01329497821495162491                                                    
op     11   34   55   78   34   11   55   78                       -0.00458282250713969684                                                    
a_ia   55   78                                                      0.00351045888570652390                                                    
a_ia   11   34                                                      0.00458764999914138948                                                    
a_ia   11   28                                                      0.00096683668115981215                                                    
op     11   32   55   76   32   11   55   76                       -0.00263786449856777839                                                    
op     17   31   61   75   31   17   61   75                       -0.00669809450905719042                                                    
op     17   34   61   78   34   17   61   78                       -0.00836591601090937859                                                    
a_ia   17   34                                                     -0.00262389314432282666                                                    
a_ia   65   78                                                     -0.00030743695796412742                                                    
a_ia   61   78                                                      0.00116376187366798922                                                    
a_ia   61   72                                                      0.00402306783006075881                                                    
a_ia   61   73                                                     -0.00067494357650880554                                                    
om     11   34   61   78   34   11   61   78                       -0.00189535101608776348                                                    
a_ia   55   72                                                      0.00162996100241704321                                                    
op     17   28   61   72   28   17   61   72                       -0.00864703814907177327                                                    
a_ia   17   28                                                      0.00473390893487057006                                                    
mvp2   17   28   61   78   28   17   61   78                        0.00359080117773405427    0.29735895427926645196                          
om     17   34   55   78   34   17   55   78                       -0.00458585183286944285                                                    
a_ia   11   32                                                      0.00090204909388646082                                                    
mvp2   16   34   55   78   34   16   55   78                       -0.00894972662354526910    0.43716834150877104115                          
om     17   34   61   72   34   17   61   72                        0.00499463092188418608                                                    
op     11   36   55   80   36   11   55   80                       -0.00520446728915507917                                                    
a_ia   55   79                                                     -0.00072356683389194956                                                    
op     11   33   55   77   33   11   55   77                       -0.00376360750255631555                                                    
a_ia   11   33                                                      0.00152819258085866460                                                    
op     11   38   55   82   38   11   55   82                       -0.00501623200164630443                                                    
a_ia   55   77                                                      0.00138046722357177548                                                    
op     11   40   55   84   40   11   55   84                       -0.00511756915003716475                                                    
op     11   37   55   81   37   11   55   81                       -0.00356544021716998817                                                    
op     11   41   55   85   41   11   55   85                       -0.00921941549037155403                                                    
op     18   31   62   75   31   18   62   75                       -0.00318735517056298280                                                    
mvp2   16   34   61   78   34   16   61   78                       -0.00846866981576791834    0.36093084710545203508                          
a_ia   16   34                                                      0.01178166584171511100                                                    
om     17   34   61   79   34   17   61   79                       -0.00381554543161670423                                                    
a_ia   61   79                                                     -0.00248771111012628318                                                    
mvp2   16   34   61   79   34   16   61   79                       -0.01542308286122078854    0.39615090130207375463                          
mvp2   17   35   61   79   35   17   61   79                       -0.00534947125049267322   -0.86531980492816185091                          
om     16   35   61   79   35   16   61   79                        0.00705114083221108565                                                    
op     14   24   58   68   24   14   58   68                       -0.00879097424844815269                                                    
a_ia   14   27                                                     -0.00176810425894281809                                                    
op     13   24   57   68   24   13   57   68                       -0.01053528398065096960                                                    
a_ia   58   71                                                     -0.00165106377702100714                                                    
op     13   24   54   68   24   13   54   68                        0.00659609275080713132                                                    
a_ia   57   74                                                     -0.00084047213773536477                                                    
op     13   24   56   68   24   13   56   68                        0.00647089173058208126                                                    
op     10   24   54   68   24   10   54   68                       -0.00565165802840508682                                                    
op     10   24   57   68   24   10   57   68                        0.00847890767985194117                                                    
op     12   24   57   68   24   12   57   68                        0.00645750860827710733                                                    
op     12   24   54   68   24   12   54   68                       -0.00389311835428720774                                                    
op     14   25   58   69   25   14   58   69                       -0.00204045807644601031                                                    
op     14   22   58   66   22   14   58   66                       -0.00323246538828526365                                                    
op     14   23   58   67   23   14   58   67                       -0.00278538556807274209                                                    
op     14   31   58   75   31   14   58   75                       -0.00448734422293869777                                                    
op     18   25   62   69   25   18   62   69                       -0.00197208385729207925                                                    
op     14   41   58   85   41   14   58   85                       -0.01319870581304460368                                                    
op     14   41   55   85   41   14   55   85                       -0.01708076634485280673                                                    
op     11   41   58   85   41   11   58   85                       -0.01473546183047397262                                                    
om     14   40   58   84   40   14   58   84                       -0.00616310657155910973                                                    
op     11   40   58   84   40   11   58   84                       -0.00554924750688842033                                                    
om     14   40   55   84   40   14   55   84                       -0.00477141204933126482                                                    
om     14   40   61   84   40   14   61   84                        0.00307284985942405655                                                    
om     11   40   61   84   40   11   61   84                        0.00332370246447671576                                                    
op     14   33   58   77   33   14   58   77                       -0.00528137247469764176                                                    
op     14   37   58   81   37   14   58   81                       -0.00362422169408146240                                                    
op     17   40   61   84   40   17   61   84                       -0.00375073281488166703                                                    
op     17   40   55   84   40   17   55   84                        0.00324810921811564002                                                    
op     14   37   61   81   37   14   61   81                        0.00263143294335369156                                                    
op      7   30   51   74   30    7   51   74                       -0.00486189400199905052                                                    
om     14   38   58   82   38   14   58   82                       -0.00172066947834414573                                                    
op     17   37   61   81   37   17   61   81                       -0.00354876727518030214                                                    
op     17   40   58   84   40   17   58   84                        0.00409556140605945012                                                    
op     17   37   58   81   37   17   58   81                        0.00311166982698926663                                                    
om     14   38   61   82   38   14   61   82                        0.00207485788485918489                                                    
om     15   35   59   79   35   15   59   79                       -0.01567773038424698923                                                    
a_ia   19   27                                                      0.00093846429994847986                                                    
op     15   25   59   69   25   15   59   69                       -0.00404919863414528614                                                    
mvp2   16   35   59   79   35   16   59   79                        0.01809163329991401309   -0.61415447155379643274                          
op     15   41   59   85   41   15   59   85                       -0.01608841439068620788                                                    
op     15   41   58   85   41   15   58   85                       -0.01885739438092503065                                                    
op     14   41   59   85   41   14   59   85                       -0.02240207214532937904                                                    
a_ia   59   78                                                     -0.00180397113792506018                                                    
op     11   41   59   85   41   11   59   85                       -0.00966667402770964891                                                    
a_ia   15   28                                                      0.00233766350247330496                                                    
op     15   41   55   85   41   15   55   85                       -0.00972062270300999565                                                    
om     15   32   59   76   32   15   59   76                       -0.00580907360615368941                                                    
op     18   41   58   85   41   18   58   85                        0.01042005341044230718                                                    
a_ia   18   29                                                     -0.00053705573195840343                                                    
op     18   41   59   85   41   18   59   85                        0.00862927661739159441                                                    
op     14   41   62   85   41   14   62   85                        0.01280164593518914179                                                    
op     17   38   61   82   38   17   61   82                       -0.00330450494660320402                                                    
op     15   41   62   85   41   15   62   85                        0.00885739216035535612                                                    
op     18   41   62   85   41   18   62   85                       -0.00540834428101661085                                                    
op     17   39   60   83   39   17   60   83                       -0.00298817459454682769                                                    
a_ia   13   27                                                     -0.00076734038224801604                                                    
op     12   24   56   68   24   12   56   68                       -0.00400893830132279146                                                    
om     17   39   61   83   39   17   61   83                       -0.00305151623931194764                                                    
op      7   27   51   71   27    7   51   71                       -0.00565681957691934172                                                    
a_ia   56   71                                                      0.00109996075942986977                                                    
a_ia   51   71                                                      0.00109818863236992026                                                    
a_ia    7   27                                                      0.00119933698103051600                                                    
a_ia   57   71                                                     -0.00092001789271263902                                                    
op     10   27   54   71   27   10   54   71                       -0.00695725197207864698                                                    
op     13   22   57   66   22   13   57   66                       -0.00481788940787099187                                                    
op     13   31   57   75   31   13   57   75                       -0.00389588344350599207                                                    
op      7   22   51   66   22    7   51   66                       -0.00466884694080906427                                                    
op     10   24   56   68   24   10   56   68                       -0.00508045322823504498                                                    
op     16   32   59   76   32   16   59   76                        0.00843968943767665902                                                    
a_ia   55   73                                                     -0.00203452675422519970                                                    
om     15   28   59   72   28   15   59   72                       -0.00596590561667374036                                                    
a_ia   59   72                                                      0.00248141116634864514                                                    
mvp2   11   36   55   78   36   11   55   78                        0.00319305467648793410    0.62037242564150396618                          
a_ia   11   36                                                     -0.00133768754354931770                                                    
op     10   31   54   75   31   10   54   75                       -0.00592067893447108078                                                    
op     10   22   54   66   22   10   54   66                       -0.00380656989195511837                                                    
op     14   41   54   85   41   14   54   85                        0.01576557278954861599                                                    
op     15   41   54   85   41   15   54   85                        0.01079341862379734444                                                    
a_ia   14   35                                                      0.00141201051567557950                                                    
op     18   41   54   85   41   18   54   85                       -0.00541226466763863531                                                    
op      7   31   51   75   31    7   51   75                       -0.00281816718855845824                                                    
op     10   41   58   85   41   10   58   85                        0.00794654553763069794                                                    
op     10   41   54   85   41   10   54   85                       -0.00590790323274610792                                                    
op     10   41   59   85   41   10   59   85                        0.00689832324046779632                                                    
op     10   41   62   85   41   10   62   85                       -0.00334357123645041311                                                    
a_ia   16   29                                                      0.00207176584871825251                                                    
op     13   35   59   79   35   13   59   79                        0.00893619234685892778                                                    
a_ia   13   26                                                     -0.00024767152876513956                                                    
op     14   25   59   69   25   14   59   69                       -0.00021709653430230927                                                    
op     10   25   54   69   25   10   54   69                       -0.00361288938884902740                                                    
op     10   26   54   70   26   10   54   70                       -0.00526322495964607045                                                    
mvp2   15   28   16   32   15   16   28   32                        0.00501209944518892555   -0.09378204794289612956                          
a_ia   15   16                                                      0.22687462856448478710                                                    
op      1   27   45   71   27    1   45   71                       -0.00752676423233765868                                                    
a_ia   45   71                                                      0.00117232933191125255                                                    
a_ia    1   27                                                      0.00140616158362522840                                                    
op      1   30   45   74   30    1   45   74                       -0.00366762059341986350                                                    
op     10   23   54   67   23   10   54   67                       -0.00315084281607587230                                                    
op     14   25   54   69   25   14   54   69                        0.00145335045413626349                                                    
op     11   41   62   85   41   11   62   85                        0.00578638231478982665                                                    
a_ia   11   16                                                     -0.16383979675083548688                                                    
op     11   41   54   85   41   11   54   85                        0.00732135093057389129                                                    
a_ia   11   29                                                     -0.00177194070954539429                                                    
op     11   25   58   69   25   11   58   69                       -0.00260433863729413705                                                    
op     15   25   58   69   25   15   58   69                       -0.00172826829404618414                                                    
om     14   41   58   69   41   14   58   69                        0.00165876077775612015                                                    
op     15   41   58   69   41   15   58   69                        0.00021347811100347802                                                    
op     14   41   58   67   41   14   58   67                       -0.01008536415613642268                                                    
op     14   25   58   67   25   14   58   67                       -0.00725525980646956215                                                    
om     13   35   57   79   35   13   57   79                       -0.00358423504527406907                                                    
op     14   25   58   85   25   14   58   85                        0.00872396542506242642                                                    
om     14   23   58   85   23   14   58   85                       -0.00196357938680644410                                                    
a_ia   67   85                                                     -0.53659657212315237107                                                    
a_ia   25   41                                                      0.59036179997264048858                                                    
mvp2   10   35   59   79   35   10   59   79                        0.00164380498363265689    0.48299471286149570082                          
om     14   41   58   85   41   14   58   85                       -0.01992038758649042687                                                    
op     14   41   59   69   41   14   59   69                       -0.00125169518763436306                                                    
a_ia   15   25                                                     -0.00115683291529162483                                                    
a_ia   69   85                                                      0.68490983575483588286                                                    
op     14   25   59   85   25   14   59   85                       -0.00197370696146139789                                                    
a_ia   23   41                                                     -0.74327237246139921112                                                    
om     14   25   59   67   25   14   59   67                       -0.00001983737534163015                                                    
op      4   27   48   71   27    4   48   71                       -0.00316505378054383283                                                    
op      2   27   46   71   27    2   46   71                       -0.00381935613937412193                                                    
mvp2   16   34   54   78   34   16   54   78                       -0.00509258658091758104    0.25201065912316322759                          
mvp2   16   34   18   36   16   18   36   34                        0.00692719428989199346   -0.55931517600928759570                          
mvp2   18   36   62   80   36   18   62   80                       -0.00469112452350322045    0.69468551399928057943                          
mvp2   18   36   54   80   36   18   54   80                        0.00290113928344550975   -0.74999181847356999331                          
om     16   36   54   80   36   16   54   80                       -0.00394726893155660733                                                    
mvp2   11   36   54   80   36   11   54   80                        0.00335896081209762030   -0.32637118956001309744                          
mvp2   10   36   54   80   36   10   54   80                       -0.00439131816531178592   -0.77231532637163902155                          
a_ia   26   35                                                      0.43860152029873328283                                                    
mvp2   10   36   59   79   36   10   59   79                       -0.00807569422316229378   -0.26797026390474026902                          
mvp2   54   79   59   80   54   59   79   80                        0.00993937417383387693   -0.24015370001804045574                          
a_ia   10   14                                                      0.17966177317638451494                                                    
op     18   28   62   72   28   18   62   72                       -0.00529034293638803044                                                    
mvp2   16   34   59   79   34   16   59   79                       -0.01431356888646973663    0.05131236599052027558                          
mvp2   11   34   59   79   34   11   59   79                       -0.00923104416221573812   -0.25569633210954467728                          
a_ia   15   16                                                     -0.05796789793563566356                                                    
mvp2   55   78   59   79   55   59   79   78                       -0.00869829423532068359   -0.21463993567751524227                          
mvp2   16   36   59   79   36   16   59   79                       -0.00718666650604707271   -0.24832320511980524036                          
mvp2   11   36   59   79   36   11   59   79                        0.00532234673534839366    0.16740505673217545568                          
mvp2   18   36   59   79   36   18   59   79                        0.00691941219247919036    0.25370163250292271373                          
mvp2   10   36   55   80   36   10   55   80                        0.00392271877973489943   -0.53034229521078046776                          
a_ia   10   16                                                     -0.17792021602880470077                                                    
mvp2   18   36   55   80   36   18   55   80                       -0.00404982075714059066    0.27766307148634217228                          
mvp2   17   35   59   79   35   17   59   79                       -0.00990322864608501885   -0.09236996460639887441                          
a_ia   67   85                                                     -0.09901548840996335366                                                    
mvp2   17   34   65   78   34   17   65   78                       -0.00307915840997602603    0.23629671098556798148                          
om      7   26   51   70   26    7   51   70                       -0.00677421827055082939                                                    
op      1   31   45   75   31    1   45   75                       -0.00354147514660514695                                                    
mvp2   18   35   59   79   35   18   59   79                        0.00289798785678385381    0.16231311265241604724                          
op      1   24   45   68   24    1   45   68                       -0.00211478801152532869                                                    
mvp2    7   41   58   85   41    7   58   85                       -0.00273468088508546300   -0.15623921826301329085                          
mvp2   14   41   51   85   41   14   51   85                       -0.00345985061885022279    0.14334649086684980723                          
a_ia    7   14                                                     -0.16229086324267993913                                                    
om     15   41   51   85   41   15   51   85                       -0.00268497981807444552                                                    
a_ia   51   58                                                     -0.14186731161567037174                                                    
op      1   26   45   70   26    1   45   70                       -0.00469188344216073683                                                    
a_ia   15   21                                                      0.11361066965091295988                                                    
mvp2   10   36   62   80   36   10   62   80                        0.00354050017971362704   -0.16188737945411177388                          
op     11   36   62   80   36   11   62   80                       -0.00314406450149455835                                                    
op     16   36   62   80   36   16   62   80                        0.00341026683427752024                                                    
mvp2   16   32   17   34   16   17   32   34                       -0.00528831987362760221   -0.14730285534553891336                          
op      7   25   51   69   25    7   51   69                       -0.00524442735156734757                                                    
op     14   41   58   85   41   14   58   85                       -0.00558457143014155950                                                    
mvp3   11   29   16   34   11   16   34   29   11   16   29   34   -0.00414014710131314738   -0.31449067485636156283   -0.40823651075780292841
a_ia   11   34                                                     -0.00637337494328691322                                                    
mvp2   59   79   62   80   59   62   80   79                        0.00494556701647891166   -0.18261684280677800696                          
mvp2   16   29   17   34   16   17   29   34                        0.00347670546528043274    0.24970755210821535264                          
a_ia   29   34                                                      0.16539180255805674413                                                    
mvp2   10   29   59   79   29   10   59   79                        0.00404986415523866158    0.40639575182830500744                          
op      4   30   48   74   30    4   48   74                       -0.00219405795111860197                                                    
mvp2   14   41   48   85   41   14   48   85                       -0.00669053611246446609    0.18994874627502450481                          
om     15   41   48   85   41   15   48   85                       -0.00513713047511289884                                                    
a_ia   14   19                                                     -0.16079076751038973159                                                    
om      7   41   48   85   41    7   48   85                       -0.00320772657184582519                                                    
op      7   22   48   66   22    7   48   66                       -0.00461826689604809184                                                    
mvp2    4   41   48   85   41    4   48   85                       -0.00338098969249734814   -1.22756617367040687938                          
a_ia    4   14                                                     -0.18755425539104469967                                                    
op      4   22   48   66   22    4   48   66                       -0.00615720216325515036                                                    
op      4   22   51   66   22    4   51   66                       -0.00466518169752349037                                                    
mvp2    4   41   51   85   41    4   51   85                       -0.00230338187294644621   -0.21208965688857284171                          
mvp2   14   41   45   85   41   14   45   85                       -0.00278351771560839600    0.11144384409258986657                          
op      4   41   45   85   41    4   45   85                       -0.00207943415801673014                                                    
mvp2   14   41   46   85   41   14   46   85                        0.00499196115315505857   -0.22334312955959570446                          
op      4   41   46   85   41    4   46   85                        0.00397724341791459886                                                    
a_ia    1   14                                                     -0.11442191233281732987                                                    
op      1   24   46   68   24    1   46   68                        0.00297797800598062013                                                    
a_ia   14   24                                                     -0.00111235887796066004                                                    
op      4   22   46   66   22    4   46   66                        0.00517326729766991959                                                    
op      4   22   45   66   22    4   45   66                       -0.00232685988677061801                                                    
om     15   41   46   85   41   15   46   85                        0.00419796832690444606                                                    
om      7   41   46   85   41    7   46   85                        0.00293017478971475086                                                    
op      7   22   46   66   22    7   46   66                        0.00362571469698781332                                                    
