op     25   26   77   78   26   25   77   78                       -0.13989488441746228409                                                    
op     25   27   77   79   27   25   77   79                       -0.03552309190442660275                                                    
op     23   27   75   79   27   23   75   79                       -0.09082574305695341466                                                    
op     23   26   75   78   26   23   75   78                       -0.09090059610715442440                                                    
a_ia   75   78                                                      0.00238411865824531867                                                    
a_ia   23   26                                                      0.03468053882718171582                                                    
mvp2   23   26   77   79   26   23   77   79                        0.09995857122853961385   -0.03208792341363054385                          
mvp2   25   27   75   78   27   25   75   78                        0.06297612775525870954    0.03032459370137764038                          
a_ia   23   24                                                     -0.01812467575370260708                                                    
mvp3   23   26   25   27   23   25   27   26   23   25   26   27    0.06598810206758416730   -0.31388955298738163702    0.36376621755773286271
mvp2   25   26   75   79   26   25   75   79                        0.07301407837845064197    0.10956512608801531605                          
a_ia   24   25                                                     -0.10191595316082294187                                                    
op     25   35   77   87   35   25   77   87                       -0.01576985705745410221                                                    
op     25   30   77   82   30   25   77   82                       -0.00871290933072893167                                                    
mvp2   25   35   77   78   35   25   77   78                        0.01928323650571578396    0.09378673756949214291                          
mvp2   25   26   77   87   26   25   77   87                        0.03221129957762236540    0.07515857988912576226                          
a_ia   75   76                                                     -0.13286431587036770519                                                    
a_ia   78   87                                                      0.09171238892170240076                                                    
op     15   33   67   85   33   15   67   85                       -0.01918643155891627122                                                    
a_ia   15   33                                                     -0.00306702743359091616                                                    
a_ia   67   85                                                     -0.00324754601414054163                                                    
a_ia   23   24                                                     -0.11415709689419231698                                                    
op     15   28   67   80   28   15   67   80                       -0.00509208575136642101                                                    
op     15   29   67   81   29   15   67   81                       -0.00594784543134014958                                                    
mvp2   25   26   67   83   26   25   67   83                       -0.01391099491223670749    0.06748636737491242599                          
mvp2   15   31   77   78   31   15   77   78                       -0.01372503494694738736   -0.08455386546901678957                          
op     15   32   67   84   32   15   67   84                       -0.00770860067100346928                                                    
op     15   36   67   88   36   15   67   88                       -0.00589899849574629636                                                    
op     15   34   67   86   34   15   67   86                       -0.00384519742584293195                                                    
op     15   41   67   93   41   15   67   93                       -0.00716112350569898803                                                    
op     15   37   67   89   37   15   67   89                       -0.00390574262474859815                                                    
op     15   40   67   92   40   15   67   92                       -0.00434619935244506296                                                    
a_ia   67   93                                                     -0.00107074605123886886                                                    
op     15   43   67   95   43   15   67   95                       -0.00394219360267207119                                                    
op     15   44   67   96   44   15   67   96                       -0.00120001889754148446                                                    
op     15   45   67   97   45   15   67   97                       -0.00323426793498509660                                                    
op     15   46   67   98   46   15   67   98                       -0.00371390224191289493                                                    
op     15   47   67   99   47   15   67   99                       -0.00372144026083003803                                                    
mvp2   19   32   75   79   32   19   75   79                       -0.01971955493432570039   -0.12328726784050395016                          
mvp2   19   27   25   31   19   25   27   31                       -0.02132415705785062690    0.29063734923040090985                          
mvp2   16   32   75   79   32   16   75   79                        0.02030841474501894964    0.14806646409418999788                          
op     16   28   68   80   28   16   68   80                       -0.01165202456257377790                                                    
mvp2   25   38   77   78   38   25   77   78                       -0.01494867352446257319   -0.09025782486909586511                          
a_ia   25   38                                                      0.02459190276285841067                                                    
a_ia   19   31                                                     -0.00135095220254874957                                                    
a_ia   25   36                                                     -0.00220370288653128164                                                    
a_ia   26   38                                                     -0.24509534122670237344                                                    
op     25   34   77   86   34   25   77   86                       -0.00598820083746545197                                                    
mvp2   25   26   77   90   26   25   77   90                       -0.01984940357881056702    0.03933314167315850318                          
a_ia   77   90                                                      0.00780345418092598213                                                    
a_ia   77   88                                                     -0.00179038852678207647                                                    
a_ia   78   90                                                     -0.27014588351594720494                                                    
mvp2   16   32   68   84   32   16   68   84                       -0.00784355258732453292    0.76801589310819640133                          
mvp2   71   79   75   84   71   75   79   84                        0.01597270880484513017   -0.17769229840688385846                          
a_ia   71   84                                                     -0.00186866270616353118                                                    
mvp2   19   31   71   83   31   19   71   83                       -0.00966252766449733451    0.78558187294174075532                          
op     19   29   71   81   29   19   71   81                       -0.00654261087292220926                                                    
op     19   34   71   86   34   19   71   86                       -0.00636235430047391113                                                    
a_ia   26   36                                                      0.01410614739067468475                                                    
op     15   48   67  100   48   15   67  100                       -0.00259449008705570083                                                    
mvp2   25   27   71   93   27   25   71   93                        0.01602295609379961530   -0.24326293200492807300                          
mvp2   71   78   77   92   71   77   78   92                        0.00899911017190112295   -0.06954775885462739782                          
a_ia   77   92                                                     -0.00225855511871359167                                                    
mvp3   71   78   77   88   71   77   88   78   71   77   78   88    0.00641596769550222858   -0.03969800555334314363   -0.05408071821846396204
mvp2   19   41   71   93   41   19   71   93                       -0.00707479027796322369   -0.68344503344912022058                          
mvp2   19   40   77   78   40   19   77   78                       -0.00923365329612828821   -0.04729107537641445008                          
om     19   40   71   92   40   19   71   92                       -0.00553497447940686817                                                    
a_ia   78   92                                                     -0.02209947755770195338                                                    
a_ia   27   41                                                     -0.06632652734132345185                                                    
a_ia   19   40                                                      0.00003108468468896811                                                    
op     19   43   71   95   43   19   71   95                       -0.00269950463011907815                                                    
op     19   30   71   82   30   19   71   82                       -0.00618428834434634877                                                    
a_ia   19   30                                                     -0.00323825394779015405                                                    
a_ia   71   82                                                     -0.00336285027601521428                                                    
op     19   37   71   89   37   19   71   89                       -0.00201188777767092979                                                    
op     19   45   71   97   45   19   71   97                       -0.00249712632886974883                                                    
op     19   46   71   98   46   19   71   98                       -0.00272763941055223199                                                    
op     15   47   67   96   47   15   67   96                        0.00123305769960886072                                                    
op     15   44   67   99   44   15   67   99                        0.00107299513301045832                                                    
a_ia   27   40                                                      0.04418267944483959125                                                    
op     16   29   68   81   29   16   68   81                       -0.00422312588467297755                                                    
op     16   31   68   83   31   16   68   83                       -0.00502596498337954094                                                    
a_ia   16   31                                                      0.00166881851995383116                                                    
a_ia   68   83                                                      0.00149321931464047194                                                    
a_ia   78   88                                                      0.02294688896408711778                                                    
mvp2   16   26   23   36   16   23   26   36                        0.01216157601394594716   -0.14476343669414920567                          
a_ia   25   38                                                     -0.01456987906365778650                                                    
a_ia   23   36                                                     -0.00087790799984157719                                                    
a_ia   23   26                                                     -0.03376877714255570317                                                    
a_ia   23   38                                                      0.00472614069940643661                                                    
a_ia   23   25                                                     -0.03033181576834109022                                                    
mvp3   23   27   25   38   23   25   38   27   23   25   27   38   -0.01831486310842880133    0.10547142600879215457   -0.00719516808400976794
mvp2   25   26   64   79   26   25   64   79                        0.01779350902733797812   -0.04070849979078063757                          
a_ia   64   79                                                      0.00047186025903621950                                                    
a_ia   64   75                                                     -0.25232295031589380141                                                    
mvp2   23   27   75   94   27   23   75   94                       -0.00097989118670899688   -0.07914596898908105027                          
a_ia   75   90                                                     -0.00753384184442049305                                                    
a_ia   75   87                                                      0.00906132906312063884                                                    
a_ia   75   94                                                     -0.00097816006138833392                                                    
mvp2   23   38   75   90   38   23   75   90                       -0.00877436521752498512   -0.24184637737436631699                          
op     23   37   75   89   37   23   75   89                       -0.00984226791114397107                                                    
a_ia   78   89                                                      0.03796964496679840900                                                    
a_ia   75   77                                                      0.06011200108579042162                                                    
a_ia   25   26                                                     -0.01898134377297385628                                                    
a_ia   16   36                                                     -0.00422635280897755167                                                    
a_ia   23   27                                                      0.00846595766293324094                                                    
mvp2   23   38   77   94   38   23   77   94                        0.00353042695872622441   -0.17831319139911705474                          
a_ia   75   89                                                      0.00172794146674284336                                                    
a_ia   15   48                                                      0.00027069427548517079                                                    
a_ia   23   35                                                      0.00946754433231454876                                                    
a_ia   23   39                                                     -0.01456034125886058496                                                    
om     23   39   75   91   39   23   75   91                       -0.00920622648091072755                                                    
a_ia   75   91                                                     -0.00531816724943361650                                                    
a_ia   77   78                                                     -0.00781912351581228425                                                    
a_ia   77   89                                                     -0.00125956067079513435                                                    
mvp2   23   35   75   78   35   23   75   78                       -0.01041843502132318994    0.05157668734324027948                          
a_ia   77   91                                                     -0.00717319246468698692                                                    
mvp2   23   27   75   91   27   23   75   91                       -0.00502787483749895202    0.02632583236833237542                          
a_ia   27   35                                                      0.04531021744650327865                                                    
a_ia   27   39                                                      0.11651811488400751204                                                    
a_ia   78   91                                                     -0.07496383425435496073                                                    
mvp2   23   27   71   95   27   23   71   95                       -0.00253486227079603504    0.07243310653282630796                          
a_ia   27   42                                                     -0.25334066774647212572                                                    
a_ia   23   39                                                      0.00912295234704751587                                                    
mvp2   71   78   75   89   71   75   78   89                       -0.00425198913813587022    0.07901022232334510564                          
om     23   35   75   90   35   23   75   90                        0.00717804995866002868                                                    
mvp2   16   36   68   88   36   16   68   88                       -0.00597261456133856353    0.79976311127899568643                          
mvp2   23   26   77   94   26   23   77   94                        0.00510220266470837094   -0.06623418632492959757                          
a_ia   26   37                                                      0.03704759317000515945                                                    
a_ia   23   37                                                      0.00175020458615844773                                                    
a_ia   26   38                                                      0.01220754931994408841                                                    
a_ia   77   87                                                      0.00514540371438889591                                                    
op     23   35   75   87   35   23   75   87                       -0.00586816667360634103                                                    
a_ia   21   25                                                     -0.11377475627055175234                                                    
om     16   33   68   85   33   16   68   85                       -0.00412362587069291069                                                    
mvp2   23   35   77   87   35   23   77   87                       -0.00674074625543877835   -0.06285267136910689667                          
a_ia   29   31                                                     -0.26840061464597320118                                                    
a_ia   81   83                                                     -0.27021270424290844137                                                    
op     15   49   67  101   49   15   67  101                       -0.00179302924905270882                                                    
op     15   50   67  102   50   15   67  102                       -0.00190011431729462054                                                    
op     15   51   67  103   51   15   67  103                       -0.00209475661434486982                                                    
a_ia   26   38                                                      0.00517718757921501946                                                    
a_ia   26   40                                                     -0.02310760815810943697                                                    
mvp2   19   43   77   90   43   19   77   90                       -0.00458603556638461415   -0.12870263525897493451                          
a_ia   19   43                                                     -0.00034591375586718329                                                    
mvp2   19   43   75   94   43   19   75   94                        0.00282697366657601572    0.02907280737842190405                          
mvp2   19   26   23   37   19   23   26   37                       -0.00588607155046882036    0.08372645651762773700                          
mvp2   19   43   77   78   43   19   77   78                        0.00710513107227732279    0.00597784763552044063                          
mvp2   19   46   75   78   46   19   75   78                       -0.00489466346701393495   -0.07891486446718587455                          
mvp2   19   40   77   87   40   19   77   87                        0.00460581319275539264    0.12108023060497956347                          
a_ia   78   94                                                      0.03652496643774665736                                                    
mvp2   19   46   75   94   46   19   75   94                       -0.00363717315333997706   -0.06525307840948887939                          
mvp2   71   78   75   98   71   75   78   98                        0.00422338699180129559   -0.09833517382039465293                          
a_ia   71   98                                                      0.00123034446689246737                                                    
op     16   34   68   86   34   16   68   86                       -0.00230644702976550830                                                    
a_ia   88   93                                                      0.23621442357313135463                                                    
op     16   44   68   96   44   16   68   96                       -0.00515240991407323046                                                    
mvp2   16   44   75   94   44   16   75   94                       -0.00561790892478832449   -0.26365004176874851094                          
mvp2   68   94   75   96   68   75   94   96                        0.00430471237346634165   -0.36478653838491020833                          
a_ia   68   96                                                      0.00023909224859479085                                                    
mvp2   19   44   68   96   44   19   68   96                        0.00185427279440302027    0.40525986111783746102                          
mvp2   16   30   75   78   30   16   75   78                        0.00723086464328666443    0.09832218735809100663                          
a_ia   68   77                                                     -0.04987065917964564332                                                    
op     16   37   68   89   37   16   68   89                       -0.00483742905243102640                                                    
a_ia   68   89                                                     -0.00091839619252265768                                                    
mvp2   16   44   75   91   44   16   75   91                        0.00558018131595680415    0.28107644898065675676                          
mvp2   68   91   75   96   68   75   91   96                       -0.00463230386496198826    0.23215906586949208723                          
a_ia   68   75                                                     -0.01591188049848687308                                                    
mvp2   68   78   75   82   68   75   78   82                       -0.00665398738283097101    0.10465113070992666799                          
mvp2   16   44   77   91   44   16   77   91                        0.00340621734804411307   -0.26031499750017306205                          
mvp2   16   44   77   87   44   16   77   87                       -0.00404619470989929769   -0.02739793343913979329                          
mvp2   19   43   75   79   43   19   75   79                       -0.01144200603453394104   -0.07840123407260858601                          
a_ia   75   79                                                      0.00396411230864251486                                                    
mvp2   16   44   75   79   44   16   75   79                        0.01151101332830272751    0.10686051643541431833                          
mvp2   16   37   75   79   37   16   75   79                       -0.00882980740050268512   -0.07814228537013548359                          
mvp2   19   37   75   79   37   19   75   79                        0.00705732904221041159    0.05325763464641938838                          
mvp2   19   44   75   79   44   19   75   79                       -0.00535228041427937475   -0.04526240679441428938                          
mvp2   68   79   75   89   68   75   79   89                        0.00839676724977076946   -0.08575414569717340618                          
a_ia   79   87                                                      0.04349799027080596125                                                    
mvp2   68   79   75   96   68   75   79   96                       -0.01010872588388955426    0.10002531572648563907                          
a_ia   77   79                                                     -0.01033502287073227721                                                    
a_ia   79   91                                                      0.08540277548932302676                                                    
a_ia   79   94                                                     -0.29922563292560333537                                                    
a_ia   27   42                                                     -0.02307062180003040600                                                    
mvp2   75   78   77   94   75   77   78   94                       -0.00434421161066310228   -0.03475487776341513319                          
mvp2   71   79   75   97   71   75   79   97                       -0.00627920148635243130    0.12104759194254888222                          
mvp2   71   79   75   82   71   75   79   82                        0.00735793205786292384   -0.08473801226259201902                          
mvp2   71   79   75   98   71   75   79   98                       -0.00342536570506679194    0.08373576982948055525                          
mvp2   67   79   75   93   67   75   79   93                       -0.01279755072380534854    0.20022947752691211409                          
a_ia   79   93                                                     -0.01608505717050780562                                                    
mvp3   67   93   75   94   67   75   94   93   67   75   93   94   -0.00660513630840851938   -0.08616357643619700080    0.09397113541236584711
mvp2   67   79   77   95   67   77   79   95                        0.00478378755321540346   -0.08486769414738168371                          
a_ia   79   95                                                     -0.01455663552210922050                                                    
mvp2   67   78   77   93   67   77   78   93                        0.00644654420245155315   -0.03208727151942507294                          
mvp2   67   94   77   95   67   77   94   95                       -0.00349337659646266991    0.03506307346477956222                          
mvp2   67   78   77   89   67   77   78   89                       -0.00532228418890864398    0.03885544123233702907                          
a_ia   93   94                                                     -0.19604950352802641422                                                    
mvp2   67   90   77   93   67   77   90   93                       -0.00415460555402364599   -0.26153052890103278827                          
mvp2   67   90   75   93   67   75   90   93                        0.00461873017418285275   -0.17168109176408030692                          
mvp2   67   90   75   95   67   75   90   95                        0.00337428360804282014   -0.08327654941920929754                          
mvp3   67   89   71   93   67   71   93   89   67   71   89   93    0.00346520575929754873    0.19575127978329517897    0.26014070262917898813
mvp2   71   90   77   95   71   77   90   95                        0.00299757256431282433   -0.32481781553478455971                          
a_ia   71   77                                                     -0.01677629149191234639                                                    
mvp2   15   41   75   79   41   15   75   79                        0.01188891082007693251    0.17463884758040515432                          
mvp2   15   41   75   94   41   15   75   94                       -0.00676993979288734692   -0.04666704174845946740                          
a_ia   79   90                                                     -0.02225284959308960336                                                    
mvp2   15   41   77   78   41   15   77   78                       -0.00860036758715121766    0.01093238598475304926                          
mvp2   15   41   71   95   41   15   71   95                        0.00368565984692423038   -0.09759223964467958479                          
mvp2   15   46   77   78   46   15   77   78                       -0.00546957714752460342   -0.03447704135720954660                          
mvp3   67   93   71   96   67   71   96   93   67   71   93   96    0.00409688061821199268   -0.27033725391402541050   -0.36767179417488854432
mvp2   15   46   77   79   46   15   77   79                        0.00293122602589478273    0.05981576677922974955                          
a_ia   67   71                                                     -0.04434696114840006725                                                    
mvp2   71   78   77   97   71   77   78   97                        0.00427575101269690554    0.00465736977309308148                          
mvp2   15   45   75   94   45   15   75   94                       -0.00286802228127929631   -0.21613095902650197866                          
mvp2   16   44   67   97   44   16   67   97                       -0.00389613951497232115    0.43877082607355816224                          
a_ia   67   97                                                      0.00105579965713866277                                                    
mvp2   23   26   67   86   26   23   67   86                       -0.00703267734942210863    0.11013421468158132721                          
mvp2   23   26   67   92   26   23   67   92                       -0.00725625817887619318    0.10688405549941179529                          
mvp2   23   26   67   88   26   23   67   88                       -0.00752544222557309950    0.11926407300192214123                          
op     16   33   67   85   33   16   67   85                        0.00794072157550751966                                                    
mvp2   16   26   23   40   16   23   26   40                       -0.00271991830613902037    0.02661821722612063221                          
a_ia   16   40                                                      0.00098248015033670444                                                    
a_ia   16   23                                                     -0.01323152370029931531                                                    
mvp2   15   44   71   93   44   15   71   93                       -0.00346818947188145665   -0.38360064277684291500                          
om     15   33   68   85   33   15   68   85                        0.00763529532899692807                                                    
a_ia   19   33                                                     -0.00019383815530135017                                                    
mvp2   15   26   23   40   15   23   26   40                        0.00694627471633284428   -0.10913088980361249081                          
a_ia   15   40                                                     -0.00024580895131346033                                                    
mvp2   15   26   23   43   15   23   26   43                       -0.00444554173007091075    0.10601207460575137742                          
mvp2   15   26   23   36   15   23   26   36                        0.00679400981453063667   -0.13508018366070848049                          
mvp2   15   26   23   34   15   23   26   34                        0.00656521246771157255   -0.11760106420699462104                          
a_ia   23   34                                                     -0.00214418659951912680                                                    
a_ia   26   34                                                      0.00884904645649915375                                                    
a_ia   15   23                                                     -0.00599404431546724566                                                    
op     15   36   67   85   36   15   67   85                        0.00480630495806114687                                                    
op     23   35   67   85   35   23   67   85                        0.00476175249402111585                                                    
mvp2   19   46   75   79   46   19   75   79                        0.00567115293114027301    0.06615725379174379472                          
mvp2   19   45   75   79   45   19   75   79                        0.00607605603433558454    0.09813062631863873897                          
mvp2   19   45   77   78   45   19   77   78                       -0.00511849320865440799    0.01176857193255502476                          
mvp2   19   45   75   94   45   19   75   94                       -0.00331972749400647913   -0.07727921783101236730                          
a_ia   75   77                                                     -0.09895920413522693582                                                    
mvp3   75   78   77   79   75   77   79   78   75   77   78   79    0.02753077719373165158   -0.01488096803892756392    0.00977348694597686765
mvp2   19   30   75   79   30   19   75   79                       -0.00696849123052020042   -0.08925117455342203299                          
mvp2   15   33   68   97   33   15   68   97                        0.00275106192709851554   -0.09519493440480721047                          
a_ia   35   36                                                     -0.16265785432465520999                                                    
a_ia   23   36                                                      0.00017353018875269051                                                    
mvp2   15   33   67   93   33   15   67   93                       -0.00467926397388510398   -0.12952936169351395024                          
mvp2   15   36   67   93   36   15   67   93                        0.00336182695055489049   -0.04156750770657863941                          
a_ia   25   35                                                      0.00607977056906458709                                                    
a_ia   25   40                                                     -0.00187036543489919275                                                    
op     25   38   67   85   38   25   67   85                        0.00587876593324430409                                                    
mvp2   25   35   67   85   35   25   67   85                        0.00496321871988860894   -0.04179943084818114191                          
mvp2   23   38   67   85   38   23   67   85                       -0.00402104147681928408   -0.05709827676775820066                          
mvp2   23   38   67   88   38   23   67   88                        0.00411990466960741094    0.02841102214635947421                          
op     12   26   64   78   26   12   64   78                       -0.01758271341808227348                                                    
a_ia   12   23                                                     -0.23116523864259866383                                                    
a_ia   12   35                                                     -0.00158438096765823374                                                    
a_ia   23   38                                                     -0.00055158971356074034                                                    
a_ia   64   86                                                     -0.00070719287590837571                                                    
mvp2   23   26   64   78   26   23   64   78                        0.01399448633122885727    0.00300339716688017514                          
a_ia   77   94                                                      0.00077015055180578741                                                    
om     12   35   64   87   35   12   64   87                       -0.00522193960017294789                                                    
mvp2   25   35   64   87   35   25   64   87                       -0.00490404751535430776    0.12302570367475149093                          
a_ia   12   40                                                     -0.00063826719248194041                                                    
mvp2   15   44   68   97   44   15   68   97                       -0.00279236930791301177    0.45551242215047915707                          
op     25   38   64   87   38   25   64   87                       -0.00424375584120711274                                                    
op     13   29   65   81   29   13   65   81                       -0.00853532286682272441                                                    
op     11   29   63   81   29   11   63   81                       -0.00607128146604252791                                                    
op     11   29   62   81   29   11   62   81                        0.00490146266050113782                                                    
a_ia   11   29                                                      0.00080925431256904717                                                    
a_ia   63   81                                                      0.00078479876075375401                                                    
op     10   29   62   81   29   10   62   81                       -0.00457588100151321529                                                    
op     13   29   62   81   29   13   62   81                        0.00545354301469369498                                                    
a_ia   62   81                                                     -0.00108564146875170481                                                    
a_ia   10   29                                                     -0.00082667826498165030                                                    
op      6   29   58   81   29    6   58   81                       -0.00656739976886254809                                                    
a_ia   58   81                                                     -0.00101663088672234434                                                    
a_ia    6   29                                                     -0.00095073646790045209                                                    
op      8   29   60   81   29    8   60   81                       -0.00413427076937942627                                                    
a_ia   60   81                                                      0.00080600114299997881                                                    
a_ia    8   29                                                      0.00068640926663321466                                                    
op      4   29   56   81   29    4   56   81                       -0.00466024090178921661                                                    
a_ia    4   29                                                      0.00075542338614996494                                                    
a_ia   61   81                                                      0.00066158556739115307                                                    
op      1   29   53   81   29    1   53   81                       -0.00503368284852253114                                                    
a_ia   53   81                                                      0.00082537876682164588                                                    
a_ia    1   29                                                      0.00066572729459716824                                                    
op      0   29   52   81   29    0   52   81                       -0.00351755126850113089                                                    
op      2   29   54   81   29    2   54   81                       -0.00407471793629026434                                                    
op      0   29   54   81   29    0   54   81                       -0.00208905885528491578                                                    
op     16   28   65   80   28   16   65   80                        0.00611633480110378679                                                    
a_ia   65   80                                                     -0.00115604312535854867                                                    
op      2   29   56   81   29    2   56   81                        0.00352056336529188050                                                    
a_ia   56   81                                                      0.00077708731397361998                                                    
a_ia   23   26                                                     -0.00166954604164335895                                                    
mvp2   25   26   76   78   26   25   76   78                       -0.01405893801483770050   -0.02370043673800309447                          
a_ia   76   78                                                      0.00119861017299693114                                                    
op      2   29   52   81   29    2   52   81                       -0.00217560894167319590                                                    
om     16   28   63   80   28   16   63   80                       -0.00544211282749998415                                                    
a_ia   63   80                                                      0.00061351319764034375                                                    
