op     25   26   77   78   26   25   77   78                       -0.14290653282754792186                                                    
op     25   27   77   79   27   25   77   79                       -0.01755928773711894209                                                    
op     23   27   75   79   27   23   75   79                       -0.07983024623033810330                                                    
a_ia   23   27                                                     -0.00362949043453027718                                                    
op     23   26   75   78   26   23   75   78                       -0.10529711723064749673                                                    
mvp2   23   26   77   79   26   23   77   79                        0.08683442517130832150   -0.78186377833671971693                          
a_ia   78   80                                                      0.01725676880867705459                                                    
a_ia   26   28                                                     -0.29289483559571249938                                                    
a_ia   75   79                                                     -0.01785407675961967963                                                    
mvp2   25   27   75   78   27   25   75   78                        0.09334653534217043913    0.65596029576952297191                          
a_ia   78   79                                                      0.23667065724079816569                                                    
a_ia   24   25                                                      0.21294909679299803273                                                    
a_ia   23   24                                                      0.14095663640450123433                                                    
a_ia   75   77                                                      0.05649331303518295017                                                    
om     25   28   77   80   28   25   77   80                       -0.02129626789705066706                                                    
a_ia   26   29                                                     -0.06395918529882929637                                                    
op     23   36   75   88   36   23   75   88                       -0.01851738266000810609                                                    
a_ia   75   88                                                      0.00778880578912166232                                                    
a_ia   23   36                                                     -0.00393524626318885167                                                    
mvp2   25   27   76   78   27   25   76   78                        0.00132062750355375837   -0.06134888008485123861                          
a_ia   79   80                                                     -0.01379733647175731062                                                    
a_ia   76   77                                                      0.11662866811371286335                                                    
a_ia   22   25                                                      0.20785628312319212596                                                    
mvp2   25   28   71   78   28   25   71   78                       -0.00894072752300811499    0.25652565668813281929                          
a_ia   71   78                                                     -0.00209426043839791576                                                    
a_ia   27   28                                                      0.30047256323998428051                                                    
a_ia   25   28                                                      0.00250452043397241149                                                    
mvp2   25   28   74   78   28   25   74   78                       -0.02023641983951400547    0.48036296092983588046                          
a_ia   71   77                                                      0.17480420918465014446                                                    
op     23   37   75   89   37   23   75   89                       -0.01088443408273882980                                                    
op     23   32   75   84   32   23   75   84                       -0.00721586625540056141                                                    
mvp2   19   28   71   80   28   19   71   80                       -0.01803794954090550198    0.62535880936593357671                          
a_ia   19   25                                                      0.14683922315480643639                                                    
op     14   29   66   81   29   14   66   81                       -0.02289250835775956741                                                    
a_ia   26   36                                                      0.13075950492074689402                                                    
mvp2   23   26   75   88   26   23   75   88                       -0.01493089669432696998    0.14468930275321442713                          
a_ia   14   29                                                      0.00332522386583151974                                                    
a_ia   78   81                                                     -0.06777843169838004833                                                    
mvp2   23   39   75   79   39   23   75   79                        0.00408594956471163614   -0.06811301158753103879                          
a_ia   79   88                                                      0.02114078106221253459                                                    
a_ia   75   79                                                      0.01830950672790357045                                                    
om     24   28   76   80   28   24   76   80                       -0.01833192753947337009                                                    
om      8   29   66   81   29    8   66   81                        0.01360129321135088859                                                    
op     14   29   60   81   29   14   60   81                        0.01365311122237914537                                                    
op      8   29   60   81   29    8   60   81                       -0.01068424017476961307                                                    
mvp2   24   28   76   78   28   24   76   78                       -0.00668486517002811215   -0.23448181258574379848                          
a_ia   78   80                                                     -0.16138023157137837416                                                    
a_ia   77   80                                                      0.00343185955735237280                                                    
mvp2   19   28   71   78   28   19   71   78                       -0.00548919863228478945   -0.41413517512437808543                          
mvp2   24   26   76   80   26   24   76   80                       -0.01619605628201547382    0.22981423073643286736                          
a_ia   22   26                                                     -0.00304396436896571402                                                    
mvp2   23   39   77   88   39   23   77   88                       -0.00908522403828576804    0.41339028686179696281                          
mvp2   23   39   75   91   39   23   75   91                       -0.00647548990761461895   -0.46113724611907414008                          
a_ia   79   91                                                     -0.17269088656884923338                                                    
a_ia   77   91                                                      0.00636491264699764244                                                    
mvp2   23   36   77   91   36   23   77   91                       -0.00896980769373778922   -0.16591536181007773831                          
mvp2   25   26   74   78   26   25   74   78                        0.02335928893207473225    0.03055097510487035303                          
a_ia   25   26                                                      0.00888735482373073475                                                    
a_ia   26   27                                                      0.17118219771632098292                                                    
a_ia   75   77                                                     -0.04957453580674051757                                                    
mvp2   19   26   74   78   26   19   74   78                       -0.00823572932802897617   -0.28334796303286469144                          
op     19   26   71   78   26   19   71   78                       -0.00792660549359531716                                                    
mvp2   19   26   71   80   26   19   71   80                       -0.01198783270524564001    0.31524678049619730968                          
a_ia   79   89                                                      0.08229885842685055741                                                    
mvp2   23   40   75   79   40   23   75   79                       -0.00475065104984021512    0.13292210832335152326                          
mvp2   23   37   75   79   37   23   75   79                       -0.00741966436304697472    0.00573017614494532659                          
op     11   26   63   78   26   11   63   78                       -0.02794795823477555508                                                    
mvp2   24   27   76   80   27   24   76   80                        0.01257795158090288350   -0.13714042658710171030                          
op     14   30   66   82   30   14   66   82                       -0.00792758362941821046                                                    
op     14   32   66   84   32   14   66   84                       -0.01028534012605722588                                                    
op     14   31   66   83   31   14   66   83                       -0.00577059851750055201                                                    
a_ia   66   83                                                     -0.00133138447855583181                                                    
op      8   30   60   82   30    8   60   82                       -0.00604834909683604066                                                    
a_ia    8   30                                                     -0.00108509621756877877                                                    
op      8   32   60   84   32    8   60   84                       -0.00795866247971354322                                                    
a_ia    8   32                                                     -0.00324461466301059417                                                    
a_ia   60   84                                                     -0.00326134786216093330                                                    
op     14   45   66   97   45   14   66   97                       -0.01174715953099561387                                                    
op     14   34   66   86   34   14   66   86                       -0.00708469051593390697                                                    
op     14   38   66   90   38   14   66   90                       -0.00649518014161833829                                                    
om     14   37   66   89   37   14   66   89                       -0.00796372461950941961                                                    
a_ia   66   89                                                     -0.00113303344923912884                                                    
op     14   45   60   97   45   14   60   97                        0.00687474969203550213                                                    
mvp2   14   34   75   79   34   14   75   79                       -0.00890381297543117213   -0.05866358000509382109                          
op      8   45   66   97   45    8   66   97                        0.00724614439758713546                                                    
op      8   45   60   97   45    8   60   97                       -0.00499181197743024489                                                    
mvp2   14   40   77   79   40   14   77   79                       -0.00781038398825970124   -0.10919834757833743466                          
mvp2   14   38   77   79   38   14   77   79                       -0.00966110022040634654   -0.14999642326323736619                          
a_ia   14   38                                                      0.00208807019261151921                                                    
mvp2   66   79   77   90   66   77   79   90                        0.01130614206232723358   -0.16758106728623914372                          
a_ia   79   90                                                      0.04352785580144462318                                                    
a_ia   66   90                                                      0.00213781650739628412                                                    
op     14   35   66   87   35   14   66   87                       -0.00413644024167571060                                                    
a_ia   14   35                                                      0.00137357273555051350                                                    
a_ia   66   87                                                      0.00130161200010063733                                                    
a_ia   66   85                                                     -0.00145976931305165543                                                    
op     14   43   66   95   43   14   66   95                       -0.00377737317238910093                                                    
op     14   44   66   96   44   14   66   96                       -0.00288785210707430840                                                    
op     14   44   66   95   44   14   66   95                       -0.00187395640826321596                                                    
op     14   46   66   98   46   14   66   98                       -0.00289282958421676261                                                    
mvp2   23   36   60   97   36   23   60   97                       -0.00449310657032534096    0.07941341567169610260                          
a_ia   77   79                                                     -0.02008770513860071855                                                    
a_ia    8   39                                                     -0.00041268895813403812                                                    
op     14   43   66   96   43   14   66   96                       -0.00187458349233785536                                                    
op     14   50   66  102   50   14   66  102                       -0.00351209081218263391                                                    
op     14   42   66   94   42   14   66   94                       -0.00220128643385415854                                                    
op     14   51   66  103   51   14   66  103                       -0.00291041934809332199                                                    
a_ia   14   48                                                      0.00057355277768497020                                                    
op     14   49   66  101   49   14   66  101                       -0.00273310241408071357                                                    
op     14   51   66  102   51   14   66  102                        0.00190655194128631781                                                    
op     14   49   66  103   49   14   66  103                       -0.00140785116598950654                                                    
op     14   49   66  102   49   14   66  102                        0.00219642624778863555                                                    
mvp2   25   39   75   88   39   25   75   88                       -0.00889136895926232428   -0.06195378585408240629                          
a_ia   25   39                                                      0.00602063403250308049                                                    
mvp2   25   36   75   79   36   25   75   79                        0.01167207459060248115    0.12682428134953599441                          
a_ia   77   90                                                     -0.00184199886597150812                                                    
mvp2   25   36   75   91   36   25   75   91                       -0.00656515152063710285    0.13704861496755282868                          
a_ia   22   39                                                     -0.00104533712704775353                                                    
mvp2   25   39   77   91   39   25   77   91                       -0.00591125485012642098   -0.04647080682877303276                          
op     16   30   68   82   30   16   68   82                       -0.00785488672953486844                                                    
a_ia   68   82                                                     -0.00238695222841123515                                                    
a_ia   16   30                                                     -0.00189584449315584195                                                    
op     15   30   67   82   30   15   67   82                       -0.00774217776927681265                                                    
op     13   30   65   82   30   13   65   82                       -0.00710257398356600299                                                    
a_ia   65   82                                                     -0.00219864926000864916                                                    
a_ia   13   30                                                     -0.00212268141366198483                                                    
op      7   30   59   82   30    7   59   82                       -0.00672571149426381965                                                    
a_ia   59   82                                                     -0.00110141531692850179                                                    
a_ia    7   30                                                     -0.00102944916119876396                                                    
op      6   30   58   82   30    6   58   82                       -0.00576319773010373383                                                    
op      2   30   54   82   30    2   54   82                       -0.00481963256200433794                                                    
op      1   30   53   82   30    1   53   82                       -0.00460481727312049473                                                    
op      4   30   56   82   30    4   56   82                       -0.00298610371832128997                                                    
a_ia   53   82                                                      0.00105233653916459217                                                    
a_ia    1   30                                                      0.00105310077640557520                                                    
op     11   26   64   78   26   11   64   78                       -0.00945480903954075934                                                    
a_ia   23   37                                                      0.00331906838766708734                                                    
op     14   47   66   99   47   14   66   99                       -0.00186201517165238747                                                    
op     14   51   66  101   51   14   66  101                       -0.00142309594186847349                                                    
op     15   31   67   83   31   15   67   83                       -0.01047610369089332916                                                    
a_ia   67   83                                                      0.00246695840852552851                                                    
a_ia   15   31                                                      0.00258185013251317850                                                    
op     15   32   67   84   32   15   67   84                       -0.00698625786296995597                                                    
a_ia   71   80                                                      0.00054497209821118562                                                    
om     16   31   68   83   31   16   68   83                       -0.00543143797215308189                                                    
op     12   26   63   78   26   12   63   78                       -0.01184233920130342739                                                    
op     12   26   64   78   26   12   64   78                       -0.00533601803157496626                                                    
op     16   32   68   84   32   16   68   84                       -0.00466456639483134056                                                    
op      6   31   58   83   31    6   58   83                       -0.00687770763289967477                                                    
a_ia   64   83                                                      0.00148410576112205372                                                    
a_ia   11   31                                                     -0.00082254699732592980                                                    
a_ia    6   31                                                      0.00111534766604884914                                                    
om     13   31   65   83   31   13   65   83                       -0.00545218593237225754                                                    
a_ia   58   83                                                      0.00112772037253243570                                                    
mvp2   22   28   71   80   28   22   71   80                       -0.00784273288749039003    0.15347331700430999479                          
a_ia   22   28                                                      0.00112993210633920106                                                    
mvp2   24   28   71   80   28   24   71   80                       -0.00674154004944035792    0.06970906249163653923                          
a_ia   24   28                                                      0.00161756198242070381                                                    
mvp2   19   28   74   80   28   19   74   80                       -0.00883467762350798221   -0.31097991222313814408                          
op     14   50   66  101   50   14   66  101                        0.00219167510289290223                                                    
op     14   50   66  103   50   14   66  103                        0.00193222107336722009                                                    
om      8   34   60   86   34    8   60   86                       -0.00463763386457153107                                                    
a_ia    8   34                                                     -0.00191707554434681097                                                    
a_ia   23   38                                                      0.00070655195087142254                                                    
a_ia    8   40                                                     -0.00121460447271319019                                                    
a_ia    8   33                                                     -0.00084597258030654561                                                    
a_ia   60   86                                                     -0.00151331602977737741                                                    
a_ia    8   38                                                     -0.00094274340104144117                                                    
om      8   37   60   89   37    8   60   89                       -0.00481840861341488891                                                    
a_ia   60   90                                                     -0.00144972304507404387                                                    
a_ia    8   37                                                      0.00086847212002251484                                                    
om      8   40   60   92   40    8   60   92                       -0.00343542562633404039                                                    
a_ia   60   92                                                     -0.00072258486314893120                                                    
a_ia   79   92                                                      0.13855931113086705775                                                    
mvp2   25   36   77   88   36   25   77   88                       -0.00621911790990330778    0.31820187831536084211                          
a_ia   76   91                                                     -0.00060025454899842608                                                    
a_ia   25   36                                                      0.00029666865789230654                                                    
a_ia   77   88                                                      0.00133812329250489843                                                    
a_ia   27   39                                                     -0.12485480183218183869                                                    
mvp2   25   27   75   88   27   25   75   88                        0.01075013540502218513   -0.00415187232064896314                          
a_ia   25   27                                                     -0.00960214646847363205                                                    
a_ia   75   91                                                     -0.00074571139257562243                                                    
a_ia   75   76                                                      0.12182307507160274052                                                    
a_ia   68   84                                                     -0.00139422412764223587                                                    
a_ia   16   32                                                     -0.00331024404164059326                                                    
a_ia   73   74                                                     -0.36496015400660347661                                                    
a_ia   19   28                                                      0.00249256792762184457                                                    
a_ia   74   80                                                     -0.00023960109155801818                                                    
om      6   29   58   81   29    6   58   81                       -0.00454328118385304101                                                    
a_ia    6   29                                                     -0.00043411877185019497                                                    
mvp2   25   28   63   80   28   25   63   80                       -0.00582347848628976192   -0.00165605508347931593                          
a_ia   63   75                                                     -0.24498344734700636116                                                    
om      6   32   58   84   32    6   58   84                       -0.00470819330528805726                                                    
a_ia   21   25                                                      0.06681781322215146757                                                    
a_ia   24   39                                                     -0.00110258216053357185                                                    
mvp2   68   78   75   84   68   75   78   84                       -0.01354799749482966768    0.13260477406774098807                          
a_ia   68   84                                                      0.00102040832350372792                                                    
a_ia   75   78                                                      0.00191687850402849527                                                    
mvp2   16   32   75   78   32   16   75   78                        0.01390315344949401809    0.12963651368125486685                          
mvp2   15   32   75   78   32   15   75   78                        0.00614772475269021249    0.06951474588123274234                          
a_ia   16   32                                                      0.00272856236555062094                                                    
mvp2   67   78   75   84   67   75   78   84                       -0.00598978760008835737    0.06715024238828926073                          
mvp2   15   34   75   78   34   15   75   78                        0.01633491009857073600    0.16392756473102695902                          
a_ia   15   34                                                      0.00035810777390444913                                                    
a_ia   75   80                                                      0.00371816138174833020                                                    
a_ia   67   84                                                     -0.00036266184812200569                                                    
a_ia   78   80                                                     -0.17807510495993580935                                                    
a_ia   74   78                                                      0.00046173483827919779                                                    
mvp2   15   34   67   86   34   15   67   86                       -0.00819329679037329207    0.78558386453559803098                          
a_ia   65   83                                                     -0.00063813650775550288                                                    
a_ia   13   31                                                     -0.00062758827352934609                                                    
op     16   34   68   86   34   16   68   86                       -0.00635623298307297357                                                    
a_ia   68   86                                                     -0.00208128100226633765                                                    
a_ia   16   34                                                     -0.00153990876111862406                                                    
om      6   34   58   86   34    6   58   86                       -0.00510040316825272066                                                    
a_ia    6   34                                                     -0.00103958770848964761                                                    
a_ia   58   86                                                     -0.00102039958320256389                                                    
mvp2   23   27   77   88   27   23   77   88                        0.01341363805077896813   -0.01565751431012986361                          
a_ia   27   40                                                      0.11080088758415997108                                                    
mvp2   23   27   77   78   27   23   77   78                        0.03399239809016457725   -0.10826373785521252457                          
a_ia   77   78                                                      0.00886742168922648004                                                    
a_ia   23   27                                                      0.00589745648697170138                                                    
mvp2   68   78   77   90   68   77   78   90                       -0.00916824856602541788    0.08036572765308476474                          
a_ia   68   90                                                      0.00183479462540889009                                                    
a_ia   68   77                                                     -0.03295513217845796178                                                    
a_ia   19   25                                                      0.05559980846013307804                                                    
a_ia   60   89                                                      0.00093811042384538872                                                    
mvp2   23   27   67   92   27   23   67   92                       -0.00778767213007286983    0.11872766514850754960                          
a_ia   78   92                                                     -0.07270127960028846537                                                    
a_ia   76   92                                                      0.00024606101334127671                                                    
mvp2   15   40   67   92   40   15   67   92                       -0.00568558599986945107   -0.78524327198563925734                          
a_ia   23   40                                                     -0.00039281177253316869                                                    
a_ia   76   78                                                     -0.00229180634822024297                                                    
a_ia   67   92                                                      0.00059020616545042465                                                    
a_ia   77   92                                                      0.00086339406682580289                                                    
a_ia   16   25                                                     -0.04118812804176961301                                                    
om     15   33   67   85   33   15   67   85                       -0.00562548215034808057                                                    
a_ia   67   85                                                      0.00227898521759286590                                                    
a_ia   15   33                                                      0.00270910442151842210                                                    
mvp2   23   36   67   85   36   23   67   85                       -0.00845038161408993675    0.30063663881328211991                          
mvp2   15   33   23   36   15   23   36   33                       -0.00711489648509629289   -0.36181433702935422714                          
a_ia   23   36                                                      0.01195712963237518384                                                    
om     15   35   67   87   35   15   67   87                       -0.00780435916639429707                                                    
a_ia   67   87                                                     -0.00254327108861676903                                                    
a_ia   15   35                                                     -0.00249337548308393650                                                    
om     15   44   67   96   44   15   67   96                       -0.00480764557821220396                                                    
a_ia   15   37                                                      0.00021696963331290913                                                    
op     15   42   67   94   42   15   67   94                       -0.00565389033575378671                                                    
op     15   46   67   98   46   15   67   98                       -0.00318997400858994770                                                    
a_ia   15   42                                                      0.00043154078752687000                                                    
op      8   46   60   98   46    8   60   98                       -0.00272325882038159739                                                    
op     15   41   67   93   41   15   67   93                       -0.00218669403166599783                                                    
a_ia   67   93                                                      0.00066919209903025620                                                    
a_ia   15   41                                                      0.00067104190587127853                                                    
op     15   43   67   95   43   15   67   95                       -0.00287052616286087017                                                    
a_ia   67   95                                                      0.00050283074536366609                                                    
op      7   31   59   83   31    7   59   83                       -0.00300438838008343844                                                    
op     15   47   67   99   47   15   67   99                       -0.00193256266992897739                                                    
a_ia   79   87                                                      0.01396236912006133639                                                    
a_ia   60   94                                                     -0.00041925016072073042                                                    
om     15   42   60   98   42   15   60   98                        0.00229841121901429475                                                    
op      4   31   56   83   31    4   56   83                       -0.00448418102831905918                                                    
a_ia   56   83                                                      0.00102778476380756289                                                    
a_ia    4   31                                                      0.00100057975643105790                                                    
op      9   31   61   83   31    9   61   83                       -0.00339233603609863680                                                    
a_ia   61   83                                                      0.00128363936817810220                                                    
a_ia    9   31                                                      0.00120941973966760732                                                    
op      2   31   54   83   31    2   54   83                       -0.00270765092823841824                                                    
op      1   31   53   83   31    1   53   83                       -0.00341517153387771531                                                    
a_ia   53   83                                                      0.00095189602778817978                                                    
a_ia    1   31                                                      0.00092126042508719312                                                    
op      0   31   52   83   31    0   52   83                       -0.00362934121809133352                                                    
op      0   31   52   82   31    0   52   82                        0.00193496146066106031                                                    
op      0   30   52   83   30    0   52   83                        0.00193621047721738155                                                    
a_ia   52   83                                                     -0.00055087808968143739                                                    
a_ia    8   46                                                     -0.00026915211862353839                                                    
op      2   32   54   84   32    2   54   84                       -0.00648477403721940508                                                    
a_ia   59   84                                                      0.00091232642311545888                                                    
a_ia    2   32                                                      0.00100013730692093844                                                    
a_ia   54   84                                                      0.00100538219822386417                                                    
a_ia    7   32                                                      0.00089167685317944017                                                    
om      7   32   54   84   32    7   54   84                        0.00280089581672427011                                                    
op      7   32   59   84   32    7   59   84                       -0.00378245535207779844                                                    
mvp3   63   78   77   79   63   77   79   78   63   77   78   79   -0.00919102450933079011   -0.18842759087714691657    0.23117676098376777061
a_ia   63   79                                                      0.00418252939034021842                                                    
a_ia   63   78                                                      0.00125775030907145308                                                    
a_ia   76   77                                                      0.11535776928781943385                                                    
a_ia   90   92                                                      0.24312206274030542796                                                    
a_ia   68   92                                                     -0.00078861823972526822                                                    
a_ia   77   79                                                      0.01394079291594761336                                                    
mvp2   25   26   75   79   26   25   75   79                        0.03109179893831240035    0.05896421438207806454                          
a_ia   71   75                                                      0.07206175683436182033                                                    
mvp2   11   27   75   79   27   11   75   79                       -0.01891249655428552459    0.23418090171662622745                          
a_ia   26   27                                                      0.08628543692585664837                                                    
a_ia   11   27                                                      0.00395573891835521510                                                    
a_ia   75   79                                                      0.00124826351867520381                                                    
a_ia   79   80                                                      0.23436616859317652151                                                    
om      6   27   58   79   27    6   58   79                       -0.00761581435181130518                                                    
a_ia   75   80                                                     -0.00208398676469673033                                                    
a_ia   11   26                                                     -0.00152281218433625754                                                    
