op     24   28   80   84   28   24   80   84                       -0.05712668436849518971                                                    
op     27   29   83   85   29   27   83   85                       -0.01857534812367806973                                                    
op     25   28   81   84   28   25   81   84                       -0.01815633657379301172                                                    
a_ia   80   84                                                     -0.00166530359685747374                                                    
a_ia   24   28                                                     -0.00555489022924225175                                                    
a_ia   25   28                                                     -0.00564731150714300589                                                    
op     25   32   81   88   32   25   81   88                       -0.03649852363672940331                                                    
op     27   32   83   88   32   27   83   88                       -0.01036173441410396905                                                    
op     25   32   80   88   32   25   80   88                        0.00861804206406111169                                                    
op     24   32   80   88   32   24   80   88                       -0.00518420332702673910                                                    
a_ia   24   32                                                      0.00542288156019214967                                                    
op     24   32   81   88   32   24   81   88                        0.00199931060241846864                                                    
op     23   29   79   85   29   23   79   85                       -0.01689432599520376832                                                    
op     25   37   81   93   37   25   81   93                       -0.00511578114491031272                                                    
a_ia   25   37                                                     -0.00224536111073797779                                                    
op     25   38   81   94   38   25   81   94                       -0.03429201275231684443                                                    
op     25   38   81   93   38   25   81   93                        0.00882722765149822342                                                    
om     25   37   81   94   37   25   81   94                        0.01374934113856648293                                                    
op     25   39   81   94   39   25   81   94                        0.02291500092779596987                                                    
op     25   39   81   93   39   25   81   93                       -0.00542135291058858104                                                    
op     19   28   80   84   28   19   80   84                       -0.02741539389201106194                                                    
a_ia   19   28                                                     -0.00378002913143135524                                                    
om     24   28   75   84   28   24   75   84                       -0.01796148216752703128                                                    
a_ia   75   84                                                     -0.00418447386751714251                                                    
om     19   28   75   84   28   19   75   84                       -0.01060508433766767580                                                    
op     26   29   82   85   29   26   82   85                       -0.01076841844283961229                                                    
a_ia   22   32                                                      0.00095299249657972629                                                    
om     25   38   81   95   38   25   81   95                       -0.00038336442787424794                                                    
om     25   39   81   95   39   25   81   95                       -0.00110617329746797474                                                    
om     25   37   81   95   37   25   81   95                       -0.00000965212270394606                                                    
a_ia   78   80                                                     -0.02551732378865848722                                                    
op     23   29   82   85   29   23   82   85                        0.00568180329073572892                                                    
op     27   39   83   95   39   27   83   95                       -0.00396572675897692486                                                    
op     27   38   83   94   38   27   83   94                       -0.00579178964954143831                                                    
op     27   37   83   93   37   27   83   93                       -0.00644793389826376056                                                    
mvp3   81   94   83   95   81   83   95   94   81   83   94   95    0.02990263460257073028   -0.44740577559695687837    0.41134642828733236630
op     23   31   79   85   31   23   79   85                       -0.00804389373045181696                                                    
op     23   31   79   87   31   23   79   87                       -0.00472614212902453586                                                    
mvp2   27   38   81   93   38   27   81   93                       -0.00547636128490853157   -0.26463283343641397227                          
mvp2   27   38   81   94   38   27   81   94                        0.02099560485967385398    0.33607228452784987383                          
op     27   40   83   96   40   27   83   96                       -0.00790618220043787755                                                    
mvp2   27   40   83   95   40   27   83   95                        0.00952126376383529045    0.49879791679219553924                          
mvp3   80   93   81   94   80   81   94   93   80   81   93   94    0.02400630594291591757    0.85678931215304487967   -0.35692481739523718165
a_ia   80   88                                                      0.00561811576694000881                                                    
mvp2   24   37   80   93   37   24   80   93                       -0.01905352918866295639   -0.77863063796398446215                          
a_ia   80   93                                                     -0.00198682618735295923                                                    
mvp2   24   37   81   93   37   24   81   93                       -0.00920676190030894452   -0.02194713733844565542                          
mvp2   24   37   80   84   37   24   80   84                       -0.01942414447810682579    0.47807247435398247948                          
om     24   31   80   87   31   24   80   87                       -0.00297481825871806190                                                    
mvp2   27   38   83   96   38   27   83   96                        0.00584936877205007293   -0.64680500516691619151                          
mvp2   25   38   83   96   38   25   83   96                       -0.01088325341127859003    0.17443405582643020657                          
mvp2   24   28   80   93   28   24   80   93                       -0.01926984585968619795   -0.29350380875333670350                          
op     24   28   81   84   28   24   81   84                       -0.01628830612827600680                                                    
a_ia   81   84                                                     -0.00485921795546914899                                                    
mvp2   24   28   81   93   28   24   81   93                       -0.00461927218177204425    0.03135599032107533324                          
op     19   28   81   84   28   19   81   84                       -0.00721865182368342136                                                    
mvp2   19   37   80   93   37   19   80   93                       -0.01133213495074394776   -0.34033736739671371918                          
a_ia   19   37                                                     -0.00194725716218998863                                                    
mvp2   19   37   80   84   37   19   80   84                       -0.00725484741977100792    0.25668033846806004306                          
mvp2   19   37   81   93   37   19   81   93                       -0.00460946895145249776   -0.05759877773407140467                          
mvp2   25   28   80   84   28   25   80   84                       -0.00615008835908636801    0.25672856015450629119                          
a_ia   24   25                                                      0.49784617174574735676                                                    
a_ia   28   37                                                      0.09130712790805393941                                                    
mvp2   19   28   80   93   28   19   80   93                       -0.00411904200262016087   -0.07273273506646958653                          
a_ia   84   93                                                      0.12715138725714003609                                                    
op     22   35   78   91   35   22   78   91                       -0.01649195345134050333                                                    
a_ia   22   35                                                      0.00473707881338350512                                                    
a_ia   78   91                                                      0.00472730659589725138                                                    
a_ia   22   24                                                     -0.24714970482302098254                                                    
op     22   45   78  101   45   22   78  101                       -0.01439384191978747285                                                    
a_ia   22   45                                                     -0.00377494818520753787                                                    
a_ia   78  101                                                     -0.00383321351679015172                                                    
op     22   36   78   92   36   22   78   92                       -0.01331780218206166967                                                    
a_ia   22   36                                                     -0.00387855080044940308                                                    
a_ia   78   92                                                     -0.00463807607172717073                                                    
om     22   36   78  101   36   22   78  101                       -0.00912040597670965396                                                    
op     22   45   78   92   45   22   78   92                       -0.01057735341986354091                                                    
op     22   34   78   90   34   22   78   90                       -0.00918772956466144819                                                    
a_ia   78   90                                                      0.00215636911503508128                                                    
a_ia   22   34                                                      0.00236174913238619165                                                    
op     22   33   78   89   33   22   78   89                       -0.00622031361028476445                                                    
a_ia   78   89                                                      0.00272015564875001913                                                    
a_ia   22   33                                                      0.00281544415919664183                                                    
a_ia   94   95                                                     -0.41512125810746641763                                                    
op     27   43   83   99   43   27   83   99                       -0.00521908389816801675                                                    
a_ia   27   43                                                      0.00033510713426031637                                                    
mvp2   27   43   83   96   43   27   83   96                        0.00399242094328794601    0.66191167244376003520                          
om     22   45   78   91   45   22   78   91                        0.00700648148420204148                                                    
op     27   42   83   98   42   27   83   98                       -0.00381750065211392507                                                    
a_ia   83   99                                                      0.00071441552541204540                                                    
om     22   36   78   91   36   22   78   91                        0.00734922650766023713                                                    
op     27   42   83   99   42   27   83   99                       -0.00274280447961793581                                                    
mvp2   25   37   75   93   37   25   75   93                       -0.00611078863907216219    0.24727020373558980526                          
a_ia   75   93                                                     -0.00107227202296788712                                                    
a_ia   94   95                                                     -0.24121708010486136997                                                    
mvp2   19   37   75   93   37   19   75   93                       -0.00515663981688030404   -0.15885442623193399281                          
a_ia   19   25                                                     -0.04339937534708124267                                                    
om     22   35   78  101   35   22   78  101                        0.00715630520133553414                                                    
om     22   35   78   92   35   22   78   92                        0.00815117595250550338                                                    
op     25   28   81   88   28   25   81   88                       -0.01533305533458231840                                                    
op     15   32   71   88   32   15   71   88                       -0.00876805708838434596                                                    
op     15   32   74   88   32   15   74   88                       -0.00487857071021187156                                                    
op     15   32   73   88   32   15   73   88                        0.00361706298081604241                                                    
a_ia   76   88                                                      0.00066114883306416796                                                    
a_ia   28   31                                                     -0.11648574410618933728                                                    
om     24   28   80   87   28   24   80   87                        0.00331223113670656502                                                    
a_ia   80   81                                                      0.32844897116204813114                                                    
om     25   32   71   88   32   25   71   88                       -0.01121051062659863574                                                    
op     15   32   81   88   32   15   81   88                       -0.00781868998925517103                                                    
a_ia   15   25                                                     -0.08484214545521537310                                                    
om     25   32   81   85   32   25   81   85                        0.00306878719787645948                                                    
a_ia   85   88                                                      0.21196957573312716350                                                    
a_ia   29   37                                                     -0.22209619964421517535                                                    
mvp2   25   29   81   88   29   25   81   88                        0.00910221373682589506   -0.13648830539764300607                          
mvp2   24   37   75   93   37   24   75   93                       -0.00428500163489502900    0.11679121344080958811                          
om     24   36   80   92   36   24   80   92                       -0.00549417818321931359                                                    
a_ia   80   92                                                      0.00047861743379762432                                                    
a_ia   24   36                                                      0.00101988176601491105                                                    
mvp2   24   36   78   92   36   24   78   92                        0.00666616126178392991    0.31032146059365889323                          
mvp2   24   36   78  101   36   24   78  101                        0.00492084982011424445   -0.07986555229542684209                          
mvp2   25   32   81   84   32   25   81   84                       -0.01147000551979603621    0.08414573550726581197                          
op     23   29   79   87   29   23   79   87                       -0.00823384517716738498                                                    
a_ia   28   30                                                     -0.16372080437965075284                                                    
a_ia   75   88                                                      0.00128414126083288625                                                    
op     21   45   78  101   45   21   78  101                       -0.00824016392319499441                                                    
a_ia   21   45                                                     -0.00217052392284674536                                                    
op     21   45   78   91   45   21   78   91                        0.00550488294531241689                                                    
op     21   35   78   91   35   21   78   91                       -0.00920067433237721326                                                    
a_ia   21   35                                                      0.00451467577802021867                                                    
om     21   35   78  101   35   21   78  101                        0.00623003379525736544                                                    
om     22   45   77  101   45   22   77  101                       -0.00781264694073328936                                                    
a_ia   77  101                                                     -0.00231653172825356827                                                    
om     21   35   77   91   35   21   77   91                       -0.00947436187603055424                                                    
a_ia   77   91                                                      0.00435348991893945610                                                    
op     21   45   77  101   45   21   77  101                       -0.00601769063214554166                                                    
a_ia   78   80                                                     -0.18128009915859841228                                                    
a_ia   22   31                                                      0.00151959049025008914                                                    
op     22   35   77   91   35   22   77   91                       -0.00888243742193847718                                                    
mvp2   22   35   77  101   35   22   77  101                        0.00550582058538594526   -0.06671291609308603598                          
om     22   45   77   91   45   22   77   91                        0.00595836734903973462                                                    
om     21   45   77   91   45   21   77   91                        0.00455213109460049937                                                    
mvp2   21   35   77  101   35   21   77  101                        0.00443710610444645725    0.08855725101428491008                          
a_ia   33   38                                                      0.15695453908683804078                                                    
om     24   33   80   89   33   24   80   89                       -0.00609313290183808361                                                    
mvp2   22   45   75  101   45   22   75  101                        0.00445652584913375401   -0.14832206838546482808                          
om     22   35   75   91   35   22   75   91                        0.00652472539650869078                                                    
a_ia   75   91                                                     -0.00166731078967665152                                                    
mvp2   21   35   75   91   35   21   75   91                        0.00545573454354169977   -0.24254737304871476500                          
op     19   35   75   91   35   19   75   91                       -0.00805999522766567486                                                    
a_ia   19   35                                                     -0.00261693334623171094                                                    
op     19   45   75  101   45   19   75  101                       -0.00364563757282410864                                                    
om     19   35   78   91   35   19   78   91                        0.00675310065615488536                                                    
mvp2   19   45   78  101   45   19   78  101                        0.00499570882793381327    0.13024541338800155188                          
op     19   35   77   91   35   19   77   91                        0.00543763245759306974                                                    
a_ia   89   94                                                      0.12784454683809071129                                                    
op     24   43   80   99   43   24   80   99                       -0.00414268484267138644                                                    
a_ia   95   99                                                      0.31812041829371912049                                                    
a_ia   83   90                                                     -0.00132339985337753211                                                    
mvp2   27   43   83   95   43   27   83   95                       -0.00494260369065540987    0.06812883656756943407                          
a_ia   27   34                                                     -0.00145402823930159070                                                    
op     21   33   77   89   33   21   77   89                       -0.00638881111249767382                                                    
mvp2   24   36   80   99   36   24   80   99                        0.00303537886320088711   -0.15788151852057885627                          
a_ia   92   94                                                     -0.18550744694439827431                                                    
mvp2   27   39   83   95   39   27   83   95                       -0.00552664786071968474   -0.51845670784625019767                          
mvp2   27   39   83   96   39   27   83   96                        0.00527801555757617322    0.23070488944633169015                          
om     24   43   80   92   43   24   80   92                        0.00286719682431100988                                                    
om     25   32   73   88   32   25   73   88                        0.00481748767321560096                                                    
om     24   42   80   98   42   24   80   98                       -0.00426835799928904427                                                    
a_ia   80   83                                                     -0.11711929955881483778                                                    
a_ia   24   42                                                      0.00067075598410939953                                                    
op     24   46   80  102   46   24   80  102                       -0.00402164134660893888                                                    
a_ia   24   46                                                     -0.00039745132591982417                                                    
op     24   47   80  103   47   24   80  103                       -0.00299550307668892566                                                    
op     24   41   80   97   41   24   80   97                       -0.00227933078025840561                                                    
op     24   51   80  107   51   24   80  107                       -0.00300279436629738222                                                    
op     24   48   80  104   48   24   80  104                       -0.00273784783327486216                                                    
op     24   49   80  105   49   24   80  105                       -0.00261299635747570163                                                    
op     24   50   80  106   50   24   80  106                       -0.00164393775289971679                                                    
a_ia   27   46                                                      0.00069449122446123442                                                    
op     24   44   80  100   44   24   80  100                       -0.00168200145731567255                                                    
op     24   49   80  100   49   24   80  100                        0.00093395157519405214                                                    
om     19   45   77  101   45   19   77  101                        0.00278393792917238769                                                    
a_ia   78   87                                                      0.00223831008176800456                                                    
om     25   32   74   88   32   25   74   88                       -0.00618096612910031852                                                    
a_ia   73   81                                                      0.05204691020505345517                                                    
op     24   48   80  103   48   24   80  103                       -0.00138631076852521588                                                    
op     24   47   80  104   47   24   80  104                       -0.00146194261046076021                                                    
a_ia   80  104                                                      0.00047210420473277104                                                    
op     18   32   71   88   32   18   71   88                       -0.00429221957452234799                                                    
a_ia   25   26                                                     -0.04170193856871832333                                                    
op     15   32   68   88   32   15   68   88                        0.00527464940975620397                                                    
op     25   32   68   88   32   25   68   88                        0.00684315005718951624                                                    
a_ia   68   88                                                     -0.00066688877298019822                                                    
op      6   32   62   88   32    6   62   88                       -0.00676190274587035699                                                    
a_ia   62   88                                                     -0.00114570996201000786                                                    
a_ia    6   32                                                     -0.00087882781567548700                                                    
op     11   32   67   88   32   11   67   88                       -0.00300330634203097068                                                    
op      8   32   64   88   32    8   64   88                       -0.00390780481285948542                                                    
a_ia   64   88                                                     -0.00005588744425770160                                                    
a_ia    8   32                                                      0.00050406359804328776                                                    
op      4   32   60   88   32    4   60   88                       -0.00547102675307506708                                                    
op      2   32   60   88   32    2   60   88                        0.00313695895099294500                                                    
a_ia   60   88                                                      0.00043886497827074937                                                    
op      4   32   62   88   32    4   62   88                        0.00544474936115864512                                                    
op      8   32   62   88   32    8   62   88                        0.00482942837058194900                                                    
om      6   32   60   88   32    6   60   88                        0.00543696940406772269                                                    
om      6   32   64   88   32    6   64   88                        0.00421313840320696950                                                    
op      4   32   64   88   32    4   64   88                       -0.00273804315776121068                                                    
om      4   32   58   88   32    4   58   88                        0.00311806856669445990                                                    
op      2   32   58   88   32    2   58   88                       -0.00235259314226402873                                                    
op      8   32   60   88   32    8   60   88                       -0.00313338169817089932                                                    
a_ia   23   29                                                     -0.00091260800426013595                                                    
a_ia   21   33                                                      0.00075263307080315474                                                    
a_ia   21   31                                                      0.00072177456289852792                                                    
a_ia   24   48                                                      0.00044547461206124035                                                    
op     16   31   72   87   31   16   72   87                       -0.01039214569903554666                                                    
a_ia   72   87                                                     -0.00075388242501214417                                                    
om     16   31   78   87   31   16   78   87                        0.00472545801939747243                                                    
a_ia   72   84                                                      0.00042276011229269576                                                    
a_ia   16   31                                                     -0.00011899159172967310                                                    
a_ia   81   87                                                      0.00145585871607701841                                                    
a_ia   73   84                                                     -0.00080731798086764708                                                    
a_ia   74   84                                                      0.00148816979088572661                                                    
op     16   51   72  107   51   16   72  107                       -0.01205798936258658041                                                    
op     22   51   72  107   51   22   72  107                        0.00488937971284920947                                                    
op     16   51   80  107   51   16   80  107                       -0.00442486560033894961                                                    
op     24   51   72  107   51   24   72  107                       -0.00557579574574956077                                                    
a_ia   72   80                                                      0.12829391060666550661                                                    
op     16   33   72   89   33   16   72   89                       -0.00838625414047988911                                                    
a_ia   78   81                                                      0.08963244575537487879                                                    
a_ia   84   87                                                     -0.09268506857193539727                                                    
op     16   35   72   91   35   16   72   91                       -0.00649630386478063700                                                    
a_ia   16   35                                                      0.00258647283683399818                                                    
a_ia   72   91                                                      0.00227294520625502365                                                    
op     16   35   77   91   35   16   77   91                       -0.00518683795287370065                                                    
op     16   51   78  107   51   16   78  107                        0.00519311727271494494                                                    
op     19   51   72  107   51   19   72  107                       -0.00351208149800615477                                                    
op     22   51   78  107   51   22   78  107                       -0.00255462063238528787                                                    
op     19   51   78  107   51   19   78  107                        0.00155624201687485676                                                    
op     24   51   78  107   51   24   78  107                        0.00240209622951255419                                                    
a_ia   16   24                                                      0.12816669449450537877                                                    
mvp2   16   36   78   92   36   16   78   92                        0.00449020444207176746    0.26807102548444738943                          
op      8   51   72  107   51    8   72  107                        0.00798439365694803352                                                    
op      8   51   75  107   51    8   75  107                        0.00216968121590327759                                                    
op     23   51   72  107   51   23   72  107                        0.00059523161825248186                                                    
a_ia    8   28                                                     -0.00244026582393292758                                                    
a_ia    8   45                                                     -0.00093928191118047247                                                    
op      8   51   80  107   51    8   80  107                        0.00432591447115347316                                                    
op      8   51   78  107   51    8   78  107                       -0.00353846267242336528                                                    
op      8   35   78   91   35    8   78   91                        0.00626027071277381400                                                    
op      8   51   64  107   51    8   64  107                       -0.00848257946421081613                                                    
op     16   51   64  107   51   16   64  107                        0.00925112973044775466                                                    
op     16   51   75  107   51   16   75  107                       -0.00275972488930403131                                                    
a_ia    8   37                                                     -0.00124278078155952432                                                    
op     24   51   64  107   51   24   64  107                        0.00649037035358154824                                                    
a_ia   64   93                                                     -0.00092335350354561950                                                    
op     22   51   64  107   51   22   64  107                       -0.00410315510919066328                                                    
a_ia   64  101                                                     -0.00085156559842487051                                                    
op     22   51   80  107   51   22   80  107                        0.00188328753101470832                                                    
op     24   51   75  107   51   24   75  107                       -0.00215351328215625856                                                    
a_ia   64   80                                                     -0.16544832472274864643                                                    
a_ia   16   45                                                     -0.00082363643667820953                                                    
op     19   51   64  107   51   19   64  107                        0.00293219317268231120                                                    
op     19   51   80  107   51   19   80  107                       -0.00281721664715123277                                                    
a_ia   77   92                                                     -0.00100220010503227082                                                    
op      8   35   64   91   35    8   64   91                       -0.00759454574734368375                                                    
op      8   30   64   86   30    8   64   86                       -0.00513612518448412856                                                    
a_ia    8   30                                                      0.00073760009503934633                                                    
op      8   33   64   89   33    8   64   89                       -0.00745971458271357194                                                    
om      8   36   64   92   36    8   64   92                       -0.00462477682629059295                                                    
a_ia   64   89                                                     -0.00050349017744297014                                                    
a_ia   19   33                                                     -0.00239671232755196998                                                    
om      8   34   64   90   34    8   64   90                       -0.00870942241817159596                                                    
a_ia    8   34                                                      0.00004819067067142370                                                    
om     16   51   72   87   51   16   72   87                       -0.00787850780726837528                                                    
a_ia   80  107                                                     -0.00044650620615875668                                                    
op     16   31   72  107   31   16   72  107                       -0.00352126246632809359                                                    
om     16   51   81  107   51   16   81  107                        0.00269285382955100887                                                    
a_ia   72   81                                                     -0.06721417691345558942                                                    
op     16   51   74  107   51   16   74  107                        0.00389638679754709776                                                    
a_ia   31   51                                                     -0.22466298272686788251                                                    
a_ia   81   93                                                     -0.00208677496118639264                                                    
op      8   42   64   98   42    8   64   98                       -0.00316939747557907310                                                    
om     24   51   74  107   51   24   74  107                        0.00259189826834461609                                                    
a_ia   75   80                                                     -0.11224123325050169853                                                    
op     16   51   68  107   51   16   68  107                        0.00332811857390515704                                                    
mvp2   24   31   72   87   31   24   72   87                       -0.00595610766234082496    0.21276338317044549142                          
om     24   51   72   87   51   24   72   87                       -0.00345108310270548146                                                    
a_ia   93  101                                                     -0.04875114168804059456                                                    
om     24   51   68  107   51   24   68  107                        0.00217481292654027455                                                    
a_ia   16   23                                                     -0.14282536653362715162                                                    
mvp2    8   34   78  101   34    8   78  101                        0.00685079111932413495    0.17296210747878779102                          
op      8   34   77  101   34    8   77  101                        0.00441196750046184832                                                    
op      8   34   78   92   34    8   78   92                        0.00462520470508978251                                                    
a_ia   21   34                                                      0.00238668885852474271                                                    
om     16   31   68   87   31   16   68   87                        0.00557376607670049488                                                    
om     16   51   68   87   51   16   68   87                        0.00263110307971708502                                                    
mvp2    8   30   78  101   30    8   78  101                        0.00423433236332296410    0.11133147241505991776                          
a_ia   80   86                                                     -0.00110537577407274364                                                    
mvp2    8   33   78  101   33    8   78  101                        0.00354520482890124900    0.08862697070303887648                          
