op     10   14   34   38   14   10   34   38                       -0.00313465130334671885                                                    
op      9   14   33   38   14    9   33   38                       -0.00223535694686527713                                                    
op     10   13   34   37   13   10   34   37                       -0.00321210842120450441                                                    
op     10   22   34   46   22   10   34   46                       -0.07046599949970078214                                                    
op     10   18   34   46   18   10   34   46                       -0.01683290362002391738                                                    
op     10   22   34   42   22   10   34   42                        0.00328379911967363559                                                    
op     10   18   34   42   18   10   34   42                        0.00002772457956870152                                                    
op     10   17   34   46   17   10   34   46                        0.02485135478354286859                                                    
op     10   22   34   41   22   10   34   41                        0.00133610514525363874                                                    
op     10   18   34   41   18   10   34   41                        0.00043706844516790903                                                    
op     10   19   34   43   19   10   34   43                       -0.00411816224415929855                                                    
op     10   21   34   45   21   10   34   45                       -0.00032907064718625510                                                    
op     10   23   34   47   23   10   34   47                       -0.00629745854297839025                                                    
op     10   22   34   45   22   10   34   45                        0.00605460250020519418                                                    
op     10   22   34   43   22   10   34   43                       -0.00135812321000342451                                                    
op     10   21   34   46   21   10   34   46                        0.00954650895421553687                                                    
op     10   19   34   46   19   10   34   46                       -0.00238907642237350809                                                    
op      4   14   28   38   14    4   28   38                       -0.00255765912712934860                                                    
op      4   14   28   37   14    4   28   37                        0.00043917624489085006                                                    
op      4   13   28   37   13    4   28   37                       -0.00885109079047581571                                                    
a_ia   28   37                                                     -0.00588289421857871812                                                    
op      3   14   27   38   14    3   27   38                        0.06086751746376916489                                                    
op      3   14   27   37   14    3   27   37                        0.07389225682068302492                                                    
op      3   13   27   38   13    3   27   38                        0.00734010978375139629                                                    
op      3   13   27   37   13    3   27   37                       -0.01052256397077804689                                                    
op      4   12   28   36   12    4   28   36                       -0.02623367878054110036                                                    
om      4   17   28   41   17    4   28   41                       -0.00515847761237407405                                                    
om      4   21   28   45   21    4   28   45                       -0.04022847784578399005                                                    
op      4   19   28   43   19    4   28   43                       -0.01397309584616114250                                                    
mvp3   28   45   34   46   28   34   46   45   28   34   45   46   -0.08490520146411811853   -0.75987794930817154082    0.88592792051181334934
mvp2    4   22   28   45   22    4   28   45                       -0.01580471756821729551   -0.06567964418176625019                          
mvp2    4   22   28   46   22    4   28   46                       -0.00172097836429825407    0.02176185530124061934                          
op      5   13   29   37   13    5   29   37                       -0.00879727656114600437                                                    
mvp2    4   21   28   46   21    4   28   46                       -0.00413602285171495773   -0.09374951840075740339                          
mvp2    4   21   34   46   21    4   34   46                       -0.07039915122900711197   -0.71338618430081224275                          
op      4   16   28   40   16    4   28   40                       -0.00238170874651727916                                                    
op      4   18   28   42   18    4   28   42                       -0.00157580930199532725                                                    
om      4   18   28   43   18    4   28   43                       -0.00271339801052198530                                                    
op     10   20   34   44   20   10   34   44                       -0.00432402763718034780                                                    
op      4   16   28   41   16    4   28   41                       -0.00916490807034689089                                                    
op     10   20   34   42   20   10   34   42                       -0.00136128630039192289                                                    
mvp3   28   42   34   45   28   34   45   42   28   34   42   45   -0.01391064749011032206   -0.69281765994115596108   -0.17180657437575488911
mvp2   10   20   28   45   20   10   28   45                        0.01056516963709522305    0.15311599785955298803                          
a_ia   18   22                                                      0.73991958746449792983                                                    
op      9   15   33   39   15    9   33   39                       -0.00452588342035803622                                                    
op      0   13   24   37   13    0   24   37                       -0.00212611576191145540                                                    
op      0   12   24   36   12    0   24   36                       -0.00896984376704983155                                                    
op      0   14   24   38   14    0   24   38                       -0.00147050690171482206                                                    
op      2   13   26   37   13    2   26   37                       -0.00125144224831325035                                                    
op      0   12   29   36   12    0   29   36                       -0.00043172027880992845                                                    
a_ia    0   12                                                      0.00264421313849274708                                                    
mvp2    4   21   24   47   21    4   24   47                       -0.02474027132095727582    0.61879931041150781912                          
mvp2    4   21   24   43   21    4   24   43                       -0.01997356750517857715    0.43889808560654242076                          
op      4   19   24   41   19    4   24   41                       -0.00987559244760293636                                                    
mvp2    4   22   24   47   22    4   24   47                        0.00325435530295940627    0.26939209692044574496                          
mvp2    4   22   24   43   22    4   24   43                        0.00216954396585112338    0.12636028019556727608                          
mvp2    0   23   24   47   23    0   24   47                       -0.00628050397630922075   -0.44540987303029783151                          
mvp2    0   19   24   43   19    0   24   43                       -0.00850879404728922643   -0.58721785129206804932                          
a_ia   21   23                                                      0.17371112279370987119                                                    
mvp2    0   21   24   45   21    0   24   45                       -0.01470555300859204863    0.14544138789456564909                          
mvp2    0   23   24   43   23    0   24   43                       -0.00682466906200989050    0.00624250488795108274                          
mvp2    0   19   24   47   19    0   24   47                       -0.00520008101145817692   -0.07479753803842784099                          
op      0   17   24   41   17    0   24   41                       -0.00507015679020114511                                                    
a_ia   16   22                                                      0.03143142175938554161                                                    
op      8   17   32   41   17    8   32   41                       -0.00239850222571708852                                                    
op      9   19   33   43   19    9   33   43                       -0.00278855425980350331                                                    
op      8   15   32   39   15    8   32   39                       -0.00511247411865464480                                                    
op      4   23   24   45   23    4   24   45                       -0.01037692748827505514                                                    
om      0   22   24   46   22    0   24   46                       -0.00684760404280365925                                                    
om      5   12   29   36   12    5   29   36                       -0.00209054503532664099                                                    
mvp2    4   21   24   45   21    4   24   45                       -0.01513987852684811619    0.06557718573713290644                          
mvp2    4   21   24   42   21    4   24   42                       -0.00261658253550640322    0.06685345732189368340                          
mvp2    0   18   24   42   18    0   24   42                       -0.00195142455443936876    0.20880794549199555021                          
op      4   19   28   42   19    4   28   42                       -0.01178284442946716040                                                    
om      4   19   24   45   19    4   24   45                       -0.00966458102797513978                                                    
op      3   17   27   38   17    3   27   38                        0.00138821645268855987                                                    
op      2   14   26   37   14    2   26   37                       -0.00160400872449019752                                                    
mvp2    4   18   28   40   18    4   28   40                       -0.00034053789712015282    0.01966406455945175769                          
mvp2    4   21   24   36   21    4   24   36                       -0.01685096526679993878    0.46854220536522894758                          
a_ia   24   36                                                      0.00218507202703874855                                                    
mvp2    4   22   24   36   22    4   24   36                        0.00214545881124803949    0.14692060714975971325                          
op      3   12   27   38   12    3   27   38                        0.00158090413411991326                                                    
mvp2    0   21   24   36   21    0   24   36                        0.00762984563717578838    0.04101869141285179737                          
mvp2    4   21   28   36   21    4   28   36                        0.01469488454969701367   -0.44707375074907063084                          
om      4   18   28   36   18    4   28   36                       -0.00537544066781788128                                                    
mvp2    0   21   28   36   21    0   28   36                       -0.00997165561395987887   -0.18517975226639613040                          
om      4   19   28   36   19    4   28   36                       -0.01365321834144310811                                                    
a_ia   18   19                                                     -0.54896251378371641039                                                    
a_ia   40   42                                                      0.50114825901198778446                                                    
mvp2    4   16   28   42   16    4   28   42                        0.00292957328983439302    0.04698873008088925995                          
a_ia    4   16                                                      0.00105238841165685554                                                    
op      3   17   27   37   17    3   27   37                        0.00395750728552716514                                                    
a_ia   27   37                                                      0.00059508163507591429                                                    
mvp2    0   12   28   45   12    0   28   45                       -0.02547746823081932857   -0.23196020426670282966                          
mvp2    0   12   28   36   12    0   28   36                        0.01493571952704413411    0.16338137737551339246                          
mvp2    4   12   24   36   12    4   24   36                        0.00765445723181330459   -0.11667357179817997026                          
mvp2    0   12   28   46   12    0   28   46                       -0.00152331353822715955   -0.01226070156440452891                          
mvp2    4   12   24   45   12    4   24   45                       -0.00786478243550567217    0.13345827434241355758                          
mvp2    0   12   24   45   12    0   24   45                        0.00705555559198263807   -0.02220834638963391922                          
mvp2    4   23   28   47   23    4   28   47                       -0.00469176301338417034   -0.05207052343350118684                          
mvp2    4   12   28   45   12    4   28   45                        0.02398461819882376223    0.24511688702122108596                          
mvp2    0   20   24   36   20    0   24   36                       -0.00647402985484289793   -0.05835403942398532245                          
mvp2    8   20   28   45   20    8   28   45                       -0.03745987652457899442   -0.67349912434797021277                          
a_ia    4   20                                                     -0.00030072940461796876                                                    
a_ia    8   22                                                     -0.00235048971632615842                                                    
a_ia    0   21                                                      0.00185461931953134198                                                    
op      0   20   24   44   20    0   24   44                       -0.00671579096528683757                                                    
a_ia   24   44                                                     -0.00212854017014953156                                                    
mvp2    0   12   24   44   12    0   24   44                       -0.00576770698970265755    0.03328089026099535774                          
op      8   20   28   46   20    8   28   46                       -0.00349335492897919061                                                    
mvp2    8   20   32   44   20    8   32   44                       -0.01137422661765310344    0.60652436239947693508                          
a_ia   32   45                                                     -0.00009411524737705031                                                    
a_ia   44   46                                                      0.31983302466635410433                                                    
op      9   20   33   44   20    9   33   44                       -0.00532046110996268595                                                    
a_ia    4    9                                                      0.21667089701993338946                                                    
a_ia   32   46                                                     -0.00171078951346708840                                                    
a_ia   32   36                                                     -0.00558586559650953423                                                    
a_ia   44   45                                                     -0.03133210764273946375                                                    
mvp2    8   20   33   44   20    8   33   44                        0.01543795058511682541   -1.15253602293032497705                          
op      7   15   31   39   15    7   31   39                       -0.00248362417644990962                                                    
a_ia   45   46                                                      0.42648227614218514603                                                    
mvp2    4   22   28   38   22    4   28   38                       -0.00224854694146524575   -0.09436311289070116459                          
a_ia   28   33                                                      0.23671843255358443470                                                    
mvp2    4   13   28   38   13    4   28   38                        0.00408106398658637792    0.54505210811832993656                          
mvp2    4   13   28   45   13    4   28   45                        0.03207366398060219892    0.54601690699814942054                          
a_ia    4   13                                                     -0.00459368697408996888                                                    
a_ia   13   22                                                     -0.31925201881566833695                                                    
a_ia   45   47                                                      0.11870685277756501397                                                    
mvp2    4   13   28   41   13    4   28   41                        0.01271736060411683515   -0.22009907993087504674                          
mvp2    4   13   28   46   13    4   28   46                        0.01658182740286075207    0.08533780635144597171                          
a_ia    8   12                                                     -0.00425461006150405167                                                    
a_ia    8   21                                                      0.00067965301625433968                                                    
mvp2    9   20   24   47   20    9   24   47                        0.00761655438404801755    0.73152661428114185149                          
mvp2    0   20   24   47   20    0   24   47                       -0.00659960024226875427   -0.26298049224619307607                          
mvp2    4   21   29   45   21    4   29   45                        0.00200107475663910146   -0.04820740580739468761                          
a_ia   28   29                                                      0.33273576265247839512                                                    
mvp2    4   21   28   38   21    4   28   38                        0.00097272863104705908   -0.11568430945425767220                          
a_ia   28   38                                                      0.00208560963910079007                                                    
mvp2    4   21   28   37   21    4   28   37                        0.00425854860400179131   -0.18134969341471163240                          
a_ia   38   46                                                     -0.20852447462841014469                                                    
a_ia   21   22                                                      0.23030232965424005109                                                    
mvp2    4   14   28   46   14    4   28   46                       -0.00155181586792432617   -0.05864596117184345259                          
mvp2    4   14   28   41   14    4   28   41                       -0.00504744727141031614   -0.17105327930219799137                          
a_ia   43   46                                                     -0.17851248074592773740                                                    
mvp2    4   14   28   45   14    4   28   45                        0.00154713278149972377    0.12689112041374206452                          
a_ia    4   14                                                      0.00340761434167958545                                                    
mvp2    5   21   28   45   21    5   28   45                        0.00164301227825255480    0.07487791320052969435                          
mvp3   28   45   31   46   28   31   46   45   28   31   45   46    0.00854360290401083924   -0.33831294160808000893    0.36216704788989506625
a_ia   28   31                                                      0.08013684616280399020                                                    
mvp3   28   45   30   46   28   30   46   45   28   30   45   46   -0.00491385819646908764    0.19895335053409307635   -0.22289633970984207290
op      3   15   27   39   15    3   27   39                       -0.00474467324499764677                                                    
a_ia    4    5                                                      0.43629369844772925013                                                    
mvp2    0   13   24   47   13    0   24   47                        0.00353724576707090815    0.38524946198153642296                          
a_ia    9   13                                                      0.00175437315895565988                                                    
a_ia   28   30                                                     -0.17694498535826613805                                                    
mvp2    3   21   28   45   21    3   28   45                        0.00303698837575586741    0.10351019553589156652                          
a_ia   29   33                                                     -0.83816046010974143421                                                    
a_ia   37   43                                                      0.05228737799653278284                                                    
mvp2    4   21   27   45   21    4   27   45                        0.00431119017434863569   -0.13646474470813005353                          
a_ia   27   28                                                      0.04822112361521186524                                                    
a_ia    4    7                                                      0.05808348712492446275                                                    
a_ia   14   22                                                     -0.22983099962418479523                                                    
mvp2    5   20   29   44   20    5   29   44                       -0.00211433904148437693   -0.08551855896984765504                          
a_ia    5   20                                                     -0.00101638525611289377                                                    
a_ia   29   44                                                     -0.00170049985913806956                                                    
mvp2    5   20   33   38   20    5   33   38                       -0.00139859663683000171    0.02604398107752018549                          
a_ia   22   23                                                     -0.13888521678319937225                                                    
mvp2    4   22   28   41   22    4   28   41                       -0.00894217484280419167   -0.14482290584118415189                          
mvp3    4   21    7   22    4    7   22   21    4    7   21   22    0.00503450019416817798   -0.40946861800726774838    0.06942758838067894511
mvp2    4   22   28   46   22    4   28   46                       -0.00968312620110907754   -0.23494311171129950155                          
a_ia   14   23                                                     -0.04729634047690058074                                                    
mvp2    9   14   33   38   14    9   33   38                        0.00313725548837269757   -0.13900012956157908883                          
a_ia    5    9                                                     -0.56751606152005495964                                                    
a_ia    9   20                                                      0.00017689505475318478                                                    
a_ia   29   47                                                      0.00042850940168080980                                                    
op      2   15   26   39   15    2   26   39                       -0.00274067812106752566                                                    
mvp3    4   21    6   22    4    6   22   21    4    6   21   22   -0.00617910974251961211    0.57141112729838949846   -0.10075889482334565717
om      3   14   27   38   14    3   27   38                       -0.06686149937324493975                                                    
a_ia   38   46                                                     -0.55631629615094757568                                                    
a_ia   28   38                                                      0.00788422714179386371                                                    
a_ia   27   46                                                      0.00394345295034358514                                                    
a_ia   38   41                                                     -0.00163063016838224293                                                    
op      3   14   27   37   14    3   27   37                       -0.08512360142010683139                                                    
a_ia   37   46                                                     -0.30068064197344923638                                                    
mvp2    3   22   27   46   22    3   27   46                       -0.01667325085872424506    0.84443420204717689614                          
a_ia    3   22                                                      0.01237105407478445926                                                    
a_ia   14   22                                                     -0.67079225337217951441                                                    
a_ia    4    6                                                     -0.20588344330253124936                                                    
a_ia    5    9                                                     -0.27926723549732923590                                                    
a_ia   31   35                                                     -0.67132747614074728126                                                    
a_ia   28   38                                                     -0.00539210260860936534                                                    
om      3   13   27   38   13    3   27   38                       -0.01745314060290596714                                                    
a_ia   44   47                                                     -0.09041874813376260533                                                    
mvp2    5   20   33   43   20    5   33   43                        0.00083377009159308485    0.11820415578718661276                          
a_ia   32   47                                                     -0.00025589544419777255                                                    
op      3   16   27   38   16    3   27   38                       -0.00719418189540913834                                                    
a_ia   16   20                                                      0.26830735966731245057                                                    
om      3   16   27   37   16    3   27   37                       -0.00699040270221205906                                                    
a_ia    3   16                                                      0.00089592786854031468                                                    
op      3   16   27   40   16    3   27   40                       -0.01347178443506414497                                                    
mvp2    5   16   29   40   16    5   29   40                       -0.00243282209698129307    0.10222472486274754300                          
a_ia   29   40                                                      0.00049191322075304146                                                    
a_ia   40   44                                                      0.68967222749541612359                                                    
op      3   14   27   40   14    3   27   40                       -0.01391016720850916238                                                    
om      3   13   27   40   13    3   27   40                       -0.00818090971284647986                                                    
a_ia   27   40                                                      0.00120845355412851387                                                    
a_ia   13   14                                                     -0.16014330644657542857                                                    
om      3   20   27   40   20    3   27   40                       -0.00211182119300200311                                                    
op      9   14   33   38   14    9   33   38                       -0.01096489519275795944                                                    
a_ia    9   14                                                      0.00319663122010557018                                                    
a_ia    8   10                                                      0.18066944586679017926                                                    
mvp2    9   13   33   38   13    9   33   38                        0.00658381846474706198   -0.49825204977816095475                          
a_ia   14   20                                                     -0.14238801228633654605                                                    
a_ia   16   20                                                      0.36602600000920221257                                                    
a_ia   14   16                                                      0.14495329786432603614                                                    
om      3   14   27   44   14    3   27   44                       -0.01544313647563361550                                                    
mvp2    0   19   32   42   19    0   32   42                       -0.00087457040069888246   -0.00939116531594441292                          
a_ia   36   42                                                      0.16901777581697852160                                                    
a_ia   32   42                                                      0.00105058756199366489                                                    
mvp2    5   19   24   47   19    5   24   47                       -0.00276289613729291872   -0.28153623470764405079                          
mvp2    8   19   24   47   19    8   24   47                        0.00340287085785508005    0.41322062069101761494                          
a_ia    5   19                                                      0.00152333504343327478                                                    
om      3   16   27   42   16    3   27   42                       -0.00887746182077874674                                                    
a_ia   29   42                                                      0.00118623589238135534                                                    
op      3   14   27   42   14    3   27   42                       -0.00975806212251935715                                                    
a_ia   32   34                                                      0.20807836312793404066                                                    
mvp2    5   16   29   42   16    5   29   42                        0.00201080424525333255   -0.18606521381842131002                          
a_ia    0    8                                                      0.11047407868497473304                                                    
mvp2    4   21   28   41   21    4   28   41                       -0.00528587462581357748    0.00712582492472901407                          
a_ia    6   11                                                      0.40001394817200219833                                                    
om      3   13   27   42   13    3   27   42                       -0.00878229436249409676                                                    
op      3   13   27   44   13    3   27   44                       -0.01340846804365808907                                                    
mvp2    4   17   28   37   17    4   28   37                        0.00692046931012372125    0.24251223381463271611                          
a_ia    7   17                                                      0.00080106293908098610                                                    
mvp2    4   17   28   40   17    4   28   40                       -0.00681265350792130582   -0.39827854646077687217                          
a_ia   37   45                                                      0.49934474968064257450                                                    
a_ia   40   41                                                     -0.64209764415487269318                                                    
mvp2    4   17   28   41   17    4   28   41                       -0.01716510257756159383   -0.28544447663808736326                          
om      4   17   28   45   17    4   28   45                       -0.01002728335136276322                                                    
a_ia   43   44                                                      0.38560513943807273041                                                    
a_ia   40   46                                                     -0.19946101849672162598                                                    
a_ia   35   38                                                      0.00231962595413324948                                                    
a_ia   38   44                                                     -0.41580921766932799066                                                    
a_ia   32   34                                                      0.10427236977899709269                                                    
a_ia   33   35                                                      0.03353537335378375950                                                    
mvp2    9   20   33   43   20    9   33   43                       -0.00269339010825623247    0.15211647220621704601                          
om      4   17   28   46   17    4   28   46                       -0.00225782074465105372                                                    
mvp2    9   22   28   46   22    9   28   46                        0.00336505368502205710    0.36103302049010088659                          
a_ia    9   22                                                      0.00125487920604314303                                                    
mvp2    9   17   28   45   17    9   28   45                        0.00453372480287722937    0.21534526518739877110                          
op      4   17   28   43   17    4   28   43                       -0.00499240969042550817                                                    
a_ia   28   43                                                      0.00200081141509936668                                                    
a_ia   20   23                                                     -0.25081645478200487176                                                    
a_ia    0    8                                                      0.08048337307708970656                                                    
a_ia   37   45                                                      0.12525207854625358683                                                    
mvp2    4   17   28   38   17    4   28   38                       -0.00850275765669224713   -0.05152145783821659303                          
a_ia   37   43                                                      0.28427500628956747786                                                    
a_ia   43   45                                                     -0.18612777789632373171                                                    
a_ia   30   43                                                     -0.00084793952555311657                                                    
mvp2    4   22   33   46   22    4   33   46                        0.00367334415610418713   -0.21969125174050108118                          
a_ia   33   46                                                     -0.00100222535503354231                                                    
op      9   17   28   38   17    9   28   38                        0.00413379441578843113                                                    
mvp2    9   22   33   46   22    9   33   46                       -0.00301327190022338508    0.19611724168617392094                          
mvp2    5   23   29   47   23    5   29   47                       -0.00227517881140484098    0.11591149857381388699                          
mvp2    0   23   24   47   23    0   24   47                       -0.00445157789712853549   -0.13164896156596478383                          
a_ia    0   23                                                     -0.00087046734058360644                                                    
a_ia    8   23                                                     -0.00127502899135832105                                                    
op      0   17   28   43   17    0   28   43                       -0.00553438914397265998                                                    
a_ia   30   38                                                      0.00184436876416590578                                                    
om      0   17   28   41   17    0   28   41                       -0.00384103998226776981                                                    
a_ia    0   17                                                     -0.00071345268513060204                                                    
om      0   17   28   42   17    0   28   42                       -0.00423401035122832579                                                    
a_ia   40   42                                                     -0.31902469939805688792                                                    
a_ia   28   42                                                      0.00167767643621011373                                                    
a_ia   41   43                                                      0.10751191346279140304                                                    
op      3   17   27   40   17    3   27   40                        0.00573405007250649482                                                    
a_ia   27   35                                                     -0.33522118189001598454                                                    
a_ia    0    4                                                     -0.03260092517341529189                                                    
om      3   17   27   42   17    3   27   42                        0.00311371610775958195                                                    
a_ia   35   40                                                      0.00054744421961071895                                                    
a_ia   28   31                                                     -0.14150385881044888481                                                    
a_ia    3    4                                                      0.13218853961893578530                                                    
mvp2    3   22   28   46   22    3   28   46                       -0.00460595378865798211   -0.24485875544662907832                          
a_ia    0   22                                                     -0.00059793670883896265                                                    
a_ia    3   22                                                     -0.00599577544566132128                                                    
a_ia   30   33                                                      0.64473256769969145008                                                    
a_ia   38   45                                                     -0.15637723926915125805                                                    
a_ia   30   38                                                     -0.00003873030082093102                                                    
a_ia   30   41                                                      0.00027880782113278509                                                    
a_ia    0    3                                                      0.11024697648116595083                                                    
a_ia   41   46                                                      0.17450266366878014468                                                    
a_ia   29   36                                                      0.00463813908049667128                                                    
a_ia   29   34                                                      0.20864623988204078486                                                    
a_ia   29   32                                                      0.02703934914665021699                                                    
mvp2    4   17   24   43   17    4   24   43                       -0.00524101053325237796   -0.12018102770475064256                          
a_ia   24   27                                                      0.12757480891183015093                                                    
a_ia   33   46                                                      0.00151479657379815363                                                    
mvp2    4   17   24   42   17    4   24   42                       -0.00339585347932343283   -0.05266235230353045332                          
a_ia   31   43                                                      0.00078601986583272604                                                    
op      1   15   25   39   15    1   25   39                       -0.00167741466005273286                                                    
