op     12   15   40   43   15   12   40   43                       -0.01989980776938987672                                                    
op     11   16   39   44   16   11   39   44                       -0.01476974597213253498                                                    
op     11   16   40   44   16   11   40   44                        0.00036604360200643584                                                    
a_ia   11   16                                                     -0.00148736683903324170                                                    
a_ia   39   44                                                      0.00018011037984395315                                                    
op      5   16   33   44   16    5   33   44                       -0.00854499931954625855                                                    
op      5   20   33   48   20    5   33   48                       -0.02039526053081064383                                                    
op     10   16   38   44   16   10   38   44                       -0.00904454165767703405                                                    
op      5   20   33   44   20    5   33   44                       -0.00528314117520833817                                                    
op      5   15   33   43   15    5   33   43                       -0.00784350347512278480                                                    
a_ia   33   43                                                      0.00332606765049362407                                                    
a_ia    5   15                                                      0.00543555513488829661                                                    
op      5   19   33   47   19    5   33   47                       -0.00119753156822223093                                                    
op      5   21   33   49   21    5   33   49                       -0.00392144578201435515                                                    
op      5   22   33   50   22    5   33   50                       -0.00309052685054979608                                                    
op      5   26   33   54   26    5   33   54                       -0.00372055214740996598                                                    
op      5   25   33   54   25    5   33   54                       -0.05868904720107830097                                                    
op      5   25   33   53   25    5   33   53                       -0.00226708875838623966                                                    
op      5   26   33   53   26    5   33   53                        0.00109183396123853403                                                    
op      4   15   32   43   15    4   32   43                       -0.01065285451808108304                                                    
a_ia   32   43                                                     -0.00660090770815491192                                                    
a_ia    4   15                                                     -0.00440539797416807100                                                    
op      7   15   35   43   15    7   35   43                        0.00099508417017235410                                                    
a_ia    4   16                                                     -0.00089952562790689616                                                    
op      4   19   32   47   19    4   32   47                       -0.01020161560140594656                                                    
a_ia    4   19                                                      0.00007798531639896221                                                    
op      4   21   32   49   21    4   32   49                       -0.01336227446899755644                                                    
op      4   14   32   42   14    4   32   42                       -0.01669167872436135708                                                    
op      4   21   35   49   21    4   35   49                        0.00530989467000286645                                                    
a_ia   32   42                                                     -0.00605817842343385482                                                    
op      7   21   35   49   21    7   35   49                       -0.00295126704618828544                                                    
a_ia    4   14                                                      0.00182353266561154710                                                    
op      7   21   32   49   21    7   32   49                        0.01180877886891557038                                                    
a_ia   32   49                                                      0.00077566012230766395                                                    
op      9   15   37   43   15    9   37   43                       -0.00862478355402439278                                                    
op     10   19   38   47   19   10   38   47                       -0.00137506243661724174                                                    
op     10   21   38   49   21   10   38   49                       -0.00306631597184146365                                                    
a_ia   35   49                                                      0.00160354371258129283                                                    
op     10   21   38   47   21   10   38   47                        0.00025058176688266750                                                    
op      7   22   35   50   22    7   35   50                       -0.00623878018906517864                                                    
op      7   22   38   50   22    7   38   50                       -0.00332212945873850297                                                    
op     10   22   38   50   22   10   38   50                       -0.00714165588981166208                                                    
op     10   22   35   50   22   10   35   50                       -0.00450048008743445405                                                    
op     11   17   39   45   17   11   39   45                       -0.00509562143347560247                                                    
op      7   14   35   42   14    7   35   42                       -0.00779464170806380436                                                    
a_ia    7   14                                                     -0.00048953209047401911                                                    
op     10   22   40   50   22   10   40   50                       -0.00040276824148776107                                                    
op      4   22   32   50   22    4   32   50                       -0.00451364735247314700                                                    
op      5   26   33   44   26    5   33   44                       -0.00920759326052876872                                                    
op      4   25   32   53   25    4   32   53                       -0.07590142388337679791                                                    
mvp2    5   25   32   53   25    5   32   53                       -0.01823834062687049173    1.41225616493013284014                          
op     12   22   38   50   22   12   38   50                        0.00068340032839325445                                                    
op      4   25   35   53   25    4   35   53                        0.00314166644800099523                                                    
mvp2    4   25   33   53   25    4   33   53                       -0.00128044903957109739   -0.02748738576917357512                          
a_ia   33   39                                                     -0.21806694881613475356                                                    
om      4   25   33   54   25    4   33   54                       -0.03690536405522173991                                                    
op      5   20   32   48   20    5   32   48                       -0.00612056026547971952                                                    
a_ia    5   11                                                     -0.20001997418617448177                                                    
mvp2    7   25   32   53   25    7   32   53                        0.02290308972256784037    0.16800811324395048540                          
mvp2    7   25   35   53   25    7   35   53                       -0.00167665644051765588    0.22453463155118275063                          
mvp2   10   22   32   53   22   10   32   53                        0.02639751543258759409    0.23537660935395177120                          
mvp2   10   20   32   53   20   10   32   53                       -0.00337176777172626613   -0.04488677767305713356                          
op      7   24   35   52   24    7   35   52                       -0.00396433182909805299                                                    
mvp2   10   25   32   53   25   10   32   53                       -0.01845057323169750629   -0.15002247193941875558                          
op      4   20   33   48   20    4   33   48                       -0.01143599497522200352                                                    
op     11   24   39   52   24   11   39   52                       -0.00677833119122431965                                                    
a_ia   44   51                                                     -0.18092401127597129706                                                    
mvp2   32   50   38   53   32   38   50   53                       -0.02511924082632133876   -0.24436622866479307259                          
mvp2    7   22   32   53   22    7   32   53                        0.01426608287571450549    0.21507987248273530145                          
mvp2   10   21   32   53   21   10   32   53                       -0.01410443576006433289   -0.16453422240775994467                          
mvp2   32   49   38   53   32   38   49   53                        0.02190858563869316905    0.25808933450723570147                          
a_ia   32   38                                                      0.08484839036711913640                                                    
op     10   24   38   52   24   10   38   52                       -0.00335757121177338589                                                    
mvp2   10   24   33   54   24   10   33   54                        0.01804437387337952739    0.75601933140533261746                          
mvp2   33   52   38   54   33   38   52   54                       -0.00861790639495116015   -0.48781210648919320905                          
a_ia   33   38                                                      0.21087021679322917600                                                    
mvp2    7   21   32   53   21    7   32   53                       -0.02947331848642369481   -0.27174028873663347294                          
a_ia   52   54                                                      0.25639471005421099470                                                    
mvp2    7   24   32   53   24    7   32   53                        0.02235689992275129157    0.26955329186232918071                          
mvp2   10   20   38   48   20   10   38   48                       -0.00214884255115128757    1.04531626176076275492                          
mvp2    7   21   32   42   21    7   32   42                        0.00651423185467866692   -0.05338733233376709991                          
mvp2    4   25   35   52   25    4   35   52                        0.01232223984701501067   -0.27094803626722446799                          
a_ia   20   22                                                      0.51199220879916063076                                                    
mvp2    4   25   39   54   25    4   39   54                        0.01579398227206800509   -0.18754175279274412635                          
a_ia   35   54                                                     -0.00081157980194193906                                                    
mvp3   32   50   35   53   32   35   53   50   32   35   50   53   -0.02035958963344508543   -0.45838573928703119087   -0.27041695238409446667
mvp2    7   21   35   42   21    7   35   42                       -0.00431381925228247268    0.05599046977040840478                          
mvp2    7   14   35   49   14    7   35   49                        0.00063154134555344263    1.01368072403101905365                          
mvp2    4   25   33   44   25    4   33   44                       -0.01972689607704707082    0.72121887450864896607                          
mvp2    4   25   39   44   25    4   39   44                        0.00488096595843397294    0.06989214534875171081                          
mvp3    4   25    5   26    4    5   26   25    4    5   25   26   -0.01598556836146548810    0.73606902707857524426    0.37544341721059182326
mvp2    5   25   33   44   25    5   33   44                       -0.00498883274564627770    0.23227182787866823555                          
op      5   25   39   44   25    5   39   44                        0.00202213495005765416                                                    
op     10   22   38   48   22   10   38   48                        0.00076714248159928645                                                    
mvp3   32   49   35   53   32   35   53   49   32   35   49   53    0.01729941199475337060    0.11542533721621439646    0.22624485282168793621
mvp2    7   14   32   42   14    7   32   42                        0.02581596714545746074    0.53833553950988921599                          
mvp2    7   14   32   49   14    7   32   49                        0.00747086230788686530   -0.00544493975756611247                          
mvp3   35   50   38   53   35   38   53   50   35   38   50   53    0.00224987932871052168    0.07927648985836602269   -0.02481726958653394238
op      5   20   33   50   20    5   33   50                       -0.00040606117545287184                                                    
a_ia    5   10                                                      0.06448537138362207821                                                    
a_ia   48   50                                                      0.45848469284709658655                                                    
mvp2   11   26   39   54   26   11   39   54                       -0.00436474462414087900   -0.72713680726999974091                          
op      5   21   32   49   21    5   32   49                       -0.00156710640167301513                                                    
a_ia    5   21                                                      0.00035720647781540009                                                    
mvp2    5   16   32   53   16    5   32   53                       -0.02557241340055804030   -0.44841333529545629455                          
mvp2    5   16   32   43   16    5   32   43                       -0.00024763746608244823    0.25126540544395459253                          
a_ia    5   14                                                      0.00246162912955143936                                                    
om      5   19   32   47   19    5   32   47                       -0.00402088374070382754                                                    
a_ia   32   47                                                      0.00025710384634194071                                                    
a_ia    5   16                                                     -0.00025851885324299975                                                    
mvp2    5   16   32   47   16    5   32   47                        0.00237166824357083490    0.23241500110129970080                          
mvp2   11   26   33   54   26   11   33   54                        0.00212680676784740390    0.36415554197995281260                          
mvp2    5   21   35   49   21    5   35   49                        0.00157272317414287118    0.13682418587895861517                          
mvp2    4   21   33   49   21    4   33   49                       -0.00304015319027188492    0.10103952616525584129                          
mvp2    5   16   33   53   16    5   33   53                       -0.00097884317990234570    0.02998198046023270447                          
a_ia   33   35                                                      0.02388066419435148913                                                    
mvp2    5   16   33   48   16    5   33   48                       -0.01272423821304020236    0.09805414271655364666                          
mvp2    5   16   35   53   16    5   35   53                        0.00268729068798849533   -0.09205444819843192072                          
mvp2   11   26   39   44   26   11   39   44                       -0.00629584946893793282    0.93554641660240100975                          
op      0   14   28   42   14    0   28   42                       -0.01228986091276971712                                                    
op      0   15   28   43   15    0   28   43                       -0.00427701081390877667                                                    
a_ia   28   43                                                     -0.00293148710876875484                                                    
a_ia    0   15                                                     -0.00135030260735631135                                                    
mvp2    0   14   32   53   14    0   32   53                       -0.01990414048883727693   -0.80999917800167353654                          
a_ia    0   14                                                      0.00252448177617554904                                                    
mvp3   28   42   32   53   28   32   53   42   28   32   42   53   -0.01955167538048318415   -0.45461550281359519587   -0.22420879322496817254
a_ia   28   42                                                      0.00263885530354561644                                                    
mvp2    0   14   32   42   14    0   32   42                        0.01168467750813775158   -0.83744079383518132964                          
a_ia    7   19                                                     -0.00066219851659568227                                                    
om      4   19   33   47   19    4   33   47                       -0.00340997707404551258                                                    
mvp2    0   14   32   43   14    0   32   43                       -0.00753302138689721304    0.53957288536086578379                          
mvp2    4   16   33   47   16    4   33   47                       -0.00264182517820104072    0.17209806084965278972                          
a_ia   33   47                                                      0.00426622983008676480                                                    
a_ia    5    7                                                      0.08399044203967699629                                                    
a_ia    5   12                                                      0.55220825416959784526                                                    
mvp3   28   42   32   43   28   32   43   42   28   32   42   43   -0.00599764641097480684    0.14091373329760592537    0.37387690636775217090
mvp2    0   22   32   53   22    0   32   53                       -0.00776665603827194923   -0.32303592929328373007                          
a_ia   32   40                                                     -0.50934505502988303149                                                    
a_ia    7   22                                                     -0.00028145216381172337                                                    
a_ia   12   22                                                     -0.00018735663939572627                                                    
a_ia    0    7                                                     -0.48284156823530888225                                                    
a_ia   42   43                                                     -0.20514999096414981983                                                    
mvp2    7   14   28   42   14    7   28   42                       -0.01248405932853476411   -0.98424825774313351445                          
mvp2    0   21   28   49   21    0   28   49                       -0.00827412192177269697    0.19334344120180413373                          
a_ia    0   21                                                     -0.00140315772395650708                                                    
mvp2    4   21   28   49   21    4   28   49                       -0.00345819946446203601    0.50371698667450925946                          
a_ia    0    4                                                     -0.15486491964427034906                                                    
op      0   27   28   55   27    0   28   55                       -0.00333999266224547110                                                    
a_ia   47   49                                                     -0.58936167365510128135                                                    
mvp2   10   24   28   55   24   10   28   55                        0.00987622685896629923   -0.59344519746938950711                          
mvp3    0   24   10   27    0   10   27   24    0   10   24   27   -0.00439674396193852693    0.54002103096385456471    0.67874911684899474906
a_ia    0   10                                                      0.32776193441546497276                                                    
mvp2    0   24   28   52   24    0   28   52                       -0.00174940023829184884    0.19024222544580937644                          
a_ia    0   24                                                      0.00029854809092880999                                                    
a_ia   33   49                                                      0.00442889850943244123                                                    
om      0   24   28   55   24    0   28   55                        0.00348740817750382804                                                    
mvp2    0   26   28   54   26    0   28   54                       -0.00463097884174575643   -0.09095322461958617322                          
mvp2    0   25   28   53   25    0   28   53                       -0.00616738868955011080    0.13290126736988766565                          
a_ia   12   16                                                     -0.00127920696732173808                                                    
mvp2    4   25   28   50   25    4   28   50                       -0.00462065691572036141    0.30250208053477467551                          
mvp2    7   15   32   42   15    7   32   42                       -0.01101028942688888138   -0.53371655592775268939                          
mvp2    0   20   28   48   20    0   28   48                       -0.00343648274421391470    0.20925266982709955776                          
om      0   16   28   44   16    0   28   44                       -0.00637963935732757496                                                    
a_ia   33   40                                                      0.54770304941911351904                                                    
a_ia   40   49                                                     -0.00006639431997259324                                                    
om      4   19   40   47   19    4   40   47                       -0.00170592423211728367                                                    
mvp2    4   15   33   44   15    4   33   44                       -0.01392869311583218653   -0.88468888886051288978                          
a_ia   32   43                                                      0.00657669191065518577                                                    
mvp2    4   19   33   44   19    4   33   44                       -0.00476502000566854378   -0.28674088640866551847                          
a_ia   35   40                                                     -0.59603071342519253761                                                    
a_ia   40   53                                                      0.00194068869175511617                                                    
a_ia   37   42                                                      0.00228872691093454528                                                    
a_ia    4   12                                                     -0.53549180948407748559                                                    
a_ia    7    8                                                     -0.34263844843966340115                                                    
a_ia    5    8                                                     -0.53286619427338166588                                                    
a_ia   24   26                                                      0.37870879125083362071                                                    
a_ia   52   55                                                      0.26725661130862454762                                                    
a_ia   34   42                                                     -0.00015136778405621325                                                    
a_ia   32   34                                                     -0.31458800968619260452                                                    
mvp2    0   16   28   54   16    0   28   54                       -0.00354241950676021083   -0.07907985656752988812                          
mvp2   10   27   38   55   27   10   38   55                       -0.00450221328125551077    0.54273582547571708190                          
a_ia   24   27                                                     -0.29856542296806909409                                                    
mvp2    4   15   32   47   15    4   32   47                       -0.00558450928246540142   -0.11088919642165316615                          
mvp2    5   15   32   44   15    5   32   44                       -0.01056523961686266569   -0.10210827567795710547                          
a_ia   32   44                                                      0.00164344662183230853                                                    
a_ia   44   47                                                      0.12408251781887991161                                                    
op      5   15   32   47   15    5   32   47                        0.00882550821650799830                                                    
mvp2    0   27   38   55   27    0   38   55                       -0.00317381610984624092    0.19033984510859439099                          
mvp2    5   19   32   47   19    5   32   47                        0.00995019995660410134   -0.21780294626747509490                          
a_ia   33   53                                                     -0.00141556199700471064                                                    
a_ia    5   19                                                     -0.00420647202614534560                                                    
op      5   19   32   44   19    5   32   44                       -0.00814666201388621232                                                    
a_ia    6    7                                                     -0.27761384384398968272                                                    
a_ia   15   21                                                      0.10335156150021436450                                                    
mvp2    4   21   32   47   21    4   32   47                        0.00358163876859203707    0.04535038980370559303                          
a_ia    4    5                                                      0.25300350504542806762                                                    
op      5   19   33   47   19    5   33   47                       -0.00399291065551096204                                                    
mvp2    4   19   32   43   19    4   32   43                       -0.00888392478259906679    0.08848242094067537700                          
mvp2    5   16   33   44   16    5   33   44                       -0.01383807012616829202    0.06215917665988189567                          
op      4   16   33   43   16    4   33   43                       -0.01216727606286854488                                                    
a_ia   19   21                                                     -0.46415658898365069751                                                    
mvp2    5   19   33   43   19    5   33   43                       -0.00678315527286550701   -0.29933924724566485231                          
a_ia    5   19                                                      0.00075167208297744945                                                    
a_ia   36   42                                                     -0.00012303191888425060                                                    
op     11   18   39   46   18   11   39   46                       -0.00231960324802180529                                                    
a_ia   39   46                                                      0.00034204464308512260                                                    
a_ia   11   18                                                     -0.00000315035609962239                                                    
a_ia   18   24                                                     -0.67907189968674441793                                                    
a_ia   11   24                                                     -0.00056781998838373944                                                    
mvp2    4   19   33   47   19    4   33   47                        0.01276183768612704217    0.17284741917180532211                          
om      4   19   33   43   19    4   33   43                        0.00602662519608274799                                                    
a_ia   33   47                                                     -0.00521038327705444435                                                    
om      5   20   28   48   20    5   28   48                       -0.00502060497857589362                                                    
mvp2    5   20   28   50   20    5   28   50                       -0.00378846921767340451   -0.08954055523523823945                          
a_ia   52   54                                                      0.23829079015031218169                                                    
a_ia   28   53                                                      0.00228681770959797588                                                    
mvp2    4   16   32   44   16    4   32   44                       -0.00687997657265374506   -0.04464428759875486985                          
mvp2    4   16   32   47   16    4   32   47                        0.00547016670306231870   -0.11284808987639435851                          
mvp2    5   25   28   50   25    5   28   50                       -0.00210224268684020823   -0.13292320736742380127                          
a_ia   52   53                                                     -0.34618875438151741619                                                    
a_ia   53   54                                                     -0.11879075061742797037                                                    
a_ia   28   40                                                     -0.25872244498406238300                                                    
a_ia   12   25                                                      0.00128193163293274315                                                    
a_ia   40   54                                                     -0.00202945319398289666                                                    
a_ia   28   50                                                      0.00062773286347913106                                                    
om      5   20   33   44   20    5   33   44                       -0.00890705021696054644                                                    
a_ia   35   47                                                     -0.00217251745917203948                                                    
a_ia   32   43                                                      0.02783630157486614159                                                    
a_ia   35   43                                                      0.04738694177755754799                                                    
a_ia   20   25                                                     -0.08217173085330237159                                                    
a_ia   43   47                                                      0.04803901073985600290                                                    
mvp2    4   16   32   43   16    4   32   43                        0.00419468115629955188   -0.09129454232198722097                          
mvp2    4   21   35   47   21    4   35   47                       -0.00295240343436671375   -0.12126976184966217764                          
a_ia   39   51                                                     -0.00211565965524576887                                                    
mvp2    7   15   35   43   15    7   35   43                       -0.01115686580356121255    0.21175840371699472531                          
a_ia    7   15                                                      0.00923097695970577677                                                    
mvp2    7   21   28   49   21    7   28   49                       -0.00580899893106408965    0.41857462914535964460                          
a_ia    8   15                                                      0.00180774549533605899                                                    
mvp2    4   14   32   49   14    4   32   49                       -0.00704165667210101751   -0.12921619583693813582                          
a_ia   35   43                                                     -0.05075890114671569031                                                    
a_ia    4   14                                                     -0.00197904301496377218                                                    
mvp2    4   14   35   49   14    4   35   49                        0.00379578678786445314    0.22366537014742715606                          
a_ia   32   35                                                     -0.09023553352471798406                                                    
a_ia   32   43                                                     -0.02847403861762689073                                                    
mvp2    4   14   35   43   14    4   35   43                       -0.00778066723741268652   -0.07110507333915047634                          
mvp2    4   14   28   43   14    4   28   43                       -0.00721052134600091380    0.01476649394511217114                          
a_ia    7   16                                                      0.00252963708701394070                                                    
a_ia    7   12                                                     -0.27946420923559783800                                                    
a_ia    7   25                                                      0.00260800770792515065                                                    
a_ia    7   20                                                      0.00051632461865164128                                                    
a_ia   28   43                                                      0.00124552088530757764                                                    
mvp2    4   21   28   49   21    4   28   49                        0.00444753736761809623    0.23421961070741020849                          
a_ia   13   22                                                     -0.00115097467190365850                                                    
mvp2    5   21   28   49   21    5   28   49                        0.00425074805073050090   -0.15406879250109822843                          
op      4   19   35   47   19    4   35   47                       -0.00647561733507112831                                                    
mvp2    5   16   28   43   16    5   28   43                       -0.00420233717462978329    0.07731940084362576293                          
mvp2    0   27   38   46   27    0   38   46                       -0.00046241130670669490   -0.08289070785300435562                          
a_ia   38   46                                                     -0.00015268335680541890                                                    
a_ia   53   55                                                      0.17004594492307104070                                                    
a_ia   17   18                                                     -0.46309510841433670914                                                    
a_ia   23   26                                                      0.39870835741931220930                                                    
a_ia   10   11                                                      0.06572821174421369927                                                    
a_ia   40   52                                                      0.00024902868402510185                                                    
mvp2    0   14   28   49   14    0   28   49                       -0.00590510966865854907    0.04930230952880815948                          
mvp2    0   21   33   49   21    0   33   49                        0.00526119256729206015    0.13484342085429421032                          
mvp2    0   20   33   50   20    0   33   50                       -0.00234658337286013574   -0.04512192748772447803                          
mvp2    0   20   33   48   20    0   33   48                       -0.00248740531623541962   -0.05746500195226990348                          
mvp2    7   24   28   55   24    7   28   55                        0.00322330045245234698    0.19130390756757437165                          
a_ia   28   55                                                     -0.00116915226313976379                                                    
a_ia   28   44                                                      0.00075497130603245362                                                    
a_ia   46   52                                                     -0.56668457920757220325                                                    
a_ia   38   46                                                     -0.00047369160533399093                                                    
mvp2   11   24   38   52   24   11   38   52                        0.00355552366831437486    0.05557293650790727513                          
mvp2   10   24   38   52   24   10   38   52                       -0.00338373138052838925    0.24984182104794810941                          
a_ia   24   27                                                      0.35020759862872186119                                                    
mvp2    5   16   32   47   16    5   32   47                       -0.00671554101817626453   -0.06454063706364529529                          
mvp2    0   21   32   49   21    0   32   49                        0.00844281199359369662   -0.21474392237628242563                          
a_ia   35   36                                                     -0.50074444266651974011                                                    
om      4   21   32   49   21    4   32   49                       -0.00296097829033689728                                                    
a_ia    0    4                                                     -0.12851639197787395608                                                    
mvp2    4   14   33   49   14    4   33   49                       -0.00470444684445884762   -0.01018662939324969929                          
mvp2    5   16   32   43   16    5   32   43                       -0.00778439761140290939   -0.05417954352093994758                          
mvp2    0   21   35   49   21    0   35   49                       -0.00424651376780608644   -0.28999573528920397081                          
a_ia    0   12                                                     -0.05919873923324529830                                                    
a_ia   32   35                                                     -0.22466687663626699889                                                    
a_ia   29   42                                                      0.00259376758888701150                                                    
a_ia   24   27                                                      0.26202498711602778547                                                    
a_ia   17   26                                                     -0.17248477181828431037                                                    
a_ia   38   45                                                      0.00247279195643103529                                                    
a_ia   11   24                                                      0.00028399761867438876                                                    
op     10   25   28   55   25   10   28   55                       -0.00425723393460875933                                                    
a_ia   10   25                                                      0.00056901256856843802                                                    
mvp2   10   22   28   55   22   10   28   55                        0.00540987277303462896    0.11718475002628724047                          
a_ia    4   22                                                      0.00129138312493638123                                                    
a_ia   33   55                                                     -0.00064149463525346804                                                    
a_ia    8   13                                                      0.17188500955737623377                                                    
mvp2   10   20   28   55   20   10   28   55                       -0.00299422488547753003    0.13271449770586954409                          
mvp2    0   22   28   50   22    0   28   50                       -0.00346987946586959630    0.00675208818465467507                          
a_ia   25   27                                                      0.21476873502307408659                                                    
a_ia    0    4                                                     -0.12781946775031949315                                                    
