op     23   24   71   72   24   23   71   72                       -0.12269803500380813133                                                    
op     23   25   71   73   25   23   71   73                        0.00356685443882351046                                                    
a_ia   23   25                                                      0.00337321981276973585                                                    
op     21   24   69   72   24   21   69   72                       -0.10616873086540069837                                                    
a_ia   71   72                                                      0.03490282960501162740                                                    
op     21   25   69   73   25   21   69   73                       -0.06853392836816836475                                                    
mvp2   21   24   71   73   24   21   71   73                        0.09018964763866370304   -0.68433433714861124919                          
a_ia   71   73                                                     -0.01536913324497313736                                                    
a_ia   21   24                                                      0.01567203551531971828                                                    
mvp2   21   24   71   72   24   21   71   72                       -0.03269728436608948519    0.04900991610376448371                          
a_ia   69   71                                                     -0.08372675106430287062                                                    
mvp2   23   25   69   72   25   23   69   72                        0.07185519907077854429    0.83984559446546569461                          
a_ia   69   72                                                     -0.01593787264913128568                                                    
mvp2   21   24   68   72   24   21   68   72                       -0.02054320005599706220    0.58380993172756356913                          
a_ia   23   25                                                      0.00693488076466292937                                                    
op     23   26   71   74   26   23   71   74                       -0.00966251621535836082                                                    
op     23   27   71   75   27   23   71   75                       -0.01049148237935845773                                                    
mvp2   21   25   68   73   25   21   68   73                       -0.03429630234012683715    0.73420731429357510844                          
a_ia   21   25                                                     -0.01017074441662157470                                                    
a_ia   72   73                                                     -0.00549936525232037812                                                    
a_ia   20   21                                                     -0.41676752445514747558                                                    
mvp2   23   25   67   73   25   23   67   73                        0.02147749496329770524   -0.37387016305298459429                          
mvp2   23   25   67   72   25   23   67   72                        0.02196830098805601164   -0.17208690783584137951                          
mvp2   23   24   67   72   24   23   67   72                        0.04809978058247350169    0.19227262618982193798                          
a_ia   23   24                                                      0.00966729475060714404                                                    
a_ia   20   23                                                      0.02136458964880734446                                                    
a_ia   21   23                                                     -0.07305499512900416603                                                    
a_ia   67   72                                                      0.00600683811061637329                                                    
a_ia   19   23                                                      0.04989284170657939943                                                    
a_ia   19   21                                                     -0.21934201885494589157                                                    
op     19   27   67   75   27   19   67   75                       -0.01259776953366964145                                                    
a_ia   71   74                                                      0.00435701147951886823                                                    
a_ia   25   27                                                      0.08955313887662424976                                                    
op     11   24   59   72   24   11   59   72                       -0.05317061715492643614                                                    
a_ia   59   72                                                      0.04784984162126484919                                                    
a_ia   11   24                                                      0.01606511980909840556                                                    
op     23   33   71   81   33   23   71   81                       -0.00946037045495608762                                                    
a_ia   23   33                                                      0.04039448968672187251                                                    
op     23   29   71   77   29   23   71   77                       -0.00939428308550778468                                                    
a_ia   71   81                                                      0.01176900221968870883                                                    
a_ia   67   75                                                     -0.00262554588059788797                                                    
om     11   24   58   72   24   11   58   72                        0.02695607388546574293                                                    
a_ia   58   72                                                     -0.01402499926362885119                                                    
op     11   41   59   89   41   11   59   89                       -0.04555018328846292819                                                    
op     11   41   69   89   41   11   69   89                        0.00839736855136542434                                                    
a_ia   11   41                                                      0.01364671503914647969                                                    
op     21   41   59   89   41   21   59   89                       -0.00536142714831916879                                                    
a_ia   21   41                                                     -0.02240457101378246982                                                    
om     21   41   69   89   41   21   69   89                        0.00120626113218264453                                                    
a_ia   69   89                                                      0.00145542484968117837                                                    
a_ia   59   69                                                      0.19627994945176246988                                                    
a_ia   11   23                                                      0.03869091715777904505                                                    
op     11   29   59   77   29   11   59   77                       -0.00453830435520671035                                                    
om     23   33   59   81   33   23   59   81                       -0.00321889137998824116                                                    
op     11   41   58   89   41   11   58   89                        0.01367785094753696216                                                    
op     21   41   58   89   41   21   58   89                        0.00284214324511982428                                                    
a_ia   11   21                                                     -0.14843066768366694475                                                    
a_ia   11   26                                                     -0.00218101983259126435                                                    
op     11   41   67   89   41   11   67   89                       -0.00174053158587181268                                                    
op     11   41   68   89   41   11   68   89                        0.00094918377971820464                                                    
op     22   27   70   75   27   22   70   75                       -0.00734670362464188032                                                    
om     21   41   68   89   41   21   68   89                       -0.00010229480950005732                                                    
om     21   41   67   89   41   21   67   89                        0.00040655174704334120                                                    
om     23   33   69   81   33   23   69   81                       -0.00717179324648965603                                                    
a_ia   69   81                                                     -0.00684652651151637648                                                    
a_ia   73   74                                                      0.09245100673082763676                                                    
om     11   41   59   72   41   11   59   72                       -0.04077135039938763195                                                    
a_ia   21   26                                                     -0.00203614659615025239                                                    
mvp2   11   41   58   72   41   11   58   72                        0.01974592715537270421   -0.17260527462316371805                          
mvp2   21   41   59   72   41   21   59   72                        0.00094366859762956730   -0.27915033365850122626                          
a_ia   68   72                                                     -0.00138271198820140310                                                    
a_ia   11   25                                                     -0.00018864351159500538                                                    
op     19   41   59   89   41   19   59   89                        0.00926383693436159950                                                    
op     19   41   59   72   41   19   59   72                        0.00692449539523750952                                                    
op     11   24   59   89   24   11   59   89                       -0.03564720777821498571                                                    
a_ia   24   27                                                      0.02206015120601411555                                                    
a_ia   59   89                                                     -0.00229151357353708134                                                    
op     20   41   59   89   41   20   59   89                        0.00064554597647435480                                                    
a_ia   11   20                                                     -0.19536574057461800202                                                    
mvp2   23   33   71   72   33   23   71   72                        0.01830528331346386803   -0.04942703440987473995                          
a_ia   23   33                                                     -0.04681038242512577940                                                    
a_ia   72   81                                                     -0.11446488767783263851                                                    
a_ia   69   71                                                     -0.07284095491851172444                                                    
om     10   41   59   89   41   10   59   89                       -0.00044260252585079927                                                    
om     11   24   58   89   24   11   58   89                        0.01012588439410145799                                                    
a_ia   10   41                                                     -0.00192586971085269960                                                    
om     10   41   58   89   41   10   58   89                        0.00004443558034145426                                                    
a_ia   59   75                                                     -0.00010828952118396108                                                    
mvp2   10   24   59   89   24   10   59   89                       -0.00008323666365860941    0.01990980480681844161                          
op     21   24   59   89   24   21   59   89                        0.01000622818215100331                                                    
a_ia   10   11                                                      0.01594273806610443239                                                    
a_ia   19   26                                                     -0.00041513505749170461                                                    
mvp2   23   24   59   73   24   23   59   73                        0.03896535968704919334   -0.17154952081293850519                          
a_ia   59   73                                                      0.00556318043288794688                                                    
a_ia   23   26                                                      0.00816443444581519545                                                    
a_ia   19   23                                                     -0.03060259027877773944                                                    
mvp3   11   24   23   25   11   23   25   24   11   23   24   25   -0.02224077954677347244   -0.06526921662553095138    0.18350382437339676778
a_ia   11   25                                                      0.00459387809628719265                                                    
mvp2   23   24   68   73   24   23   68   73                        0.05103111321297398861   -0.16925519523667129085                          
a_ia   24   25                                                      0.13580305421594479620                                                    
a_ia   59   67                                                     -0.26349096906306734844                                                    
op     19   26   67   74   26   19   67   74                       -0.00711671966004295050                                                    
a_ia   59   74                                                     -0.00126290212548731779                                                    
a_ia   68   73                                                      0.00305619726419255160                                                    
a_ia   23   25                                                     -0.01630258999631975861                                                    
op     12   29   60   77   29   12   60   77                       -0.00125855993569074951                                                    
a_ia   12   27                                                      0.00215110219045699155                                                    
mvp2   11   41   60   77   41   11   60   77                       -0.01958095962671236798    0.23508034137370470429                          
mvp2   11   29   12   41   11   12   29   41                        0.02506072120822801230    0.61065241006812487345                          
a_ia   58   60                                                      0.35195729992131769004                                                    
mvp2   11   24   60   77   24   11   60   77                       -0.02579782807122221397    0.18658537645357559098                          
mvp2   21   24   60   77   24   21   60   77                        0.00796259799995701831   -0.06347788707179354006                          
a_ia   29   41                                                      0.02499072356285551161                                                    
op     16   29   64   77   29   16   64   77                       -0.01351806903742977170                                                    
a_ia   64   77                                                      0.00248705859958680718                                                    
mvp3   11   24   12   29   11   12   29   24   11   12   24   29   -0.03403685590436335978    0.18175166221284050350   -0.66966169295643018788
a_ia   11   12                                                     -0.13304047897436432901                                                    
mvp2   12   29   53   77   29   12   53   77                       -0.01336679947948620460    0.96878340622634373513                          
mvp2    5   29   53   77   29    5   53   77                       -0.01278659369826802734   -0.58744368795231960423                          
op     15   29   63   77   29   15   63   77                       -0.00449662302434409092                                                    
mvp2    5   29   60   77   29    5   60   77                       -0.01235749906647749634   -0.22202313446520458018                          
op      0   29   48   77   29    0   48   77                       -0.00915435516722854815                                                    
a_ia   48   77                                                      0.00177289388807342707                                                    
a_ia    8   29                                                     -0.00204929615308866797                                                    
op      7   29   55   77   29    7   55   77                       -0.00600944333664610048                                                    
a_ia    0   29                                                      0.00125737478564330596                                                    
op      3   29   51   77   29    3   51   77                       -0.00741213672491583715                                                    
op      3   29   50   77   29    3   50   77                        0.00485934747962941255                                                    
op      2   29   50   77   29    2   50   77                       -0.00446239698397040297                                                    
op      2   29   51   77   29    2   51   77                        0.00476947744232827497                                                    
op      1   29   49   77   29    1   49   77                       -0.00432592592606540188                                                    
a_ia   24   27                                                     -0.11287470049205580724                                                    
op      3   29   49   77   29    3   49   77                        0.00298975526646804357                                                    
op      1   29   51   77   29    1   51   77                        0.00296901145382434456                                                    
a_ia    1   29                                                     -0.00046557474072076230                                                    
mvp2   11   41   48   74   41   11   48   74                        0.01415099503445413007   -0.52632875548068835947                          
mvp2   11   41   48   75   41   11   48   75                       -0.00874984577043235769    0.32025541184702804864                          
mvp2   11   24   48   74   24   11   48   74                        0.01550787470172694527   -0.12401332294653359678                          
a_ia   48   74                                                     -0.00293776349660405771                                                    
a_ia   21   27                                                     -0.00188101203801522491                                                    
a_ia   11   41                                                     -0.00393262245257891118                                                    
mvp2   11   24   48   75   24   11   48   75                       -0.00974926540981665112    0.03051438962911846853                          
a_ia   48   75                                                      0.00200552665880347975                                                    
a_ia   58   74                                                      0.00132179525816824173                                                    
mvp2   21   41   48   74   41   21   48   74                       -0.00661691907445926056   -0.38739587443620610019                          
mvp2   21   41   48   75   41   21   48   75                        0.00340925386706171941    0.24235127973291065162                          
a_ia   21   41                                                      0.01370794327724086416                                                    
mvp2   10   41   48   74   41   10   48   74                       -0.00032220247501705407   -0.01712747047987411841                          
a_ia   20   27                                                     -0.00072464790030899297                                                    
a_ia   10   41                                                      0.00214758617120901782                                                    
mvp2    0   26   48   74   26    0   48   74                       -0.00981472488460542747   -0.68600312218320125268                          
mvp2    0   26   48   75   26    0   48   75                        0.00695883796593676791    0.02301677559190379654                          
a_ia   11   21                                                     -0.17243212523734047226                                                    
op      0   41   48   89   41    0   48   89                       -0.00511989063532564560                                                    
mvp2    0   27   48   74   27    0   48   74                        0.00691795964502810081    0.63362092779158984968                          
a_ia   10   11                                                      0.50660312712916721889                                                    
a_ia   10   24                                                      0.00096375988913380544                                                    
mvp2    0   27   48   75   27    0   48   75                       -0.00534486308178437966    0.01308509814281316568                          
mvp2    0   47   59   89   47    0   59   89                       -0.01375252110463959579   -0.62263431247443867811                          
mvp2    0   47   69   89   47    0   69   89                        0.00072654194520769329   -0.10761521374968874287                          
a_ia   59   69                                                     -0.51219241863619235922                                                    
a_ia   59   71                                                     -0.04481831947642049563                                                    
a_ia   59   81                                                      0.00371929494923003328                                                    
op      0   47   59   72   47    0   59   72                       -0.00965154481919834259                                                    
mvp2    0   47   69   72   47    0   69   72                        0.00694429658827347245    0.01493872063135487892                          
a_ia   69   72                                                      0.03136719755673464394                                                    
mvp2    0   47   48   95   47    0   48   95                       -0.00917682118624287869    0.69941751170758204026                          
mvp2    0   47   48   78   47    0   48   78                        0.00300618288218679674   -0.40556311980876708079                          
mvp2    0   30   48   95   30    0   48   95                        0.00297055610637110990    0.43690960171050080563                          
a_ia   48   95                                                     -0.00034959065431157876                                                    
op      0   36   48   84   36    0   48   84                       -0.00584666706767613537                                                    
a_ia    0   31                                                      0.00111366088449910009                                                    
op      0   32   48   80   32    0   48   80                       -0.00281584464378471745                                                    
op      0   34   48   82   34    0   48   82                       -0.00343211045779638667                                                    
a_ia    0   34                                                     -0.00112894190246761177                                                    
a_ia   48   82                                                     -0.00160065849053022454                                                    
a_ia   48   79                                                      0.00101390493837386748                                                    
a_ia   72   89                                                     -0.00794269229600058288                                                    
mvp2   23   24   69   73   24   23   69   73                        0.05458179703650666015   -0.19788217683509440326                          
a_ia   23   24                                                      0.01795330779500078563                                                    
a_ia   58   68                                                      0.43322404585827156698                                                    
mvp2   23   24   58   73   24   23   58   73                       -0.01129646112201884885    0.06722111559951446380                          
op      0   37   48   85   37    0   48   85                       -0.00237377167270441712                                                    
op      0   37   48   84   37    0   48   84                        0.00286484756567820806                                                    
om      0   34   48   84   34    0   48   84                       -0.00263075754029057189                                                    
op      0   36   48   85   36    0   48   85                        0.00279564461273197964                                                    
a_ia   48   85                                                      0.00062919104002374221                                                    
mvp2   23   24   67   73   24   23   67   73                        0.01815630056829635117    0.02528974046609498705                          
a_ia   59   72                                                     -0.03530429537272992274                                                    
op      0   36   48   82   36    0   48   82                       -0.00264535238990213717                                                    
a_ia   71   84                                                      0.00362843977660113042                                                    
a_ia   71   85                                                      0.00489824513558370731                                                    
mvp2    0   47   58   89   47    0   58   89                        0.00516683392538096371   -0.29042121413664245821                          
a_ia   58   72                                                      0.00874081364564531331                                                    
mvp2    0   47   59   89   47    0   59   89                       -0.00136389209758841826   -0.14797145719350421333                          
a_ia   12   18                                                     -0.02244533506174728119                                                    
op     16   26   64   74   26   16   64   74                       -0.00494978026166513485                                                    
om      0   26   48   95   26    0   48   95                        0.00647195766519450318                                                    
a_ia   64   74                                                     -0.00024837527264293097                                                    
mvp2    0   26   48   84   26    0   48   84                        0.00614891704999614465   -0.38299597026678749989                          
om      0   26   48   78   26    0   48   78                       -0.00350637315137832884                                                    
a_ia   19   24                                                     -0.00719761247155634859                                                    
a_ia   24   33                                                     -0.09136670300207175299                                                    
mvp2    0   24   48   89   24    0   48   89                       -0.00364185859783776452   -0.17113042133570405268                          
mvp2    0   47   48   84   47    0   48   84                       -0.00342538996150661221    0.11329860926189908032                          
a_ia   59   84                                                     -0.00090696468098386122                                                    
mvp2    0   47   48   80   47    0   48   80                        0.00276436267690138675   -0.27530524141570950070                          
mvp2    0   27   48   95   27    0   48   95                       -0.00490850016570267174    0.01960774139297917842                          
om      0   27   48   84   27    0   48   84                       -0.00457506871831628303                                                    
a_ia   24   26                                                     -0.07412403991935510861                                                    
mvp2   23   25   64   80   25   23   64   80                        0.01754543558020628391   -0.29226212563767062225                          
mvp2   16   32   64   80   32   16   64   80                       -0.01013922968168227447   -0.80355011326177616660                          
op     16   28   64   76   28   16   64   76                       -0.00444303965047247902                                                    
a_ia   64   76                                                      0.00225393601895116855                                                    
a_ia   16   28                                                      0.00248769663285832018                                                    
mvp2   16   28   69   72   28   16   69   72                        0.01214806881754042396    0.16812403128270569930                          
mvp2   64   72   69   76   64   69   72   76                       -0.01149077931111024999    0.17263394196703585326                          
mvp2    0   47   64   84   47    0   64   84                       -0.00088550485734580683    0.31028136292169072874                          
a_ia   64   84                                                      0.00119440681322267156                                                    
mvp2    0   27   64   84   27    0   64   84                       -0.00150014307184628370    0.01085871623250543420                          
mvp3   48   84   64   95   48   64   95   84   48   64   84   95   -0.00146784819047330521   -0.05849798417664645728    0.23321066551419292190
a_ia   48   64                                                      0.15548289176489316077                                                    
op     16   35   64   83   35   16   64   83                       -0.00845991268709216267                                                    
a_ia   64   83                                                      0.11008180242182911968                                                    
a_ia   16   35                                                      0.00023272102913046060                                                    
op     16   34   64   82   34   16   64   82                       -0.00546829915782691238                                                    
a_ia   16   26                                                     -0.00137828671987111524                                                    
a_ia   67   68                                                      0.19820633704228912686                                                    
mvp2    0   47   67   89   47    0   67   89                        0.00340282015825035204   -0.15021163654978014756                          
mvp2    0   47   68   89   47    0   68   89                        0.00343981054838912509   -0.26339002819779644415                          
a_ia   20   23                                                      0.14720582087851027953                                                    
a_ia   72   73                                                      0.18517246700387454683                                                    
a_ia   19   23                                                      0.34238462571889310970                                                    
a_ia   24   35                                                     -0.00933779737574124552                                                    
a_ia   18   41                                                      0.00001817959105728944                                                    
a_ia   18   21                                                      0.11380449151756261150                                                    
a_ia   11   18                                                      0.14754046228764597370                                                    
a_ia   18   23                                                     -0.13940034459735681227                                                    
a_ia   60   75                                                      0.00244866127496617091                                                    
a_ia   60   74                                                     -0.00193465197786462013                                                    
mvp2    3   29   53   77   29    3   53   77                       -0.00678166881363463127   -0.42465020905653266814                          
mvp2    6   29   53   77   29    6   53   77                       -0.00600082895157878164   -0.44155781913526659377                          
mvp2    2   29   53   77   29    2   53   77                        0.00404168044892379719    0.31831943977598281537                          
op     14   32   62   80   32   14   62   80                       -0.00822686464323434119                                                    
om     12   32   60   80   32   12   60   80                       -0.00462787471044687551                                                    
op     15   32   63   80   32   15   63   80                       -0.00460833622172364225                                                    
a_ia   63   80                                                      0.00320263652380957213                                                    
a_ia   15   32                                                      0.01175823589161038331                                                    
om      8   32   56   80   32    8   56   80                       -0.00686184304434910193                                                    
a_ia   56   80                                                      0.00213861020612184788                                                    
a_ia    8   32                                                      0.00220297482461776981                                                    
a_ia    5   32                                                     -0.03307404593542119520                                                    
op      7   32   55   80   32    7   55   80                       -0.00439600155014142381                                                    
a_ia   55   80                                                     -0.00078248462798337782                                                    
a_ia    7   32                                                     -0.00124383990409253310                                                    
mvp2    9   29   53   77   29    9   53   77                       -0.00511343293515050153   -0.43922409867821871066                          
om     12   28   60   76   28   12   60   76                       -0.01055647652633934057                                                    
a_ia   10   12                                                      0.21011983424155053490                                                    
a_ia   12   28                                                     -0.00139777845685020363                                                    
a_ia   60   76                                                     -0.00135372676230572633                                                    
mvp2    0   47   60   89   47    0   60   89                        0.00284985631503138857   -0.21092442821234055894                          
mvp2   16   35   71   72   35   16   71   72                       -0.01229568851337524936   -0.08547094900248167204                          
a_ia   16   35                                                     -0.00671604991847523248                                                    
a_ia   71   83                                                      0.00096926915654010752                                                    
mvp2   64   72   71   83   64   71   72   83                        0.01238918159837400744   -0.16604693210602936015                          
a_ia   64   83                                                     -0.06958062833679190540                                                    
a_ia   71   72                                                      0.00123664866628193579                                                    
mvp2   16   34   59   72   34   16   59   72                       -0.00951730704704852916   -0.27946548047393776626                          
mvp2   59   72   64   82   59   64   82   72                       -0.00872160309479184243    0.30941001315782967751                          
a_ia   64   82                                                     -0.00172438023438941062                                                    
a_ia   16   34                                                     -0.00121360157031062611                                                    
op     14   28   62   76   28   14   62   76                       -0.00536178985069727353                                                    
a_ia   62   76                                                      0.00192695797132495772                                                    
a_ia   14   28                                                      0.00192607386715706549                                                    
op      7   28   55   76   28    7   55   76                       -0.00940454233040127416                                                    
a_ia    7   28                                                      0.00170103718718473892                                                    
a_ia   15   28                                                     -0.00352700954207033719                                                    
a_ia   63   76                                                     -0.00386346352960679866                                                    
a_ia    5   28                                                     -0.00329555442956611230                                                    
a_ia    5   15                                                      0.25028440827260400869                                                    
op     12   28   55   76   28   12   55   76                       -0.00826422470063125844                                                    
a_ia   55   76                                                      0.00165566607758558648                                                    
mvp2    1   29   53   77   29    1   53   77                        0.00329938486618272736    0.27485542140236779440                          
mvp2   64   81   71   83   64   71   81   83                       -0.00350131231392356848   -0.31178614651317998474                          
a_ia   64   83                                                     -0.04881704029850256893                                                    
a_ia   64   71                                                     -0.01958281042626587934                                                    
mvp2    5   29   51   77   29    5   51   77                       -0.00622960266559861170    0.39449036684025096111                          
a_ia    5   29                                                     -0.00045537994100926758                                                    
mvp2    5   29   54   77   29    5   54   77                       -0.00537494489761358805    0.47015109768337792762                          
mvp2    5   29   57   77   29    5   57   77                       -0.00204570328502610109    0.27735931465054330936                          
a_ia    3   32                                                     -0.00151609500128490628                                                    
mvp2    6   29   51   77   29    6   51   77                       -0.00296938150108569951    0.08169591230457903808                          
op      5   32   53   80   32    5   53   80                       -0.00492339556077769306                                                    
a_ia   53   80                                                      0.00117788753833949458                                                    
a_ia    5   32                                                      0.03641671113997008158                                                    
a_ia   53   57                                                      0.22125751540787144678                                                    
a_ia   57   77                                                     -0.00062614277061779256                                                    
a_ia   51   80                                                     -0.00160202908990689967                                                    
om      2   32   50   80   32    2   50   80                       -0.00454776662522581726                                                    
a_ia   50   77                                                     -0.00149192991816733548                                                    
