op     27   28   83   84   28   27   83   84                       -0.06926712730078048164                                                    
a_ia   27   28                                                     -0.00311250357244211972                                                    
op     24   29   80   85   29   24   80   85                       -0.06299892983308427730                                                    
op     23   28   79   84   28   23   79   84                       -0.06692964398636727652                                                    
a_ia   83   84                                                     -0.00404893842358092226                                                    
om     23   28   83   84   28   23   83   84                        0.04837142964200800282                                                    
op     24   28   80   84   28   24   80   84                       -0.01566963936449737235                                                    
op     24   29   79   85   29   24   79   85                        0.03067432202005283132                                                    
a_ia   79   84                                                      0.00570152008041510845                                                    
om     27   28   79   84   28   27   79   84                        0.04871587526404249496                                                    
op     26   28   82   84   28   26   82   84                       -0.01381377024852754876                                                    
op     23   29   80   85   29   23   80   85                        0.03087977122767881707                                                    
op     23   29   79   85   29   23   79   85                       -0.02131714611630759065                                                    
a_ia   24   27                                                      0.23509620124467209279                                                    
op     27   29   80   85   29   27   80   85                        0.01793254054073425627                                                    
om     23   28   74   84   28   23   74   84                       -0.00120053551291814846                                                    
op     24   29   74   85   29   24   74   85                       -0.00884383932449290741                                                    
a_ia   25   28                                                      0.00356795455411822561                                                    
a_ia   74   79                                                      0.50689404132483983911                                                    
a_ia   23   26                                                      0.30491650262654390602                                                    
a_ia   79   82                                                      0.33136709950085402321                                                    
om     18   28   79   84   28   18   79   84                       -0.00247499884278062172                                                    
op     18   29   80   85   29   18   80   85                       -0.00775909248664670252                                                    
a_ia   18   29                                                     -0.00104406823906533588                                                    
a_ia   18   23                                                      0.54553560819950197569                                                    
op     23   28   80   84   28   23   80   84                       -0.01999520726718295727                                                    
op     26   32   82   88   32   26   82   88                       -0.01143455434595288915                                                    
a_ia   26   32                                                     -0.00373863329832857484                                                    
op     26   39   82   95   39   26   82   95                       -0.00804015530762509749                                                    
a_ia   82   89                                                     -0.00248538702662600341                                                    
op     26   37   82   95   37   26   82   95                        0.00017906459734840500                                                    
op     26   37   82   93   37   26   82   93                       -0.00465818862494446050                                                    
op     26   39   82   93   39   26   82   93                        0.00017374228067845693                                                    
om     24   37   80   93   37   24   80   93                       -0.02248616015159255604                                                    
a_ia   80   93                                                     -0.00146761815747127405                                                    
op     24   30   80   86   30   24   80   86                       -0.00770873343838761067                                                    
a_ia   26   35                                                      0.00172311469408299831                                                    
a_ia   24   37                                                     -0.00115369818659758708                                                    
op     27   37   80   93   37   27   80   93                        0.02356330703502079391                                                    
om     24   29   80   93   29   24   80   93                       -0.01988059351707277891                                                    
a_ia   27   29                                                      0.00461934002412023748                                                    
op     24   37   80   85   37   24   80   85                       -0.00777015277693470386                                                    
a_ia   85   86                                                     -0.21369170020911101848                                                    
mvp2   24   30   80   85   30   24   80   85                        0.01280231698549060687   -0.13617218620696835973                          
mvp2   24   37   83   93   37   24   83   93                        0.00871258596054457976   -0.18682298662329496763                          
op     27   37   83   93   37   27   83   93                       -0.01032854744425206091                                                    
a_ia   24   30                                                      0.00226371056760115265                                                    
mvp2   24   37   83   84   37   24   83   84                       -0.02329970910560164726   -0.20041351299672052755                          
mvp2   80   84   83   93   80   83   84   93                        0.03030562674094292031   -0.29719285442926474117                          
a_ia   84   93                                                     -0.07253296199115205622                                                    
om     24   32   80   88   32   24   80   88                       -0.00654301961541636692                                                    
mvp2   25   37   80   93   37   25   80   93                       -0.01249430705967913627   -0.25503818619772172793                          
a_ia   24   25                                                      0.15145808915725383903                                                    
a_ia   79   81                                                      0.05944484947448923362                                                    
mvp2   27   37   83   84   37   27   83   84                        0.02137592668536033094   -0.02588560869422047717                          
mvp2   24   37   81   93   37   24   81   93                       -0.00220553912711862667    0.27554374582181778708                          
a_ia   25   37                                                      0.00054398281343323086                                                    
mvp2   25   37   81   93   37   25   81   93                       -0.00330680767949583518    0.09452739167343103543                          
mvp2   27   37   81   93   37   27   81   93                        0.00125140173852182884    0.17004440050745378565                          
a_ia   84   85                                                     -0.10762070000374514278                                                    
a_ia   80   81                                                      0.11423387981108468203                                                    
mvp2   25   37   83   93   37   25   83   93                        0.00676523523192398748   -0.16521012452835673323                          
op     26   39   82   96   39   26   82   96                        0.00253403989628688941                                                    
op     21   32   77   88   32   21   77   88                       -0.00601843109608211999                                                    
a_ia   80   86                                                      0.00267259134888145952                                                    
op     26   33   82   89   33   26   82   89                       -0.00760535598569346202                                                    
a_ia   26   33                                                     -0.00290495994908716642                                                    
mvp3   80   93   82   95   80   82   95   93   80   82   93   95    0.02487523434289583626   -0.58191947773785013265   -0.30255885170344098967
mvp2   26   39   80   93   39   26   80   93                        0.01921764456992556755    0.75873239241831635926                          
a_ia   84   95                                                      0.02454405391615359019                                                    
a_ia   80   93                                                     -0.00038091217953963019                                                    
a_ia   82   84                                                     -0.00591061210457070538                                                    
mvp2   25   39   82   95   39   25   82   95                        0.01269726681890035423    0.44946936040650303790                          
mvp2   26   39   81   95   39   26   81   95                        0.01281075703843469193   -0.50099950451931429818                          
mvp2   26   39   81   93   39   26   81   93                        0.00415138206930335506   -0.04193495818933419550                          
mvp2   82   93   83   95   82   83   95   93                        0.00503988605529803561    0.26911015174855212884                          
a_ia   93   95                                                     -0.43742748979223766703                                                    
a_ia   81   95                                                     -0.00070890743555553364                                                    
a_ia   81   84                                                      0.00480205719099692941                                                    
om     25   39   81   95   39   25   81   95                       -0.00694779314884091254                                                    
a_ia   25   39                                                     -0.00018180538496456383                                                    
mvp2   26   37   81   93   37   26   81   93                        0.00492609950366381614    0.25013987613187915748                          
a_ia   83   95                                                      0.00212533867108792747                                                    
mvp2   26   39   83   93   39   26   83   93                       -0.01094096960836695061    0.13677123618263314908                          
mvp2   26   37   80   93   37   26   80   93                        0.00777936660457710476    0.23061968013576081282                          
om     26   37   83   93   37   26   83   93                       -0.00441416606908568050                                                    
a_ia   81   83                                                      0.13840065428298747863                                                    
a_ia   21   23                                                     -0.04805923042749804530                                                    
mvp2   24   39   80   93   39   24   80   93                        0.00193035214201909134    0.14177884263484910599                          
a_ia   37   39                                                     -0.31314710733256923003                                                    
mvp2   24   29   80   96   29   24   80   96                        0.01132732605579640610   -0.15605923316616840402                          
a_ia   84   96                                                     -0.13295494863824819376                                                    
a_ia   80   96                                                      0.00331827702004562283                                                    
a_ia   25   29                                                     -0.00347673574377794104                                                    
a_ia   84   87                                                      0.06881673661337291137                                                    
op     24   36   80   92   36   24   80   92                       -0.00358540599194652780                                                    
a_ia   80   92                                                      0.00119319478221006111                                                    
a_ia   24   36                                                      0.00170119927061737142                                                    
a_ia   80   89                                                     -0.00235283924257129748                                                    
a_ia   80   90                                                      0.00053332429249030807                                                    
a_ia   24   34                                                      0.00034220457165854025                                                    
op     24   38   80   94   38   24   80   94                       -0.00403391121689028118                                                    
a_ia   24   33                                                     -0.00219750804164688769                                                    
a_ia   24   40                                                     -0.00184723820261462751                                                    
op     24   33   80   89   33   24   80   89                       -0.00461820955074461036                                                    
op     21   36   77   92   36   21   77   92                       -0.01212218254097302030                                                    
a_ia   77   92                                                     -0.00251117277395296584                                                    
a_ia   21   36                                                     -0.00227321819713459947                                                    
a_ia   23   32                                                     -0.00064491010123628591                                                    
a_ia   92   93                                                     -0.14800536709495823451                                                    
op     12   36   68   92   36   12   68   92                       -0.01245999429318002047                                                    
a_ia   68   92                                                     -0.00301263606471842199                                                    
a_ia   12   36                                                     -0.00211514821236290619                                                    
op     22   36   78   92   36   22   78   92                       -0.00682230151327010113                                                    
a_ia   22   36                                                      0.00298768664342349268                                                    
a_ia   78   92                                                      0.00234803320184546159                                                    
om     12   36   78   92   36   12   78   92                        0.00544879877324476111                                                    
a_ia   77   83                                                      0.11105488151792025642                                                    
op     21   36   68   92   36   21   68   92                       -0.01085514463788110791                                                    
a_ia   23   36                                                     -0.00172344445029000383                                                    
a_ia   28   36                                                      0.07252933836034371196                                                    
op     12   36   77   92   36   12   77   92                       -0.00846966098772610268                                                    
op     21   36   78   92   36   21   78   92                        0.00706843907411697746                                                    
a_ia   76   79                                                     -0.06802181242391780458                                                    
op     22   36   68   92   36   22   68   92                        0.01030218031859525540                                                    
om     22   36   77   92   36   22   77   92                        0.00932602077609270656                                                    
a_ia   12   32                                                      0.00027162527793811285                                                    
om     12   30   68   86   30   12   68   86                       -0.00694635206790791045                                                    
a_ia   68   86                                                      0.00114021938420069495                                                    
op     12   31   68   87   31   12   68   87                       -0.01236355851492690686                                                    
a_ia   84   90                                                     -0.07215460444678882534                                                    
op     12   34   68   90   34   12   68   90                       -0.00713537778678927006                                                    
mvp2   24   29   80   94   29   24   80   94                        0.01003135152568636682    0.00796153475241939169                          
a_ia   29   38                                                     -0.22659228329442246408                                                    
a_ia   84   89                                                     -0.02498931674288095220                                                    
mvp2   24   37   80   94   37   24   80   94                        0.00290544514188356608   -0.40814051799221884309                          
a_ia   29   37                                                      0.09454552777353636417                                                    
a_ia   37   38                                                      0.23642451293655619704                                                    
mvp2   24   40   80   96   40   24   80   96                       -0.00322854362128216976   -0.83298373072588216548                          
a_ia   80   96                                                     -0.00249018643772090436                                                    
op     19   36   75   92   36   19   75   92                       -0.00482056066164398070                                                    
op     10   32   66   88   32   10   66   88                       -0.00821049310241401403                                                    
op     17   32   73   88   32   17   73   88                       -0.00336327767189132428                                                    
op     17   32   72   88   32   17   72   88                        0.00278219279437331903                                                    
a_ia   29   38                                                     -0.05826573213606681817                                                    
op     16   32   72   88   32   16   72   88                       -0.00282315592607205795                                                    
op     13   32   69   88   32   13   69   88                       -0.00493337387719035465                                                    
a_ia   13   32                                                      0.00099591486380623323                                                    
op      8   32   64   88   32    8   64   88                       -0.00520480292626318130                                                    
a_ia   69   88                                                      0.00100340973835820490                                                    
a_ia   77   86                                                      0.00125178607177421544                                                    
a_ia   37   38                                                      0.11877368183989590877                                                    
mvp2   24   37   80   89   37   24   80   89                        0.00495524646133007653   -0.30240359655189835708                          
om     24   40   80   85   40   24   80   85                        0.00243255962269240279                                                    
a_ia   84   94                                                     -0.13082685595291768110                                                    
a_ia   29   40                                                     -0.10101571662268167551                                                    
a_ia   68   85                                                      0.00099242509301673137                                                    
a_ia   68   80                                                     -0.16792878181714399055                                                    
mvp2   26   39   80   85   39   26   80   85                        0.00697727656742532908   -0.04715004847781743835                          
mvp2   24   38   80   93   38   24   80   93                        0.00701947900014324080    0.49614351128114853040                          
a_ia   85   93                                                      0.12703745999235635522                                                    
om     22   34   78   90   34   22   78   90                       -0.00755027380873566148                                                    
a_ia   22   34                                                     -0.00328954983721697382                                                    
a_ia   78   90                                                     -0.00329802350888405227                                                    
a_ia   12   25                                                     -0.13332784216502763242                                                    
op     19   34   75   90   34   19   75   90                       -0.00870950831579972093                                                    
a_ia   75   90                                                      0.00437167711428370839                                                    
a_ia   19   34                                                      0.00425288019369507962                                                    
op     21   34   77   90   34   21   77   90                       -0.00655856940877538354                                                    
a_ia   75   86                                                     -0.00005019148463557432                                                    
op     22   34   75   90   34   22   75   90                        0.00584280134277780777                                                    
a_ia   22   30                                                     -0.00133290041989760554                                                    
a_ia   29   40                                                     -0.06154524729020457302                                                    
mvp2   25   39   83   93   39   25   83   93                        0.00570275521773765809   -0.09325350364152953930                          
a_ia   18   28                                                     -0.00175405372579196840                                                    
mvp2   23   36   79   92   36   23   79   92                       -0.00346601303073203800    0.73868064633612662284                          
om     19   34   78   90   34   19   78   90                        0.00572698598933820378                                                    
a_ia   78   86                                                     -0.00100226623388479535                                                    
om     24   29   75   85   29   24   75   85                       -0.00000525293626485636                                                    
a_ia   75   85                                                     -0.01544905351302534348                                                    
a_ia   75   83                                                     -0.06582320382114686952                                                    
op     19   43   75   99   43   19   75   99                       -0.01167920892152791122                                                    
a_ia   75   99                                                      0.00292624863019489258                                                    
a_ia   19   43                                                      0.00287688543843053106                                                    
a_ia   75   80                                                      0.15315596128777630991                                                    
om     19   35   75   91   35   19   75   91                       -0.01340037388451096462                                                    
a_ia   75   91                                                     -0.00484647649732968672                                                    
a_ia   19   35                                                     -0.00496847246953637141                                                    
a_ia   26   43                                                     -0.00076981351226073128                                                    
a_ia   19   40                                                      0.00132435964359955082                                                    
a_ia   75   89                                                     -0.00212404446317472585                                                    
a_ia   80   99                                                     -0.00038276749173181098                                                    
a_ia   68   99                                                      0.00106839773686661808                                                    
op     19   35   75   99   35   19   75   99                        0.00817078318013082956                                                    
om     19   29   80   85   29   19   80   85                       -0.01233828904032111158                                                    
a_ia   19   29                                                      0.00375005495638958521                                                    
a_ia   12   24                                                     -0.12466353110743463861                                                    
a_ia   19   38                                                     -0.00056511389566458428                                                    
a_ia   29   43                                                      0.05548165144838519691                                                    
om     19   43   75   91   43   19   75   91                        0.00685700193846650388                                                    
a_ia   68   91                                                     -0.00084060939986382800                                                    
a_ia   68   75                                                     -0.15869463819290616224                                                    
om     22   43   75   99   43   22   75   99                        0.00728440960123210527                                                    
a_ia   22   43                                                     -0.00301225578664471652                                                    
a_ia   75   99                                                      0.00056889085272127126                                                    
op     22   35   75   91   35   22   75   91                        0.00956534233318275494                                                    
a_ia   22   35                                                      0.00433561234298399014                                                    
a_ia   29   35                                                      0.07866338698190313006                                                    
a_ia   75   80                                                      0.11247578258145045360                                                    
a_ia   19   37                                                     -0.00008031531309233867                                                    
a_ia   80   85                                                     -0.00711602015253915126                                                    
a_ia   23   28                                                      0.00444797515256772913                                                    
a_ia   27   30                                                     -0.00244649556630502276                                                    
a_ia   75   85                                                      0.01706528909865840521                                                    
a_ia   82   95                                                     -0.00136301543717102245                                                    
op     22   35   75   99   35   22   75   99                       -0.00571618440324177506                                                    
a_ia   85   99                                                      0.04532576415343834986                                                    
om     22   35   78   91   35   22   78   91                       -0.01128262585186003836                                                    
a_ia   78   91                                                      0.00417438317907198233                                                    
om     22   43   78   99   43   22   78   99                       -0.00634621977543073194                                                    
a_ia   78   99                                                     -0.00294065636505058204                                                    
op     19   43   78   99   43   19   78   99                        0.00749489497835136628                                                    
om     19   35   78   91   35   19   78   91                        0.00980584773126217529                                                    
om     19   43   78   91   43   19   78   91                       -0.00597645268147991172                                                    
op     19   35   78   99   35   19   78   99                       -0.00500211567278118982                                                    
a_ia   24   39                                                     -0.00091542771358076958                                                    
op     22   35   78   99   35   22   78   99                        0.00468045063393806443                                                    
om     22   43   78   91   43   22   78   91                        0.00436514947655441878                                                    
mvp2   22   44   75   99   44   22   75   99                       -0.00823386436410165727   -0.39132746178191130104                          
om     22   44   78   99   44   22   78   99                        0.00625578464124794918                                                    
a_ia   22   44                                                      0.00409326971959673991                                                    
a_ia   19   24                                                      0.31045594713022806044                                                    
a_ia   24   43                                                     -0.00108551798534805969                                                    
a_ia   24   29                                                     -0.00704218128149581690                                                    
mvp2   19   29   80   85   29   19   80   85                        0.01073224765694983859   -0.05846240281980293052                          
a_ia   80   85                                                      0.00750508531647196830                                                    
a_ia   24   44                                                     -0.00141325252398997125                                                    
a_ia   22   24                                                      0.00806490341365634529                                                    
a_ia   28   34                                                     -0.07511977686109529151                                                    
mvp2   22   44   78  100   44   22   78  100                       -0.00572830311145816704    0.72577734274765337563                          
a_ia   68  100                                                      0.00114944967809522611                                                    
mvp2   22   44   68  100   44   22   68  100                        0.00481217744486931581   -0.60540606062297908085                          
a_ia   22   44                                                     -0.00193452866364559619                                                    
op     22   43   78  100   43   22   78  100                        0.00507448366614257022                                                    
a_ia   78  100                                                     -0.00133017920816908670                                                    
om     22   43   68  100   43   22   68  100                       -0.00452681693623465786                                                    
a_ia   75  100                                                     -0.00108599743615153156                                                    
mvp2   12   44   68  100   44   12   68  100                       -0.00344725578011574997   -0.75588554856895939782                          
a_ia   78   89                                                      0.00119536133033915147                                                    
op     12   44   78  100   44   12   78  100                        0.00290848796229971297                                                    
a_ia   12   43                                                      0.00072214444677786370                                                    
mvp2   19   43   68  100   43   19   68  100                        0.00326950306712650443   -0.04560093481266013632                          
a_ia   80   91                                                     -0.00062227758226317980                                                    
a_ia   12   22                                                      0.23654027154317250337                                                    
mvp2   19   43   78  100   43   19   78  100                       -0.00284395570458263183   -0.06921857832775804575                          
a_ia   26   39                                                     -0.00141119305173178730                                                    
a_ia   85   91                                                      0.09360755487362695804                                                    
a_ia   19   44                                                     -0.00122030075264411447                                                    
a_ia   83   93                                                      0.00096487395041238745                                                    
mvp2   25   39   81   93   39   25   81   93                       -0.00533013424651112341   -0.04374796720305487024                          
a_ia   75   96                                                      0.00134102999637198479                                                    
a_ia   12   40                                                     -0.00079149169097759986                                                    
op     12   41   68   97   41   12   68   97                       -0.00423057743736445380                                                    
a_ia   68   89                                                      0.00049883653271245488                                                    
op     22   41   78   97   41   22   78   97                       -0.00401217792205768326                                                    
a_ia   12   37                                                      0.00051005858482498442                                                    
op     12   45   68  101   45   12   68  101                       -0.00377920537040252712                                                    
a_ia   12   45                                                      0.00048566488024681827                                                    
a_ia   68   94                                                     -0.00049838405132621416                                                    
op     12   46   68  102   46   12   68  102                       -0.00312861568360403054                                                    
a_ia   68  101                                                      0.00052690939780732408                                                    
op     12   47   68  103   47   12   68  103                       -0.00367514904692275903                                                    
op     12   48   68  104   48   12   68  104                       -0.00394717593337403413                                                    
op     12   53   68  109   53   12   68  109                       -0.00566932282371938445                                                    
op     12   49   68  105   49   12   68  105                       -0.00280211283042609144                                                    
op     12   51   68  107   51   12   68  107                       -0.00327232491159624691                                                    
op     12   52   68  108   52   12   68  108                       -0.00268914008143712659                                                    
op     12   52   68  107   52   12   68  107                       -0.00154425222858042312                                                    
op     12   51   68  108   51   12   68  108                       -0.00154466837847558607                                                    
op     12   55   68  111   55   12   68  111                       -0.00190128444324098910                                                    
op     12   54   68  110   54   12   68  110                       -0.00182877329880826232                                                    
op     12   50   68  106   50   12   68  106                       -0.00140491924225596260                                                    
op     13   36   69   92   36   13   69   92                       -0.00548560599238071250                                                    
a_ia   13   36                                                      0.00110580366724137374                                                    
op     15   32   71   88   32   15   71   88                       -0.00229559190576688514                                                    
op     22   53   68  109   53   22   68  109                       -0.00439219827470058513                                                    
a_ia   22   33                                                      0.00114277570921991756                                                    
op     22   53   78  109   53   22   78  109                       -0.00408284994599180263                                                    
a_ia   22   47                                                      0.00096847699734085163                                                    
op     12   53   78  109   53   12   78  109                       -0.00443422183573340990                                                    
op     12   42   68   98   42   12   68   98                       -0.00277021200389047277                                                    
a_ia   78  103                                                      0.00102198681130714940                                                    
op     19   41   75   97   41   19   75   97                       -0.00297955970758934964                                                    
a_ia   75   97                                                      0.00064775261338392951                                                    
a_ia   19   41                                                      0.00061982010721063467                                                    
op     22   48   78  104   48   22   78  104                       -0.00195995921126984217                                                    
a_ia   78  104                                                     -0.00031027739483667472                                                    
op     13   34   69   90   34   13   69   90                       -0.00752050723658537548                                                    
a_ia   76   90                                                     -0.00134779083048403438                                                    
a_ia   13   34                                                      0.00079081238687219704                                                    
