op     15   18   51   54   18   15   51   54                       -0.16499691257408816147                                                    
op     15   18   51   55   18   15   51   55                        0.00472142216782297369                                                    
op     14   18   51   54   18   14   51   54                        0.06393253268090245967                                                    
op     14   18   51   55   18   14   51   55                       -0.03091512550354745884                                                    
mvp2   15   19   51   55   19   15   51   55                       -0.00753593811626399133   -1.62261342609450887053                          
a_ia   18   19                                                     -0.82686327144490212593                                                    
op     17   19   53   55   19   17   53   55                       -0.04327421133900273553                                                    
a_ia   17   19                                                      0.01533546281176387770                                                    
a_ia   50   51                                                      0.90487002015508433139                                                    
a_ia   53   55                                                     -0.03543284371013261103                                                    
op     16   19   52   55   19   16   52   55                       -0.01951820545194439191                                                    
a_ia   15   16                                                     -0.28289464270063829909                                                    
mvp2   15   19   52   55   19   15   52   55                        0.03950921050365532872   -0.90096534438737563288                          
a_ia   14   16                                                     -0.54832814236790672346                                                    
a_ia   15   19                                                     -0.00016538425693060329                                                    
op     13   19   49   55   19   13   49   55                       -0.06758962962663407625                                                    
a_ia   13   19                                                      0.05169011835839862345                                                    
a_ia   49   52                                                     -0.62278898875288712933                                                    
mvp2   13   19   52   55   19   13   52   55                       -0.09299327491407805013   -0.93426394525274480962                          
om     17   18   53   54   18   17   53   54                       -0.00285731431440186230                                                    
op     12   19   48   55   19   12   48   55                       -0.00046373553028487434                                                    
a_ia   49   55                                                     -0.00663295827557801223                                                    
a_ia   48   55                                                     -0.00885121240173962140                                                    
a_ia   12   19                                                      0.01492378848637194652                                                    
a_ia   52   55                                                      0.02617043545605391916                                                    
a_ia   48   49                                                      0.77808364292147980112                                                    
a_ia   12   16                                                      1.25111733385916634731                                                    
a_ia   16   19                                                     -0.08651881998570468135                                                    
op     11   19   47   55   19   11   47   55                       -0.01310669271082929438                                                    
a_ia   17   18                                                      0.00491968132332763330                                                    
op     15   24   51   60   24   15   51   60                        0.00679377931559904495                                                    
a_ia   54   60                                                     -0.22220882978449821299                                                    
a_ia   18   24                                                     -0.11332016662249078109                                                    
a_ia   15   24                                                      0.00777092887768982780                                                    
a_ia   51   60                                                     -0.00314652914326780594                                                    
op     11   18   47   54   18   11   47   54                       -0.01613741944485378929                                                    
mvp2   13   18   50   54   18   13   50   54                        0.02102336437430591537    0.77844895499108124337                          
a_ia   13   18                                                     -0.01176243412715028379                                                    
a_ia   12   14                                                     -0.04224491652532903763                                                    
op     11   20   47   56   20   11   47   56                       -0.01238312770814150622                                                    
a_ia   52   54                                                      0.08376762719146869929                                                    
a_ia   49   54                                                      0.00305106264591382351                                                    
op     11   22   47   58   22   11   47   58                       -0.01217415680872285452                                                    
op     11   22   47   56   22   11   47   56                        0.01134046484652936372                                                    
a_ia   51   62                                                      0.00947425974838623369                                                    
op     11   20   47   58   20   11   47   58                        0.01002832157086437810                                                    
op     15   30   51   66   30   15   51   66                       -0.00705300875023217536                                                    
a_ia   15   26                                                      0.01107114805782450501                                                    
om     15   26   51   62   26   15   51   62                       -0.00734318772981249011                                                    
om     15   26   51   66   26   15   51   66                        0.00190307651111229709                                                    
a_ia   48   54                                                      0.00261436359701868425                                                    
om     17   19   53   54   19   17   53   54                       -0.00307808303420498619                                                    
a_ia   53   54                                                      0.20194530673217073180                                                    
a_ia   50   56                                                     -0.00337104814634205281                                                    
a_ia    9   14                                                      0.25739908984291459682                                                    
mvp2   15   18   51   66   18   15   51   66                       -0.00191918465766424207    0.04876206749930599160                          
a_ia   18   30                                                     -0.25882165982273630522                                                    
a_ia   18   26                                                      0.14888530603619815063                                                    
a_ia   13   17                                                     -0.37453852664862258282                                                    
a_ia   15   30                                                     -0.02694022617096336267                                                    
a_ia   15   25                                                     -0.01792633728769376170                                                    
mvp2   15   30   51   62   30   15   51   62                        0.00764682835035533463   -0.06608213307487631472                          
a_ia   18   27                                                      0.14138697936349803319                                                    
a_ia   18   28                                                      0.15003403321008279558                                                    
mvp2   15   18   51   62   18   15   51   62                       -0.00342403513288409107    0.04706758577293195661                          
op     11   21   47   57   21   11   47   57                       -0.00425310233984875410                                                    
a_ia   60   66                                                      0.55727289006572844343                                                    
op     11   21   47   58   21   11   47   58                        0.00454617709813657719                                                    
op     11   22   47   57   22   11   47   57                        0.00408975141053419516                                                    
om     17   22   53   58   22   17   53   58                       -0.01023967487392154867                                                    
a_ia   53   58                                                     -0.21246608814869860637                                                    
a_ia   50   54                                                      0.04498829209893597664                                                    
a_ia   17   22                                                      0.04371748917572320509                                                    
a_ia   54   58                                                     -0.05647565935819395810                                                    
a_ia   51   60                                                      0.00488466666873129708                                                    
op     11   27   47   63   27   11   47   63                       -0.00857481663028419536                                                    
op     11   27   47   61   27   11   47   61                       -0.00455957221486224997                                                    
a_ia   47   63                                                      0.00053601247487856008                                                    
a_ia   11   27                                                      0.00007706163136044485                                                    
op     11   23   47   59   23   11   47   59                       -0.00402335311921942201                                                    
a_ia   11   23                                                     -0.00369749418116369771                                                    
op     11   25   47   61   25   11   47   61                       -0.00427138903429691817                                                    
op     11   25   47   63   25   11   47   63                       -0.00429762959891849018                                                    
op     11   34   47   70   34   11   47   70                       -0.00517242708488973007                                                    
op     11   29   47   70   29   11   47   70                       -0.00252247442777325370                                                    
a_ia   47   70                                                     -0.00071967344924973821                                                    
mvp2   15   30   47   70   30   15   47   70                        0.00883011542068859977   -0.11834862184219524517                          
a_ia   11   29                                                     -0.00423586419583198322                                                    
mvp2   11   30   15   34   11   15   30   34                       -0.00794998832689654787    0.12776253842402232608                          
a_ia   18   29                                                      0.04975989603684939644                                                    
mvp2   15   18   47   70   18   15   47   70                       -0.00682256177152111738    0.09358936318230250129                          
op     11   29   47   65   29   11   47   65                       -0.00378265762220159237                                                    
a_ia   47   65                                                      0.01576985178351086522                                                    
a_ia   11   18                                                      0.00278889721974080610                                                    
op     11   31   47   67   31   11   47   67                       -0.00409445776477218321                                                    
op     11   32   47   68   32   11   47   68                       -0.00321345450046965847                                                    
a_ia   11   31                                                     -0.00030067643330669005                                                    
op     11   32   47   64   32   11   47   64                        0.00243211825151356089                                                    
op     11   35   47   71   35   11   47   71                       -0.00422432978769213350                                                    
op     11   35   47   64   35   11   47   64                        0.00255819514633926805                                                    
op     11   35   47   68   35   11   47   68                       -0.00034900999399631598                                                    
mvp2   15   30   47   65   30   15   47   65                        0.00694373193422709312   -0.31186907883132197750                          
mvp2   11   29   15   30   11   15   30   29                        0.00663363157639363342    0.21493507049443127954                          
a_ia   47   65                                                     -0.02185455874894307038                                                    
a_ia   15   29                                                      0.00040417858471642794                                                    
a_ia   15   28                                                      0.00043050553934227611                                                    
mvp2   15   18   47   65   18   15   47   65                       -0.00839568791144941484    0.05766240795798389246                          
mvp2   15   30   47   71   30   15   47   71                        0.00433682944122787753   -0.32428924656600038867                          
a_ia   59   66                                                      0.26551379816330122896                                                    
mvp2   16   19   53   55   19   16   53   55                        0.00540443628303660661   -0.26021464922114018181                          
a_ia   16   19                                                      0.07801708397517265192                                                    
a_ia   48   55                                                      0.01541058346412161641                                                    
a_ia   55   58                                                     -0.29882823984448647625                                                    
a_ia   54   55                                                     -0.24943818518737639889                                                    
a_ia   50   55                                                     -0.01692145918417826966                                                    
a_ia   54   58                                                     -0.01273666735308780391                                                    
mvp2   13   19   53   55   19   13   53   55                        0.04591034531962491505   -0.39807272930270565237                          
a_ia   53   55                                                      0.16476565293948375324                                                    
a_ia   50   58                                                      0.00120704893855304849                                                    
a_ia   15   18                                                      0.01275753765344520355                                                    
mvp2   11   18   15   34   11   15   18   34                        0.00648037774483437891   -0.10729660138142252390                          
a_ia   18   34                                                      0.04541859854211820896                                                    
mvp3   11   18   15   29   11   15   29   18   11   15   18   29    0.00679960898020573381    0.20237794670841979805   -0.09736668691751222682
a_ia   14   19                                                      0.00611230462888395342                                                    
a_ia   54   55                                                     -0.16294070448514083593                                                    
om     47   60   51   61   47   51   60   61                       -0.00350199512065928718                                                    
a_ia   51   61                                                     -0.00144754365825881652                                                    
mvp3   11   18   15   28   11   15   28   18   11   15   18   28   -0.00580629891184696045    0.38202693889848665654    0.14938892811294221530
a_ia   11   15                                                     -0.02417307555421428084                                                    
mvp2   15   24   51   60   24   15   51   60                       -0.01261507659285223196   -0.38511728337711809145                          
om     17   21   53   57   21   17   53   57                       -0.01129348088083989392                                                    
a_ia   53   58                                                      0.20849606078844679091                                                    
a_ia   17   21                                                     -0.00145099378429246542                                                    
a_ia   53   57                                                      0.00024383592185295516                                                    
mvp2   17   22   53   55   22   17   53   55                        0.00589963920603868864    0.20674969604802148626                          
a_ia   17   22                                                     -0.03908484230104633528                                                    
mvp2   17   22   53   54   22   17   53   54                        0.00337615516292976174   -0.00063136496629964385                          
a_ia   53   54                                                     -0.15402393246539422544                                                    
a_ia   50   52                                                      0.52997172841845352487                                                    
a_ia   54   55                                                     -0.13051445091264199383                                                    
a_ia   50   55                                                      0.01564048069503905930                                                    
a_ia   52   55                                                      0.05838174428317081249                                                    
a_ia   52   54                                                     -0.08356085763880305439                                                    
op      1   34   37   70   34    1   37   70                       -0.00314295285851703228                                                    
a_ia   37   70                                                      0.00233966130440931138                                                    
a_ia    1   34                                                      0.00346363917450161207                                                    
mvp2    1   34   50   54   34    1   50   54                        0.01893925315755667915    0.60557766890344144617                          
mvp2   37   54   50   70   37   50   54   70                       -0.01133228322893754629    0.45337713727923051321                          
mvp2    1   21   37   70   21    1   37   70                       -0.00657521879494835006   -0.62834203029452684319                          
a_ia    1   21                                                      0.00034869662455218011                                                    
mvp2    1   21   37   57   21    1   37   57                       -0.00782828338246570506    0.85193056580199422179                          
a_ia   54   70                                                      0.06451764252627516238                                                    
mvp2    1   34   37   57   34    1   37   57                       -0.00628649033328432510    0.10833837598455914319                          
mvp2    1   34   37   56   34    1   37   56                        0.00681820223404351264   -0.77953323248208628016                          
a_ia   52   56                                                      0.00430596730536798953                                                    
mvp2    1   20   37   56   20    1   37   56                       -0.00795228145451751071   -0.70520924526768968832                          
a_ia    1   34                                                     -0.00134949838075527689                                                    
a_ia    1   20                                                      0.00020785208314545991                                                    
mvp2    1   21   37   56   21    1   37   56                        0.00561672941402678767    0.31444329838167334179                          
a_ia   55   57                                                     -0.05671680053975829139                                                    
a_ia   55   70                                                      0.07072707459729411783                                                    
a_ia   54   57                                                     -0.03858452981949209853                                                    
mvp2    1   20   37   70   20    1   37   70                        0.00690566003931361236    0.14886333966195003375                          
mvp2    1   19   37   55   19    1   37   55                       -0.01057331739186270769   -0.14218625172156010295                          
a_ia   52   70                                                      0.00202657450869511268                                                    
a_ia   53   70                                                     -0.00209128953464832092                                                    
a_ia   13   16                                                      0.87205004799712093622                                                    
mvp2    1   20   37   57   20    1   37   57                        0.00604398167306223477    0.01892612457781923246                          
mvp2    1   34   51   66   34    1   51   66                        0.00647028158428109186   -0.12283164033894813927                          
a_ia   17   34                                                     -0.00237220827859612252                                                    
mvp2    1   20   51   66   20    1   51   66                       -0.00565023445959267605    0.05410702018060169899                          
a_ia   51   53                                                     -0.07249127557392041898                                                    
mvp2    1   20   51   54   20    1   51   54                        0.01166522155978685568   -0.12001916683337342240                          
mvp2    1   34   51   54   34    1   51   54                       -0.01265244840169498473    0.02223473375942563307                          
a_ia   51   54                                                      0.00285149520149346331                                                    
mvp2    1   21   51   66   21    1   51   66                        0.00418685575169534200   -0.01013934610280585631                          
a_ia   51   52                                                      0.34639703317126774307                                                    
a_ia   52   66                                                      0.00285494687046142573                                                    
a_ia   14   16                                                      0.16697558483861849044                                                    
mvp2    1   21   51   54   21    1   51   54                       -0.00830730125883383068    0.08417166310100479554                          
a_ia   58   59                                                     -0.22170108945566516234                                                    
op      1   27   37   63   27    1   37   63                       -0.00408065583678845437                                                    
a_ia    1   27                                                     -0.00142913978929852048                                                    
a_ia   37   63                                                     -0.00022622991191814331                                                    
a_ia   54   63                                                      0.18330086093277619952                                                    
mvp2    1   34   37   63   34    1   37   63                       -0.00319802084496265517    0.26387131046738698803                          
mvp2   15   30   37   71   30   15   37   71                       -0.00269652659048720761    0.58999840531036662483                          
a_ia   47   71                                                     -0.00605953131774505938                                                    
a_ia   37   61                                                      0.00046094269158214571                                                    
a_ia   37   71                                                      0.00884340237263592059                                                    
mvp2   15   26   37   71   26   15   37   71                        0.00286946976668717331    0.08054162358257249688                          
mvp2    1   35   37   71   35    1   37   71                       -0.00562201147150714637   -0.65912965095558950779                          
a_ia    1   15                                                     -0.01461995566581597572                                                    
op      1   25   37   61   25    1   37   61                       -0.00450285986455474779                                                    
a_ia    1   25                                                      0.00018157688775291420                                                    
mvp2   15   24   37   59   24   15   37   59                       -0.00615306595950002207    0.39055331041573682072                          
a_ia   37   59                                                     -0.00471006600362524827                                                    
mvp2   11   35   47   65   35   11   47   65                       -0.00386803638016617506   -0.37556792686920753566                          
a_ia   60   62                                                     -0.59629118649607959490                                                    
op      1   32   37   68   32    1   37   68                       -0.00577834178161750183                                                    
a_ia    1   32                                                     -0.00959745930658030544                                                    
a_ia   37   47                                                      0.20052235679964627857                                                    
a_ia   37   68                                                      0.00171992329397755057                                                    
mvp2    1   28   37   68   28    1   37   68                        0.00234043173564288170    0.98702588971048821342                          
a_ia   18   31                                                      0.07569909946992835204                                                    
om      1   35   47   71   35    1   47   71                        0.00290005486713231344                                                    
mvp2    1   32   37   71   32    1   37   71                        0.00308921396723009197    0.84811362991474148476                          
a_ia   37   71                                                      0.00598265969108343655                                                    
mvp2    1   34   37   68   34    1   37   68                       -0.00671496068442317077    0.63057606314557801408                          
mvp2    1   34   37   71   34    1   37   71                        0.00355157342213032520   -0.22404258557934952911                          
mvp2    1   35   37   68   35    1   37   68                        0.00318442344429850470    0.16252175723617237613                          
a_ia   47   68                                                     -0.00210986028139677510                                                    
a_ia   55   63                                                      0.22085657411620621127                                                    
a_ia   53   63                                                     -0.00452975380733684676                                                    
a_ia   51   66                                                     -0.00624477576946132987                                                    
a_ia   50   66                                                      0.00299231405190108829                                                    
a_ia   55   66                                                      0.09650780728023512778                                                    
a_ia   54   66                                                     -0.08562245997491021998                                                    
mvp2   11   32   37   68   32   11   37   68                       -0.00383850936083087639   -0.58914807400745350385                          
a_ia   19   27                                                      0.22752943783399337541                                                    
a_ia   15   25                                                      0.01438782643375309533                                                    
a_ia   19   22                                                     -0.21123190169628811019                                                    
a_ia   14   16                                                      0.08845408557945612371                                                    
a_ia   17   19                                                      0.00903863120931922177                                                    
a_ia   19   30                                                      0.18349090120927680214                                                    
a_ia   19   26                                                     -0.08701516055003855055                                                    
a_ia   19   34                                                      0.07616343188992330537                                                    
a_ia   55   66                                                      0.04921774610399881622                                                    
a_ia   15   19                                                     -0.00321180814140306246                                                    
a_ia   15   30                                                      0.00808120360252688810                                                    
mvp2    1   32   37   64   32    1   37   64                        0.00335517342700006153   -0.18834576397443053564                          
a_ia    1   32                                                      0.00243139722217596216                                                    
mvp2   11   28   47   64   28   11   47   64                       -0.00355396109257919823    0.81148311122709826382                          
a_ia   47   64                                                      0.00399637974069485397                                                    
a_ia   15   34                                                     -0.00128682774231643851                                                    
a_ia   13   21                                                      0.00322769915882318605                                                    
a_ia   48   57                                                     -0.00280778753198680960                                                    
a_ia   48   56                                                     -0.00340255227135003498                                                    
a_ia   48   70                                                     -0.00136088236535760647                                                    
a_ia   49   57                                                      0.00319931982200967772                                                    
a_ia   49   56                                                      0.00292045952260630483                                                    
a_ia   12   16                                                      0.48634868603306885548                                                    
a_ia    1   32                                                      0.00453158630046805733                                                    
a_ia   49   70                                                      0.00090733144984941709                                                    
a_ia   18   33                                                     -0.05579809596864359483                                                    
mvp2    1   34   47   68   34    1   47   68                       -0.00359827466406732049    0.60368900552267568127                          
a_ia   47   68                                                     -0.00310657584019795145                                                    
mvp2   11   34   47   68   34   11   47   68                       -0.00340885079949880933   -0.18368040015394568321                          
a_ia   11   34                                                     -0.00125043074077882399                                                    
mvp2    1   34   37   64   34    1   37   64                        0.00307469160614967738   -0.41767388834645258200                          
a_ia   47   64                                                     -0.00301125928814513369                                                    
mvp2   11   32   47   65   32   11   47   65                       -0.00284801603172771603   -0.00365410199137761616                          
mvp2   11   34   47   64   34   11   47   64                        0.00321735632223436267   -0.10644780942534430579                          
a_ia   19   24                                                      0.07794335242745623060                                                    
mvp2    1   28   37   64   28    1   37   64                       -0.00284013291088284006   -0.72230763109141615796                          
a_ia   37   64                                                     -0.00179592297311112633                                                    
a_ia   18   32                                                     -0.08582960446346363237                                                    
mvp2    1   35   37   70   35    1   37   70                        0.00504377086119309464    0.11596705008321701869                          
mvp2    1   32   37   70   32    1   37   70                       -0.00557660097441459515   -0.33327264369762954477                          
a_ia   19   32                                                     -0.10631691074102087025                                                    
a_ia   51   55                                                     -0.00778519622449989381                                                    
a_ia   51   63                                                     -0.00317149563908071530                                                    
mvp2   15   30   37   70   30   15   37   70                        0.00400765517128813184   -0.10510472357418085276                          
op      1   24   37   60   24    1   37   60                       -0.00380757722426323985                                                    
a_ia   19   28                                                      0.11927978374308685627                                                    
a_ia   11   19                                                      0.00529512515277338110                                                    
a_ia   19   31                                                      0.11803532775823281920                                                    
a_ia   19   33                                                     -0.06506414425675449698                                                    
a_ia   18   19                                                     -0.17880926759609541699                                                    
om     12   21   48   57   21   12   48   57                       -0.00770169594923563253                                                    
a_ia   12   21                                                     -0.00269309097747321606                                                    
a_ia   14   16                                                      0.04351677446947103262                                                    
a_ia   13   20                                                      0.00310690655367355274                                                    
a_ia   13   27                                                      0.00205870101948508240                                                    
a_ia   16   21                                                      0.00289279532469065119                                                    
a_ia   49   66                                                      0.00188487543747882492                                                    
a_ia   49   54                                                     -0.00811729760269507515                                                    
a_ia   49   55                                                     -0.00321161071533035587                                                    
op     12   20   48   56   20   12   48   56                       -0.00849694790878282626                                                    
a_ia   12   20                                                     -0.00292942154839486183                                                    
mvp2   11   28   47   68   28   11   47   68                        0.00318805024474284578    0.17688929932345726082                          
a_ia   47   68                                                      0.00642495948754839754                                                    
mvp2   15   30   37   71   30   15   37   71                       -0.00319429933768139397   -0.06726814224124073871                          
a_ia   17   25                                                     -0.00349760662869722308                                                    
a_ia   53   63                                                      0.00087973181879121205                                                    
a_ia   17   23                                                     -0.00228666406807543927                                                    
a_ia   53   61                                                     -0.00175222420350263611                                                    
a_ia   16   20                                                      0.00257019407513544521                                                    
mvp2   11   32   37   70   32   11   37   70                       -0.00372385937214312918   -0.08793624539408589902                          
a_ia   15   24                                                     -0.00070484135323596337                                                    
om      1   28   37   70   28    1   37   70                        0.00269270430748446473                                                    
a_ia   13   25                                                      0.00390535620483113081                                                    
a_ia   13   23                                                      0.00157862396410024834                                                    
mvp2   13   25   51   60   25   13   51   60                       -0.00697653785646206673   -0.28886098431232765105                          
a_ia   51   60                                                      0.00244540501851467839                                                    
mvp2   15   24   51   62   24   15   51   62                       -0.00756121849149460953   -0.05077315979636785881                          
a_ia   51   62                                                      0.00305337072760554539                                                    
mvp2   15   24   51   60   24   15   51   60                       -0.00766304345625791992    0.06583703123978135174                          
mvp2    1   23   51   60   23    1   51   60                       -0.00628223691325365333   -0.26525700625101589214                          
a_ia    1   23                                                     -0.00326456008894876297                                                    
