op     16   30   60   74   30   16   60   74                       -0.01601458087479994130                                                    
op     16   24   60   68   24   16   60   68                       -0.01028619096030423258                                                    
op     16   26   60   70   26   16   60   70                       -0.00703022733828754468                                                    
op     16   28   60   72   28   16   60   72                       -0.01045858291901270026                                                    
op     16   27   60   71   27   16   60   71                       -0.00833192502448564833                                                    
a_ia   16   27                                                      0.00316126047820772813                                                    
op     16   25   60   69   25   16   60   69                       -0.00637570310656142281                                                    
op     16   32   60   76   32   16   60   76                       -0.00716574657039187324                                                    
a_ia   60   71                                                      0.00347451877470843521                                                    
op     16   34   60   78   34   16   60   78                       -0.00515053526106091716                                                    
op     16   35   60   79   35   16   60   79                       -0.01116132804372150893                                                    
op     16   39   60   83   39   16   60   83                       -0.01133414396915644051                                                    
op     16   33   60   77   33   16   60   77                       -0.00520551140853629888                                                    
op     16   38   60   82   38   16   60   82                       -0.00682506153937708498                                                    
op     16   36   60   80   36   16   60   80                       -0.00492579172858194098                                                    
op     16   40   60   84   40   16   60   84                       -0.00583774053700155792                                                    
op     16   40   60   83   40   16   60   83                       -0.00454281770986622157                                                    
op     16   39   60   84   39   16   60   84                       -0.00432036456253712033                                                    
op     16   38   60   84   38   16   60   84                       -0.00255054896415834228                                                    
op     18   30   62   74   30   18   62   74                       -0.00682630876025775227                                                    
a_ia   18   30                                                     -0.00212732140028797654                                                    
op     10   30   54   74   30   10   54   74                       -0.01322131632425358090                                                    
a_ia   59   74                                                      0.00105812705673062027                                                    
a_ia   10   30                                                      0.00175249896310064124                                                    
a_ia   54   74                                                      0.00174434134232707397                                                    
op      9   30   53   74   30    9   53   74                       -0.00955920935330606056                                                    
a_ia    9   30                                                     -0.00165943396168705235                                                    
op     13   30   57   74   30   13   57   74                       -0.00459255427669945371                                                    
a_ia   53   74                                                     -0.00134179118484508103                                                    
om     10   30   53   74   30   10   53   74                        0.00603417243385146775                                                    
om      9   30   54   74   30    9   54   74                        0.00615651276866500778                                                    
op     15   35   59   79   35   15   59   79                       -0.03475340141095751428                                                    
op     15   26   59   70   26   15   59   70                       -0.00506826156000499128                                                    
a_ia   15   35                                                     -0.00419468534604029546                                                    
op     15   24   59   68   24   15   59   68                       -0.00371096046407618386                                                    
op     15   28   59   72   28   15   59   72                       -0.01497138204091881704                                                    
a_ia   15   28                                                      0.00338421586503274367                                                    
om     15   28   59   79   28   15   59   79                        0.01797608914197744434                                                    
op     15   26   59   79   26   15   59   79                       -0.00246512764075692463                                                    
a_ia   59   79                                                     -0.00495981308124780838                                                    
a_ia   15   26                                                      0.00010374881038047377                                                    
a_ia   59   72                                                      0.00372990586828894893                                                    
op     15   32   59   76   32   15   59   76                       -0.01096499829758773754                                                    
om     15   27   59   71   27   15   59   71                       -0.01086740921734287262                                                    
op     15   29   59   73   29   15   59   73                       -0.00318100377944911545                                                    
op     15   31   59   75   31   15   59   75                       -0.00474408099537423737                                                    
op     16   36   60   83   36   16   60   83                        0.00393989688228241902                                                    
op     16   39   60   80   39   16   60   80                        0.00287089268038443618                                                    
op     16   39   60   82   39   16   60   82                        0.00238420503375361484                                                    
om     10   30   61   74   30   10   61   74                        0.00612201383670575930                                                    
op     17   30   54   74   30   17   54   74                        0.00735359774084025711                                                    
op     14   23   58   67   23   14   58   67                       -0.01858562307290900772                                                    
op     14   24   58   68   24   14   58   68                       -0.01458032914886141576                                                    
op     10   23   54   67   23   10   54   67                       -0.00517731521081534005                                                    
op     14   23   54   67   23   14   54   67                       -0.00152249434831728332                                                    
op     10   23   58   67   23   10   58   67                       -0.00397162588867432890                                                    
a_ia   58   67                                                     -0.00055406002300788357                                                    
a_ia   17   30                                                     -0.00120479657722755780                                                    
op     10   24   58   68   24   10   58   68                       -0.00342538804267883369                                                    
op     14   24   54   68   24   14   54   68                       -0.00193500687196411351                                                    
op     13   24   57   68   24   13   57   68                       -0.01809768225481248397                                                    
op     13   24   53   68   24   13   53   68                        0.00967999489528173669                                                    
op      9   24   57   68   24    9   57   68                        0.00979854047254418228                                                    
op      9   24   53   68   24    9   53   68                       -0.00539524937097814530                                                    
om     10   27   54   71   27   10   54   71                       -0.01808261248606010674                                                    
a_ia   10   27                                                     -0.00328456788031126655                                                    
a_ia   54   71                                                     -0.00397789060286251640                                                    
op     16   32   59   76   32   16   59   76                        0.00880032436815582873                                                    
om     16   35   59   79   35   16   59   79                        0.02072210438611847561                                                    
om     15   35   59   70   35   15   59   70                        0.00328684767423950697                                                    
op     15   32   60   76   32   15   60   76                        0.00631489401435481913                                                    
op     15   35   60   79   35   15   60   79                        0.01295981193844268110                                                    
a_ia   59   70                                                      0.00035851732744835173                                                    
op     16   31   60   75   31   16   60   75                       -0.00363383219905543883                                                    
om     15   35   60   70   35   15   60   70                       -0.00197769674788591827                                                    
op     17   24   61   68   24   17   61   68                       -0.00160303759648955726                                                    
mvp2   16   34   59   79   34   16   59   79                        0.01350595636799033217    0.20692067616280790388                          
mvp2   15   35   59   72   35   15   59   72                        0.01645951381882156464   -0.21588915383047313501                          
mvp2   16   34   60   79   34   16   60   79                       -0.00440392075601390900   -0.19720691045319377332                          
om     17   30   61   74   30   17   61   74                       -0.00387919801539064746                                                    
op      6   30   50   74   30    6   50   74                       -0.00457069057902146584                                                    
op     13   24   56   68   24   13   56   68                       -0.00746127888842247709                                                    
op     12   24   57   68   24   12   57   68                       -0.00717953533842421478                                                    
op     10   22   54   66   22   10   54   66                       -0.00141817554700793790                                                    
mvp2   15   35   60   78   35   15   60   78                        0.00923305611726080167   -0.39027324626861020773                          
a_ia   15   34                                                      0.00201079306402468646                                                    
op     16   35   60   78   35   16   60   78                       -0.00628722220474934278                                                    
op     12   24   56   68   24   12   56   68                       -0.00290553662270608831                                                    
op     16   29   60   70   29   16   60   70                        0.00445859390311788284                                                    
a_ia   59   78                                                      0.00240630328865725288                                                    
om     15   34   59   78   34   15   59   78                       -0.00510313590642715378                                                    
a_ia   60   70                                                     -0.00082932214912922542                                                    
mvp2   16   35   60   70   35   16   60   70                        0.00721760034299953439   -0.28466019066235120905                          
om     13   28   57   72   28   13   57   72                       -0.00775267891062953254                                                    
a_ia   13   28                                                      0.00080764129527670868                                                    
a_ia   57   72                                                      0.00039625357231562876                                                    
mvp2   15   35   57   79   35   15   57   79                       -0.00203232706304469967    0.03083189137358481255                          
om     16   35   57   79   35   16   57   79                        0.00184483098962350705                                                    
om     16   39   57   83   39   16   57   83                        0.00979845139690023285                                                    
op     16   32   57   76   32   16   57   76                        0.00158117682737013150                                                    
mvp2   13   35   59   79   35   13   59   79                       -0.00232911437106413707   -0.14332918408344416661                          
op     13   39   57   83   39   13   57   83                       -0.01120133632853979183                                                    
op     13   39   60   83   39   13   60   83                        0.00951750449327003027                                                    
op     13   31   57   75   31   13   57   75                       -0.00662864707169598302                                                    
a_ia   26   35                                                      0.30052967677602765439                                                    
op     13   32   57   76   32   13   57   76                       -0.00190778744921669074                                                    
op     13   32   60   76   32   13   60   76                        0.00120320748810061784                                                    
op     13   33   57   77   33   13   57   77                       -0.00578967412275795644                                                    
op     16   33   57   77   33   16   57   77                        0.00403310311469222936                                                    
om     16   39   57   84   39   16   57   84                        0.00604004598126907811                                                    
om     13   39   60   84   39   13   60   84                        0.00532869483088243244                                                    
om     13   39   57   84   39   13   57   84                       -0.00453410895402588717                                                    
op     13   40   57   84   40   13   57   84                       -0.00661799462222664812                                                    
om     16   40   57   84   40   16   57   84                        0.00560448070569200853                                                    
op     13   40   60   84   40   13   60   84                        0.00510431849308646667                                                    
om     13   40   60   83   40   13   60   83                        0.00563253943496720005                                                    
om     16   40   57   83   40   16   57   83                        0.00609498952384109841                                                    
om     13   40   57   83   40   13   57   83                       -0.00465271983999692579                                                    
om     15   39   60   83   39   15   60   83                        0.00035095992609049864                                                    
op     15   32   57   76   32   15   57   76                       -0.00169064963896495128                                                    
a_ia   15   32                                                      0.00200934976484887316                                                    
op     15   39   57   83   39   15   57   83                       -0.00034701818843328020                                                    
op     13   33   60   77   33   13   60   77                        0.00347687693845632421                                                    
a_ia   13   33                                                     -0.00056832108704078094                                                    
op     10   34   54   78   34   10   54   78                       -0.00450259365183810090                                                    
a_ia   54   78                                                      0.00003920755132442382                                                    
op     10   31   54   75   31   10   54   75                       -0.00473318207473031986                                                    
mvp2   10   34   59   79   34   10   59   79                       -0.01219874826201237765   -0.19371302809559901026                          
a_ia   10   34                                                     -0.00033996291767242445                                                    
mvp2   54   78   59   79   54   59   79   78                       -0.01230239002219492284   -0.30857819954526133355                          
a_ia   54   79                                                      0.00084528571930534346                                                    
mvp2   15   32   57   83   32   15   57   83                        0.00349404759602537415    0.03753847025617564059                          
om     10   40   54   84   40   10   54   84                       -0.00115153595103665240                                                    
op     10   25   54   69   25   10   54   69                       -0.00439091675161460901                                                    
op     10   40   54   69   40   10   54   69                       -0.00140353022163878919                                                    
om     14   40   58   84   40   14   58   84                       -0.01615146203871540079                                                    
om     10   40   58   84   40   10   58   84                       -0.00317877053221872442                                                    
om     14   40   54   84   40   14   54   84                       -0.00105161122485637835                                                    
op     14   31   58   75   31   14   58   75                       -0.00693787309890133048                                                    
op     14   41   58   85   41   14   58   85                       -0.01716770163920455783                                                    
op     15   41   58   85   41   15   58   85                        0.00603840589197665676                                                    
op     14   41   54   85   41   14   54   85                        0.00017258185091032912                                                    
op     10   41   58   85   41   10   58   85                       -0.00220509716622078848                                                    
op     10   41   54   85   41   10   54   85                        0.00001945188026777946                                                    
op     15   41   54   85   41   15   54   85                       -0.00065991663756172854                                                    
op     14   41   59   85   41   14   59   85                        0.00416867569088404544                                                    
op     10   41   59   85   41   10   59   85                       -0.00009883251932455366                                                    
op     15   41   59   85   41   15   59   85                       -0.00438330915722295357                                                    
om     14   25   58   69   25   14   58   69                       -0.01123916516483164894                                                    
op     14   41   58   84   41   14   58   84                        0.00700856057836264385                                                    
op     15   41   58   84   41   15   58   84                       -0.00591751228471567876                                                    
op     14   25   58   84   25   14   58   84                       -0.00582264101907142579                                                    
op     10   33   54   77   33   10   54   77                       -0.00445070024567672303                                                    
a_ia   59   69                                                     -0.00163776140219627276                                                    
a_ia   10   33                                                     -0.00056479360183751945                                                    
om     10   36   54   80   36   10   54   80                       -0.00625565396876922187                                                    
om     10   38   54   82   38   10   54   82                       -0.00460763651476900609                                                    
op     10   37   54   81   37   10   54   81                       -0.00265186297990870805                                                    
mvp2   14   41   59   84   41   14   59   84                       -0.00461646532717772257   -0.07149809018853860165                          
om     14   40   58   85   40   14   58   85                        0.00753048293316119222                                                    
op     14   40   59   85   40   14   59   85                       -0.00625326584193280390                                                    
mvp2   15   40   58   85   40   15   58   85                       -0.00579521198182327522    0.06953866033905796440                          
op     15   40   59   84   40   15   59   84                       -0.00254689009663991960                                                    
om     14   40   58   69   40   14   58   69                       -0.01189962127418288731                                                    
om     14   29   58   85   29   14   58   85                        0.00713481709201998528                                                    
a_ia   26   35                                                      0.15804967455027746359                                                    
om     18   27   62   71   27   18   62   71                       -0.00602346601080282120                                                    
om     14   33   58   77   33   14   58   77                       -0.00838457006559326090                                                    
op     13   37   57   81   37   13   57   81                       -0.00402147174844447695                                                    
op     10   42   54   86   42   10   54   86                       -0.00117304759677438401                                                    
op     10   43   54   87   43   10   54   87                       -0.00188578190291861553                                                    
op     13   42   57   86   42   13   57   86                       -0.00232867978314263858                                                    
op     14   39   58   83   39   14   58   83                       -0.00502614530133727987                                                    
om     15   33   59   77   33   15   59   77                       -0.00179657980427076563                                                    
op     14   37   58   81   37   14   58   81                       -0.00491115541793843077                                                    
om     15   39   59   83   39   15   59   83                       -0.00147020533261898729                                                    
om     14   38   58   82   38   14   58   82                       -0.00494890727395842778                                                    
op     13   38   57   82   38   13   57   82                       -0.00261632491250783292                                                    
op     10   38   58   84   38   10   58   84                        0.00174599907142454144                                                    
op     14   38   58   84   38   14   58   84                        0.00697989457246537930                                                    
a_ia   54   73                                                      0.00083286460009478799                                                    
om     18   28   62   72   28   18   62   72                       -0.00515709967563577915                                                    
a_ia   62   72                                                     -0.00063202507376003295                                                    
op      9   24   56   68   24    9   56   68                        0.00421882790970905860                                                    
om     10   41   58   84   41   10   58   84                        0.00009119365504935934                                                    
om     17   27   61   71   27   17   61   71                       -0.00677598589379554105                                                    
a_ia   61   71                                                      0.00294890788611657916                                                    
a_ia   17   27                                                      0.00401890782608590839                                                    
op      9   27   53   71   27    9   53   71                       -0.00760458009406077013                                                    
op     17   34   61   78   34   17   61   78                       -0.00289208913530564779                                                    
a_ia   61   78                                                      0.00062183615992964663                                                    
a_ia   17   34                                                      0.00093648418995158139                                                    
a_ia   61   72                                                      0.00143834868602930963                                                    
op     17   31   61   75   31   17   61   75                       -0.00314853476818622875                                                    
a_ia   70   79                                                      0.45479889968729581007                                                    
mvp2   17   35   59   79   35   17   59   79                       -0.01077953255270183534   -0.26215580204190203073                          
a_ia   17   35                                                     -0.00049354430468293150                                                    
op     17   31   59   75   31   17   59   75                       -0.00525775072352053542                                                    
mvp2   17   34   59   79   34   17   59   79                        0.00977332386618716409    0.39496750261286478478                          
mvp2   59   78   61   79   59   61   78   79                       -0.00747399970604476979   -0.34038932053304055136                          
a_ia   59   61                                                      0.30661565232873322362                                                    
a_ia   61   79                                                     -0.00018456824933862573                                                    
a_ia   26   35                                                      0.19808473895060094150                                                    
mvp2   17   34   61   79   34   17   61   79                        0.00100834370407121635   -0.25827023429108486585                          
op      6   27   50   71   27    6   50   71                       -0.00582752015779868481                                                    
a_ia   50   71                                                     -0.00092708013775026936                                                    
a_ia    6   27                                                     -0.00093721265732652566                                                    
op      9   31   53   75   31    9   53   75                       -0.00603761766868697678                                                    
mvp2   18   35   59   79   35   18   59   79                        0.00507570701840257335    0.09734064927919297561                          
om      9   28   53   72   28    9   53   72                       -0.00541422829156693736                                                    
mvp2   17   34   59   76   34   17   59   76                       -0.00482021636173486732   -0.11310923440665321404                          
op      1   27   45   71   27    1   45   71                       -0.00680827142442401445                                                    
op      1   30   45   74   30    1   45   74                       -0.00347504485565829383                                                    
mvp2    9   34   59   79   34    9   59   79                       -0.00480314051503965330   -0.22331136215575894677                          
mvp2    9   35   59   79   35    9   59   79                       -0.00524770487297400272   -0.16332682946617402275                          
op      6   28   50   72   28    6   50   72                       -0.00628219964040024979                                                    
a_ia   50   72                                                     -0.00093969783713873287                                                    
a_ia    6   28                                                     -0.00087414668332898326                                                    
op      6   31   50   75   31    6   50   75                       -0.00278431887525751017                                                    
op     14   38   54   84   38   14   54   84                        0.00071083817629487235                                                    
a_ia   10   14                                                     -0.43251768551509883753                                                    
om     14   41   54   84   41   14   54   84                       -0.00052833225228552695                                                    
mvp2    9   29   59   79   29    9   59   79                       -0.00388479704332645413   -0.23163878614085325891                          
a_ia   29   35                                                     -0.28355199395683378105                                                    
om     13   41   57   84   41   13   57   84                       -0.00169239751551128600                                                    
om     14   40   58   82   40   14   58   82                        0.00619658006566421553                                                    
om     10   40   58   82   40   10   58   82                        0.00496012541038640554                                                    
om     14   40   54   82   40   14   54   82                        0.00185276551050165324                                                    
op     14   33   54   77   33   14   54   77                       -0.00211599836998812392                                                    
a_ia   54   58                                                     -0.51673632554738624378                                                    
a_ia   54   77                                                     -0.00083374405404650531                                                    
om     10   33   58   77   33   10   58   77                       -0.00335700440915659079                                                    
a_ia   58   77                                                     -0.00082846713894627988                                                    
om     14   33   60   77   33   14   60   77                        0.00328883206197481612                                                    
om     10   33   54   82   33   10   54   82                        0.00326157044192041572                                                    
mvp2    9   36   59   79   36    9   59   79                        0.00537155967149048445    0.27858196327278511584                          
a_ia   18   36                                                     -0.00052700320719185456                                                    
mvp2   18   36   59   79   36   18   59   79                        0.00409229801880555029    0.29719531778330454674                          
mvp2   15   32   60   83   32   15   60   83                       -0.00499564207358908514   -0.17449893527546114780                          
op     15   38   54   82   38   15   54   82                       -0.00276718417606723653                                                    
op     15   41   54   84   41   15   54   84                       -0.00031751038761293162                                                    
a_ia   15   38                                                      0.00060036574472886934                                                    
om      1   27   44   71   27    1   44   71                        0.00361242074151058717                                                    
a_ia   45   71                                                     -0.00064967686807122554                                                    
op     17   40   58   84   40   17   58   84                       -0.00545703493138554804                                                    
op     17   38   58   82   38   17   58   82                       -0.00438840166054974608                                                    
op     17   38   54   84   38   17   54   84                        0.00343375789666633879                                                    
om     17   40   54   82   40   17   54   82                        0.00348637586725683091                                                    
op     17   38   58   84   38   17   58   84                        0.00243363811193353288                                                    
op     17   40   54   84   40   17   54   84                       -0.00286035619025379415                                                    
op      6   23   50   67   23    6   50   67                       -0.00264884756761885141                                                    
om     18   36   59   76   36   18   59   76                       -0.00273799002315541469                                                    
mvp2   59   76   60   83   59   60   83   76                       -0.00378268318795425482   -0.17164595600329435321                          
om     17   41   58   85   41   17   58   85                       -0.00528174005548349545                                                    
om     17   41   54   85   41   17   54   85                       -0.00317499350558559171                                                    
op     14   41   61   85   41   14   61   85                       -0.00121451127015590127                                                    
a_ia   39   41                                                      0.23442964132173105263                                                    
om     14   40   61   84   40   14   61   84                       -0.00077346431211124469                                                    
om     17   38   61   82   38   17   61   82                       -0.00248483259993626492                                                    
op     17   40   61   84   40   17   61   84                       -0.00119516928524289402                                                    
om     14   38   61   82   38   14   61   82                       -0.00192478080142358750                                                    
om     10   40   61   82   40   10   61   82                        0.00180953430147315808                                                    
op     17   37   61   81   37   17   61   81                       -0.00383415946764153722                                                    
a_ia   58   61                                                      0.35321006142871397282                                                    
op     17   37   58   81   37   17   58   81                       -0.00374377603316102415                                                    
a_ia   13   15                                                     -0.44482795888466475365                                                    
a_ia   54   57                                                     -0.12056957863417527843                                                    
op      9   41   59   85   41    9   59   85                       -0.00261637069108480681                                                    
a_ia   59   60                                                     -0.20304737505605069403                                                    
a_ia   83   85                                                      0.24779876399173220158                                                    
op      9   38   60   83   38    9   60   83                       -0.00320285054613976680                                                    
op      9   38   60   82   38    9   60   82                        0.00319042396628150746                                                    
a_ia   60   82                                                     -0.00082629232108441520                                                    
a_ia    9   38                                                      0.00058784607763801087                                                    
om      9   39   60   82   39    9   60   82                       -0.00299934286726201644                                                    
om     10   38   59   82   38   10   59   82                       -0.00275083879104576819                                                    
mvp2    9   39   60   83   39    9   60   83                       -0.00236163750131059610   -0.12698272152854700456                          
a_ia   10   32                                                     -0.00055956132530295209                                                    
a_ia   53   72                                                     -0.00072907128110777950                                                    
om      9   39   60   84   39    9   60   84                       -0.00245873357961843642                                                    
op      2   27   46   71   27    2   46   71                       -0.00392926738070835738                                                    
op      4   27   48   71   27    4   48   71                       -0.00303098654655781230                                                    
om      9   39   57   83   39    9   57   83                        0.00492503362360074883                                                    
a_ia   57   59                                                     -0.49016821805540805590                                                    
om     10   39   57   84   39   10   57   84                       -0.00310793414687378193                                                    
op     14   39   57   84   39   14   57   84                       -0.00371483333088369052                                                    
a_ia   25   40                                                     -0.22003875197331751457                                                    
om     14   40   57   83   40   14   57   83                       -0.00404240582120849075                                                    
op     10   40   57   83   40   10   57   83                       -0.00324699612772680422                                                    
om     10   39   59   84   39   10   59   84                        0.00232756563276338225                                                    
op     10   40   60   83   40   10   60   83                        0.00294311110249007675                                                    
a_ia   59   60                                                      0.08295994667557245184                                                    
mvp2    9   40   60   83   40    9   60   83                       -0.00241428921967685572   -0.05041950048692021152                          
om     10   39   60   84   39   10   60   84                        0.00270915955981795896                                                    
om     14   39   60   84   39   14   60   84                        0.00302135961869150682                                                    
op     14   40   60   83   40   14   60   83                        0.00288981246970193648                                                    
op     14   39   58   84   39   14   58   84                        0.00273446192629695894                                                    
om     14   40   58   83   40   14   58   83                        0.00285576885150502519                                                    
op      9   41   58   85   41    9   58   85                        0.00391534104173205718                                                    
a_ia   58   59                                                     -0.10998491496378252907                                                    
