op     17   19   53   55   19   17   53   55                       -0.07890999084933643382                                                    
a_ia   53   55                                                      0.00706744993731959863                                                    
a_ia   17   19                                                     -0.02373687770303668093                                                    
op     15   18   51   54   18   15   51   54                       -0.05115906985254794342                                                    
op     15   18   50   54   18   15   50   54                        0.03993953012320897167                                                    
op     14   18   50   54   18   14   50   54                       -0.10481185238499912682                                                    
op     14   18   51   54   18   14   51   54                        0.11344881660454619876                                                    
a_ia   14   18                                                     -0.05394060190849209180                                                    
a_ia   50   54                                                      0.00949095886022080851                                                    
a_ia   14   16                                                     -0.09480565594676762520                                                    
a_ia   51   52                                                      0.08508206017480769712                                                    
a_ia   15   18                                                      0.06028528854823214655                                                    
op     10   19   46   55   19   10   46   55                       -0.04018056328858513049                                                    
a_ia   10   19                                                     -0.00536253014901427912                                                    
a_ia   14   19                                                      0.00479082172780620919                                                    
a_ia   46   55                                                     -0.09301509140544936272                                                    
a_ia   50   55                                                      0.04608126995817019012                                                    
a_ia   54   55                                                      0.22845325527107554486                                                    
mvp2   14   18   46   55   18   14   46   55                        0.07959584097885485932   -0.61921064246563528588                          
mvp2   10   18   14   19   10   14   18   19                       -0.06376154566088275411    0.56726828149211083741                          
a_ia   14   18                                                      0.08134703811983121091                                                    
a_ia   18   19                                                      0.23303134139844966510                                                    
a_ia   10   14                                                      1.00185939464451623238                                                    
a_ia   46   50                                                      0.41384392757956667275                                                    
a_ia   10   16                                                      0.28841157789119387100                                                    
a_ia   16   18                                                     -0.00762595301430855042                                                    
a_ia   46   55                                                      0.19636478619828895420                                                    
a_ia   16   19                                                     -0.00196214422793961150                                                    
a_ia   10   13                                                      0.29016250262777043556                                                    
a_ia   46   54                                                     -0.01921761876421083926                                                    
mvp2   15   18   46   55   18   15   46   55                       -0.03169336131811600898   -0.41828165394231864305                          
a_ia   15   18                                                      0.00815784384714624521                                                    
op     17   22   53   58   22   17   53   58                       -0.01067014423098558949                                                    
a_ia   17   21                                                     -0.00285959453574939192                                                    
a_ia   53   58                                                     -0.11180886313336801940                                                    
a_ia   17   22                                                      0.00097858782283529507                                                    
a_ia   53   57                                                     -0.00382802430177913225                                                    
mvp2   15   19   46   55   19   15   46   55                       -0.02099096380917274407   -0.28971453621967185876                          
a_ia   46   55                                                     -0.05584133329430516351                                                    
a_ia   15   19                                                     -0.03059833931261862761                                                    
a_ia   10   14                                                     -0.76391270701625757500                                                    
mvp2   14   18   46   54   18   14   46   54                       -0.01652045668483240540    0.07601031768310161085                          
a_ia   50   51                                                     -0.00115092868568785183                                                    
a_ia   14   18                                                     -0.02266188322161118845                                                    
op     14   20   50   56   20   14   50   56                       -0.00833230395251153937                                                    
a_ia   48   55                                                      0.00498118570179942148                                                    
a_ia   46   48                                                      0.39028596805899395950                                                    
mvp3   15   18   17   19   15   17   19   18   15   17   18   19   -0.00988828869162391988    0.01027880624707474926   -0.06940680400203633194
a_ia   17   18                                                      0.00171787122764139048                                                    
a_ia   15   18                                                     -0.13371776968181070533                                                    
a_ia   46   55                                                      0.01542261572774809852                                                    
mvp3   14   18   17   19   14   17   19   18   14   17   18   19    0.00355394196895471304   -0.06775549329594889036    0.13006596916141213716
op     15   24   51   60   24   15   51   60                       -0.00868454315606133689                                                    
op     15   24   50   60   24   15   50   60                        0.00607054533143159235                                                    
op     14   24   50   60   24   14   50   60                       -0.00622357751124600483                                                    
a_ia   17   20                                                      0.00390417000802167988                                                    
a_ia   18   24                                                      0.13925137751407193343                                                    
mvp2   15   18   51   60   18   15   51   60                       -0.00227664009555493367   -0.07444266228471707603                          
mvp2   14   18   51   60   18   14   51   60                        0.00078017522494151694   -0.12437074702221372069                          
mvp2   14   18   50   60   18   14   50   60                        0.00180450906736613495   -0.02488038571568832596                          
mvp2   15   18   51   65   18   15   51   65                       -0.00900916522012326290    0.10984854023073828411                          
a_ia   51   65                                                     -0.01685963380051544447                                                    
a_ia   18   22                                                      0.04005208134652606111                                                    
mvp2   15   18   50   65   18   15   50   65                        0.00419356250514972204   -0.08041602693185204154                          
a_ia   50   65                                                      0.00455476925958295774                                                    
mvp2   14   18   50   65   18   14   50   65                       -0.01430574416077326667    0.07009297213147239192                          
mvp2   14   18   51   65   18   14   51   65                        0.02191381863560035170   -0.16506109318169967515                          
a_ia   14   22                                                      0.00092054070304844722                                                    
a_ia   15   26                                                      0.07703992122367916973                                                    
a_ia   15   25                                                     -0.00625837276737987828                                                    
a_ia   14   18                                                      0.17492337435409560653                                                    
a_ia   51   62                                                     -0.14335680019675367536                                                    
a_ia   51   61                                                     -0.04398968690983370844                                                    
a_ia   50   60                                                     -0.00629362441380107961                                                    
a_ia   14   26                                                     -0.06883270661458038009                                                    
a_ia   14   25                                                      0.00252945790389640622                                                    
a_ia   15   23                                                      0.00098177356811963881                                                    
a_ia   19   24                                                      0.09930366826138781189                                                    
a_ia   18   29                                                      0.01427468271624746099                                                    
a_ia   18   26                                                     -0.15345352052958852185                                                    
a_ia   50   62                                                     -0.03116613245347886821                                                    
a_ia   50   61                                                      0.00262709777620420519                                                    
a_ia   50   63                                                      0.00229625199640200173                                                    
a_ia   19   22                                                     -0.15272297252617250685                                                    
a_ia   15   25                                                      0.00037812211823298031                                                    
mvp2   14   26   50   62   26   14   50   62                       -0.00401767499636444293    0.35006582056685031645                          
a_ia   18   28                                                     -0.06389732627568490975                                                    
a_ia   14   26                                                      0.06462536070815647071                                                    
a_ia   14   27                                                     -0.00078117799482687331                                                    
a_ia   14   29                                                      0.00256699317894204526                                                    
a_ia   14   18                                                     -0.11711673679336226384                                                    
a_ia   50   62                                                      0.05108839172211705748                                                    
a_ia   14   30                                                      0.00103300746146517517                                                    
op     14   31   50   67   31   14   50   67                       -0.00341458884244980922                                                    
a_ia   14   31                                                      0.00057869384823643413                                                    
mvp2   15   26   51   62   26   15   51   62                       -0.00661950850336410698    0.40508138341217242440                          
a_ia   51   62                                                      0.11097614194634788931                                                    
a_ia   15   26                                                     -0.12022335322039974514                                                    
op      1   20   37   56   20    1   37   56                       -0.00976335074864803990                                                    
a_ia   52   55                                                      0.00172541650350937917                                                    
a_ia   55   60                                                      0.10157244716745097990                                                    
op      5   20   41   56   20    5   41   56                       -0.00940912284795564560                                                    
op      4   20   40   56   20    4   40   56                       -0.00642502722292745323                                                    
a_ia   40   56                                                     -0.00102335092441152142                                                    
a_ia    4   20                                                     -0.00103063599458985884                                                    
a_ia   55   58                                                     -0.16658685068221734671                                                    
a_ia   55   65                                                      0.02587162673973284616                                                    
a_ia   53   58                                                      0.11630533448174693034                                                    
a_ia   55   59                                                      0.19378104064891710223                                                    
a_ia   55   57                                                      0.01142704607295844110                                                    
a_ia   15   29                                                      0.00109691889695655385                                                    
a_ia   15   28                                                      0.00256187639824071497                                                    
a_ia   46   49                                                      0.18126810345943267233                                                    
a_ia   10   12                                                      0.40912939529577235787                                                    
op      1   21   37   57   21    1   37   57                       -0.00707712670876127145                                                    
op      5   21   41   57   21    5   41   57                       -0.00520197486827048833                                                    
op      1   24   37   60   24    1   37   60                       -0.00308767142893564932                                                    
op      1   19   37   55   19    1   37   55                       -0.00677124537546183215                                                    
a_ia   54   60                                                      0.13588412897660437362                                                    
a_ia   37   55                                                     -0.00264460991684677908                                                    
a_ia    1   19                                                     -0.00404592864181066436                                                    
a_ia   52   65                                                      0.00038416891004192680                                                    
a_ia   52   58                                                      0.00103099960889706417                                                    
om      1   23   37   59   23    1   37   59                       -0.00346028227643073146                                                    
a_ia   37   59                                                     -0.00061080871914189752                                                    
a_ia    1   23                                                     -0.00170643353790229761                                                    
a_ia   52   62                                                      0.00184722813623967733                                                    
a_ia   51   52                                                      0.16096796010033898039                                                    
op      1   32   37   68   32    1   37   68                       -0.00777084269568287418                                                    
op      1   32   37   64   32    1   37   64                        0.00306265887112185803                                                    
a_ia   59   65                                                      0.45115673158681357524                                                    
mvp2   14   18   37   68   18   14   37   68                       -0.01978257409849851906    0.50106358303273346166                          
a_ia    1   27                                                     -0.00029072865923944230                                                    
a_ia   14   28                                                      0.00593969239039457680                                                    
a_ia   37   64                                                     -0.00183161242706813979                                                    
mvp2   15   18   37   68   18   15   37   68                        0.01588139199423517847    0.09942886155787697411                          
op      1   34   37   70   34    1   37   70                       -0.00567480562572689369                                                    
op      1   35   37   71   35    1   37   71                       -0.00439271745720671604                                                    
op      1   35   37   70   35    1   37   70                       -0.00191909248440065745                                                    
mvp2    1   34   37   68   34    1   37   68                        0.00946744451400053678    0.81848826259873752598                          
a_ia    1   34                                                      0.00003567771432456337                                                    
a_ia   37   70                                                     -0.00054310447038349516                                                    
op      1   32   37   70   32    1   37   70                        0.00480947385659271764                                                    
mvp2    1   35   37   68   35    1   37   68                        0.00312092948628677706    0.78201365305772407854                          
mvp2    1   34   37   71   34    1   37   71                       -0.00507503049977652693    0.72459363898176998298                          
om      1   31   37   67   31    1   37   67                       -0.00215045235705310731                                                    
mvp2    1   32   37   71   32    1   37   71                        0.00364998324743285186    1.16485835096060430516                          
mvp2   15   29   37   71   29   15   37   71                       -0.00450556475362474864   -0.03884567956150185991                          
mvp2   15   29   37   68   29   15   37   68                        0.00341090325538605244    0.52692994449423569137                          
mvp2   15   29   37   70   29   15   37   70                       -0.00347889288539401107   -0.00229493466617676500                          
mvp2    1   29   15   35    1   15   29   35                        0.00444161016910544961    0.06197710827114985555                          
mvp2   14   29   37   71   29   14   37   71                        0.00363983316177885841    0.11229520975334991717                          
mvp2   14   29   37   68   29   14   37   68                       -0.00277316301961044384   -0.25984482184029134011                          
mvp2   14   18   37   70   18   14   37   70                        0.00842648387086457167   -0.25477505680461576265                          
a_ia   37   70                                                      0.00021877387817592674                                                    
a_ia   19   23                                                      0.14725343498170334611                                                    
mvp2   15   18   37   70   18   15   37   70                       -0.00818661990784595381   -0.02553882984619831181                          
op      5   22   41   57   22    5   41   57                       -0.00506372614449197584                                                    
a_ia   16   22                                                      0.00080994155542891098                                                    
a_ia   46   65                                                     -0.00551717909818461895                                                    
a_ia   46   59                                                     -0.00280868718705506917                                                    
om     10   25   46   61   25   10   46   61                       -0.00905958791417211563                                                    
a_ia   10   25                                                      0.00043857654906745815                                                    
a_ia   46   61                                                     -0.00654173383395286953                                                    
a_ia   10   17                                                      0.38451730048362131598                                                    
mvp2   17   19   46   61   19   17   46   61                       -0.01511731113610453002    0.07596123287911039912                          
a_ia   46   53                                                      0.49784102044850697677                                                    
a_ia   17   19                                                      0.00529484840487856948                                                    
a_ia   51   53                                                     -0.08336029664948030327                                                    
a_ia   52   53                                                     -0.18307164862363214941                                                    
mvp2    1   32   37   67   32    1   37   67                       -0.00287395634233141711    0.35874285322146953758                          
mvp2   14   29   37   70   29   14   37   70                        0.00307568273342753284    0.09271453312860507279                          
a_ia   31   34                                                      0.37337661942777566892                                                    
a_ia   53   62                                                      0.00133891723267831283                                                    
a_ia   46   52                                                      0.22746042221071888223                                                    
mvp2   17   19   51   60   19   17   51   60                        0.01531821403636107227   -0.19832160410183957699                          
a_ia   51   59                                                     -0.00479201805249887796                                                    
mvp2   10   25   51   60   25   10   51   60                        0.00865558318901327173    0.44736760311379930588                          
a_ia   51   60                                                     -0.00003923127184567515                                                    
a_ia   19   27                                                      0.18899435156982699602                                                    
a_ia   19   28                                                      0.17665508586781220046                                                    
a_ia   19   35                                                     -0.03057765491353955228                                                    
a_ia   17   23                                                      0.00078265628874040405                                                    
a_ia   54   65                                                      0.17981889865701244924                                                    
mvp2   17   28   53   64   28   17   53   64                       -0.00701221704759521537    0.78292209277962032665                          
op      5   22   41   58   22    5   41   58                       -0.00476414048146900013                                                    
op      5   21   41   58   21    5   41   58                       -0.00413807330874394527                                                    
op      1   27   37   63   27    1   37   63                       -0.00386634924226663106                                                    
a_ia   15   27                                                     -0.00160216495779301948                                                    
a_ia   19   26                                                     -0.01834218533927123307                                                    
op      6   20   42   56   20    6   42   56                       -0.00391038037282084340                                                    
op      2   20   38   56   20    2   38   56                       -0.00385920204770907925                                                    
a_ia   38   56                                                      0.00067694295586673736                                                    
a_ia    2   20                                                      0.00069356498105310120                                                    
a_ia   16   21                                                      0.00111763339325930081                                                    
mvp2   10   25   51   61   25   10   51   61                       -0.00210415703018057478   -0.26757600650197066461                          
a_ia   51   61                                                      0.01809819121384740465                                                    
mvp2   10   25   51   65   25   10   51   65                       -0.00715127520059682335    0.02595378402646156615                          
a_ia   54   61                                                      0.05497387211103482718                                                    
a_ia   51   54                                                     -0.01069525895019849196                                                    
a_ia   49   65                                                     -0.00046797922204006200                                                    
a_ia   49   51                                                     -0.13065107993353167193                                                    
a_ia    5   22                                                     -0.01163688225746722926                                                    
mvp2    1   28   37   68   28    1   37   68                        0.00333708388510492535    0.59836077878123772322                          
a_ia   15   28                                                     -0.00343349384305144216                                                    
a_ia    1   28                                                     -0.00147744666777205325                                                    
mvp2    1   28   37   64   28    1   37   64                       -0.00267936951288303598    0.60116459296876945118                          
a_ia   37   64                                                      0.00216463609830753415                                                    
a_ia   46   62                                                      0.00142939230327150191                                                    
a_ia   46   63                                                     -0.02275948039647536850                                                    
mvp2   15   18   46   64   18   15   46   64                       -0.00559441194366066402    0.09947460190930905444                          
a_ia   46   64                                                      0.00645749917015406467                                                    
om      1   18   37   54   18    1   37   54                       -0.01019833956521073483                                                    
a_ia   46   68                                                      0.00152601626326966848                                                    
a_ia   54   62                                                     -0.13732109039425544061                                                    
a_ia    1   15                                                     -0.02081460286306970053                                                    
mvp2    1   29   37   54   29    1   37   54                       -0.00314459626006912936    0.11198562049774302141                          
a_ia   14   32                                                      0.00047347184023732833                                                    
a_ia   15   29                                                     -0.00365552994559552574                                                    
mvp2   15   29   46   64   29   15   46   64                       -0.00269483639087756983    0.28432087870152333853                          
op      0   20   36   56   20    0   36   56                       -0.00260605119328040586                                                    
a_ia    5   24                                                      0.00013636464702277852                                                    
a_ia   46   64                                                     -0.00405865914669502684                                                    
a_ia   51   61                                                      0.01891062338388169867                                                    
mvp2   17   19   53   63   19   17   53   63                       -0.00695716285910866900   -0.00171530492034735558                          
a_ia   53   63                                                      0.00007948063469326208                                                    
om     17   27   53   63   27   17   53   63                       -0.00364659475474076941                                                    
om      1   26   37   62   26    1   37   62                       -0.00307176727260418921                                                    
a_ia   54   64                                                     -0.05088788781060724770                                                    
mvp3   15   19   17   24   15   17   24   19   15   17   19   24   -0.01276035944729663960   -0.00916856516440646245    0.12043114699246582067
a_ia   15   24                                                      0.00654519011352372622                                                    
a_ia   17   24                                                      0.00026154821926694928                                                    
a_ia   15   17                                                     -0.05907305089343688198                                                    
a_ia    5   10                                                      0.12509479537752976608                                                    
a_ia    5   25                                                     -0.00006643735918735765                                                    
mvp2    5   22   51   65   22    5   51   65                       -0.00564502135836810522   -0.29880715850460654037                          
a_ia    5   22                                                      0.01533786068847612337                                                    
mvp2   41   58   51   65   41   51   65   58                       -0.00696240377837563720   -0.39362356531977304996                          
a_ia   51   55                                                      0.00388732473477248694                                                    
mvp2    5   21   51   65   21    5   51   65                       -0.00893869357939281253   -0.36002995892764660946                          
a_ia    5   21                                                      0.00108444475301676022                                                    
mvp2   41   57   51   65   41   51   65   57                       -0.00757649169559390309   -0.65962307696108779531                          
a_ia   41   57                                                      0.00401426159362287989                                                    
a_ia   48   51                                                      0.28524094267675276226                                                    
a_ia   48   65                                                     -0.00177594733634183367                                                    
a_ia   12   16                                                      0.42801940616027378539                                                    
a_ia   46   54                                                     -0.00708697726265824883                                                    
a_ia   18   29                                                      0.19100285075536677093                                                    
mvp2   15   24   17   27   15   17   27   24                        0.00498657642029242537   -0.17858165548847709792                          
op      5   22   51   65   22    5   51   65                       -0.00436399606233930232                                                    
a_ia   41   48                                                      0.28707070240706411557                                                    
a_ia   41   51                                                      0.07868858037769904668                                                    
a_ia   54   64                                                     -0.01059837212776993179                                                    
a_ia   10   21                                                      0.00112439242807269241                                                    
om      4   20   38   56   20    4   38   56                        0.00391160617072755165                                                    
a_ia   10   23                                                     -0.00357629624590663324                                                    
mvp2    1   29   37   62   29    1   37   62                        0.00176716248800761508    0.16480579692785102264                          
a_ia   10   19                                                      0.00181138494409909521                                                    
mvp2   10   19   37   59   19   10   37   59                       -0.00476028476862092736    0.10183446376238239339                          
a_ia   37   59                                                      0.03505447928473161279                                                    
mvp2   17   19   37   59   19   17   37   59                        0.00416686612917662250   -0.00226671187850666523                          
mvp2   10   25   37   59   25   10   37   59                        0.00529403827329755043   -0.13930018773584038061                          
a_ia   19   25                                                      0.09685275552028860258                                                    
mvp2   10   25   53   63   25   10   53   63                       -0.00713256125629176466    0.33050867381346410445                          
mvp2   10   27   46   63   27   10   46   63                       -0.00699971620967228432    0.64811338283692543349                          
a_ia   46   63                                                      0.01688875457315287126                                                    
a_ia   10   27                                                     -0.01460132446936197870                                                    
a_ia   10   35                                                      0.00106047876962867991                                                    
a_ia   10   28                                                     -0.00593574731054873420                                                    
a_ia   10   32                                                      0.00148058035120546489                                                    
a_ia   37   59                                                     -0.04185406629272490908                                                    
a_ia   10   14                                                      0.21111853651057826964                                                    
a_ia   45   55                                                      0.01079661822520411318                                                    
a_ia   45   58                                                     -0.00131856887988177529                                                    
a_ia   45   51                                                      0.11958029991646755563                                                    
om      1   25   37   61   25    1   37   61                       -0.00389665982146775430                                                    
mvp2    1   35   41   70   35    1   41   70                       -0.00495218961546063912    1.08540235240332405553                          
a_ia   41   70                                                     -0.00162857740661097360                                                    
mvp2    1   21   37   70   21    1   37   70                       -0.00470076752077254641   -1.03315842767114229872                          
a_ia    1   21                                                     -0.00069641349825469922                                                    
a_ia   49   55                                                      0.00135120243668572634                                                    
mvp2    5   34   41   70   34    5   41   70                       -0.00810882382110214919   -0.75032097107137607495                          
a_ia    1    5                                                      0.32009824582060786291                                                    
mvp2    1   34   41   70   34    1   41   70                       -0.00642569052986575844    0.22330436762404159978                          
a_ia   48   58                                                      0.00192979014139473687                                                    
mvp2    5   27   41   63   27    5   41   63                       -0.00505480606594758530    0.51226202600000414478                          
a_ia   41   63                                                      0.00177130578245993878                                                    
a_ia    5   27                                                      0.00045973670909294639                                                    
op      5   30   41   66   30    5   41   66                       -0.00928629891629479017                                                    
a_ia   41   64                                                     -0.00179678713323707068                                                    
a_ia   54   66                                                      0.02266943498769263127                                                    
a_ia   41   68                                                      0.00259982149890645216                                                    
a_ia   27   34                                                      0.26991007011069845234                                                    
mvp2    5   31   41   67   31    5   41   67                       -0.00583797344002305249   -1.72478237738036832560                          
a_ia    5   28                                                     -0.00065336144473266029                                                    
om      5   31   41   66   31    5   41   66                        0.00445670844950541052                                                    
a_ia    5   32                                                      0.00193904015219096247                                                    
a_ia    5   14                                                     -0.06330494170182690561                                                    
a_ia   37   61                                                     -0.00054856989479584901                                                    
a_ia   52   61                                                      0.00614832275210317435                                                    
