a_ia   12   15                                                      0.05166203916381912481                                                    
a_ia   12   14                                                     -0.00050298224779451691                                                    
a_ia   40   42                                                     -0.00324694833393555926                                                    
a_ia   40   43                                                      0.03701698961588972131                                                    
om     12   15   40   43   15   12   40   43                       -0.06865901839320115441                                                    
op     12   18   40   46   18   12   40   46                       -0.01253304064802623040                                                    
a_ia   40   44                                                      0.00121523752206970700                                                    
a_ia   12   16                                                      0.00218757220628448606                                                    
a_ia   14   15                                                     -0.63088756081237062912                                                    
op      8   22   36   50   22    8   36   50                       -0.09553672827737941242                                                    
a_ia    8   15                                                      0.01092184684971405847                                                    
a_ia   36   43                                                      0.00900944667737980757                                                    
a_ia    8   14                                                      0.00730602018588188094                                                    
op      8   22   38   50   22    8   38   50                       -0.00719839583559393585                                                    
a_ia    8   22                                                     -0.02579136458344170532                                                    
a_ia    6   15                                                      0.07490118465788431212                                                    
a_ia    6   14                                                      0.00684209667495494413                                                    
a_ia    5   15                                                     -0.09358701868626660703                                                    
a_ia    5   14                                                     -0.00408727516313613180                                                    
a_ia    3   15                                                     -0.00735027745065919367                                                    
a_ia    3   14                                                     -0.00544033707848671534                                                    
a_ia    2   15                                                      0.00894035150875765842                                                    
a_ia    2   14                                                      0.00388866652011311473                                                    
a_ia   40   46                                                     -0.01002488796669085899                                                    
a_ia    7   15                                                     -0.00280812787826370406                                                    
op      7   22   36   50   22    7   36   50                        0.01590575503527436041                                                    
a_ia    7   14                                                     -0.00510051491223474651                                                    
op      8   22   37   50   22    8   37   50                        0.00313998803694575572                                                    
a_ia    7   16                                                      0.00023951674468836645                                                    
mvp2    6   15   34   43   15    6   34   43                       -0.01075430543995235626    0.64941203462902430399                          
a_ia   34   42                                                     -0.03017380258715030711                                                    
a_ia   30   43                                                      0.02236805326742654851                                                    
a_ia   30   42                                                      0.00070351733314248492                                                    
a_ia   31   43                                                      0.00317414105662439626                                                    
a_ia   31   42                                                      0.02641899475672119385                                                    
a_ia   42   43                                                     -0.59397703558060599427                                                    
a_ia   33   43                                                     -0.01568394402112918348                                                    
a_ia   33   42                                                     -0.07629633721973036464                                                    
a_ia    6   15                                                     -0.03814891085502899321                                                    
a_ia   12   18                                                     -0.01329838421166376801                                                    
a_ia   38   50                                                      0.00131360445163927276                                                    
mvp2    8   22   34   43   22    8   34   43                        0.04350929629189168035   -0.42040052907140196270                          
a_ia    8   22                                                      0.01254592113434008227                                                    
mvp2    6   15    8   22    6    8   22   15                        0.03799999407445570770    0.45326809230635134451                          
mvp2    6   15   33   43   15    6   33   43                        0.01426621755465515978   -0.45639147016065911844                          
a_ia   36   44                                                     -0.00136225689994173556                                                    
a_ia    2   16                                                      0.00057871162735477965                                                    
mvp2    8   22   35   50   22    8   35   50                        0.00008559800104710730    0.04469066384759745603                          
a_ia   35   42                                                     -0.00209698661248090444                                                    
a_ia   35   43                                                     -0.00381933795235174988                                                    
a_ia    3   16                                                     -0.00089070193441086242                                                    
op      4   16   32   44   16    4   32   44                       -0.01488274038336072531                                                    
mvp2    4   16    8   22    4    8   22   16                        0.03877633425533925926    0.70299278623944660982                          
a_ia    4   16                                                      0.01121422597507712969                                                    
a_ia   32   44                                                      0.00365552308286494661                                                    
mvp2    8   22   32   44   22    8   32   44                        0.02620770725951552041   -0.55215936211511218445                          
a_ia    4   15                                                      0.00408465155554097684                                                    
a_ia    6   16                                                     -0.00060672258740888637                                                    
a_ia   15   16                                                     -0.25713653847945255881                                                    
mvp2    8   22   28   42   22    8   28   42                       -0.01128301978929640084    0.52626252910249082806                          
a_ia   28   42                                                     -0.00811595318237508419                                                    
a_ia   33   44                                                     -0.00095314887017313842                                                    
a_ia   31   32                                                     -0.25734225385251408014                                                    
a_ia   31   44                                                     -0.00196719799809631953                                                    
a_ia   32   33                                                      0.29112188052859411247                                                    
a_ia   32   42                                                     -0.01505893175275679202                                                    
op      4   21   32   49   21    4   32   49                       -0.01475838722660304317                                                    
op      4   21   34   49   21    4   34   49                       -0.01199610608865201052                                                    
op      6   21   34   49   21    6   34   49                       -0.00607593965837069025                                                    
a_ia    4   14                                                     -0.00005407787464808823                                                    
op      6   21   32   49   21    6   32   49                       -0.00322501382602789636                                                    
op      4   20   32   48   20    4   32   48                       -0.01542277158820789390                                                    
op      3   20   32   48   20    3   32   48                        0.00110270783911563123                                                    
op      4   25   32   53   25    4   32   53                        0.00066812885811982795                                                    
op      4   26   32   53   26    4   32   53                       -0.00138817106706727892                                                    
a_ia    4   26                                                     -0.00789717709086244259                                                    
op      4   25   32   54   25    4   32   54                        0.00030097585059796433                                                    
om      4   26   32   54   26    4   32   54                       -0.00235342711965979418                                                    
a_ia   32   54                                                     -0.00496410017755548067                                                    
a_ia    3   12                                                      0.12908191062534693505                                                    
op      4   23   32   51   23    4   32   51                       -0.00614670298750655871                                                    
a_ia   28   43                                                     -0.00623217405904481336                                                    
a_ia   40   53                                                      0.00339749529373299317                                                    
a_ia   40   54                                                     -0.00787909979653610669                                                    
mvp2    4   25   40   54   25    4   40   54                        0.00061423945656766598    0.53303291364921290274                          
a_ia    4   25                                                     -0.00782814003682301245                                                    
op      9   16   37   44   16    9   37   44                       -0.01862527050912046386                                                    
a_ia   38   43                                                     -0.00290564430643065362                                                    
op      6   21   28   49   21    6   28   49                       -0.00331065732107431758                                                    
a_ia    9   22                                                     -0.00237616472836704468                                                    
op      6   21   36   49   21    6   36   49                        0.00292309747280172479                                                    
a_ia    2   12                                                     -0.17912382574233884358                                                    
a_ia    2   14                                                      0.00358586745833288376                                                    
a_ia   36   49                                                      0.00076409447400457332                                                    
mvp2    9   22   36   50   22    9   36   50                        0.01570145736792851604    0.12074012751804648336                          
a_ia   36   50                                                      0.01216754696230436597                                                    
mvp2    9   22   37   50   22    9   37   50                       -0.00109777711109167392   -0.05211370308262967127                          
a_ia   30   44                                                      0.00123582927405206243                                                    
mvp2   10   22   36   50   22   10   36   50                       -0.01356746855921753779   -0.12744090171441274650                          
a_ia    9   15                                                      0.00108072168270711001                                                    
op      4   20   32   51   20    4   32   51                        0.00676052695830750474                                                    
a_ia   40   51                                                      0.00009770018815235837                                                    
om      4   26   40   54   26    4   40   54                       -0.00072031024880393529                                                    
mvp2   12   26   40   54   26   12   40   54                       -0.00064606731437332561   -0.73118318363421630490                          
mvp2   12   26   32   54   26   12   32   54                       -0.00047389676419110787   -0.09280284539042965575                          
mvp2    4   25   32   52   25    4   32   52                        0.00035279553215407871    0.42825832862478391272                          
a_ia   12   19                                                      0.00397163589244892319                                                    
op      4   27   32   55   27    4   32   55                       -0.00313371155059333174                                                    
a_ia   12   25                                                      0.00659264936384512147                                                    
mvp2    4   25   28   55   25    4   28   55                       -0.00086540243715192353    0.61773766643942473742                          
a_ia   40   55                                                      0.00002011502361367139                                                    
a_ia   28   54                                                      0.00039885144088528567                                                    
a_ia   12   27                                                     -0.00229173874651381927                                                    
mvp2    4   25   28   51   25    4   28   51                        0.00012227855234392423   -0.30432186527955296107                          
a_ia   40   52                                                     -0.00087408972075926682                                                    
op      4   26   28   55   26    4   28   55                       -0.00078410943174041193                                                    
a_ia   12   23                                                     -0.00132118044847202702                                                    
op      4   20   28   48   20    4   28   48                        0.00132553198369071896                                                    
a_ia    2   18                                                     -0.00146441798768113282                                                    
a_ia    2   19                                                      0.00226331842101016797                                                    
a_ia    2   26                                                     -0.00250071604605955379                                                    
a_ia    2   25                                                      0.00263173203339465978                                                    
a_ia    3   18                                                      0.00157639320940031451                                                    
mvp3   36   44   37   50   36   37   50   44   36   37   44   50    0.02055523393070430443    0.25915290668258089690    0.23314813610617665662
a_ia   37   44                                                     -0.00497950241646944770                                                    
mvp2    9   16   36   50   16    9   36   50                       -0.02755656489391424685   -0.27794931893002533529                          
a_ia    9   16                                                      0.00489874240338785457                                                    
a_ia   28   53                                                     -0.00149670515107580885                                                    
a_ia    3   19                                                     -0.00132481172614095223                                                    
a_ia    3   26                                                      0.00422473212218184898                                                    
a_ia    3    4                                                     -0.37553025011350543716                                                    
a_ia    4   26                                                      0.00455501957918226681                                                    
a_ia   14   18                                                      0.04983658991125413523                                                    
a_ia    7   18                                                      0.01680366949302896165                                                    
a_ia    3   25                                                     -0.00228215918937486753                                                    
mvp3    4   25    6   26    4    6   26   25    4    6   25   26   -0.00004808234503500343   -0.46718178884225108893    0.63008294336309089712
a_ia    6   25                                                      0.00246966907695435941                                                    
a_ia    6   26                                                     -0.00136935105397502843                                                    
a_ia    3   27                                                      0.00109897951665812702                                                    
mvp2    6   24   28   55   24    6   28   55                       -0.00081288602818773347   -0.69004969495697210391                          
a_ia   28   55                                                      0.00456737095625452984                                                    
a_ia    6   24                                                     -0.00091236729107784160                                                    
om      6   24   28   51   24    6   28   51                        0.00000020200527393261                                                    
a_ia   36   50                                                      0.02026616141883585964                                                    
mvp2    8   22   29   42   22    8   29   42                        0.00553641119301681930   -0.29564648046164443418                          
a_ia   29   42                                                      0.00333189861916967497                                                    
mvp2    5   15   34   43   15    5   34   43                        0.01537234023381534725    0.54154639634431245288                          
a_ia    5   15                                                      0.08926719553112670569                                                    
a_ia   35   44                                                     -0.00311332381764810014                                                    
a_ia   34   44                                                      0.00068830891124980250                                                    
a_ia   43   44                                                     -0.22861559603662409690                                                    
a_ia   35   37                                                      0.37584065823383377980                                                    
a_ia   37   43                                                      0.00870252859994710172                                                    
mvp2    0   14   36   50   14    0   36   50                       -0.01865443775415982428   -0.22402923988135789446                          
a_ia   36   50                                                     -0.03439244520081409517                                                    
a_ia   14   16                                                      0.45366291550513476727                                                    
a_ia    0   15                                                     -0.00699438611818428094                                                    
a_ia    0   16                                                     -0.00189251989986342645                                                    
a_ia    9   14                                                      0.00567011870317759258                                                    
a_ia    0   14                                                     -0.00794961641407966428                                                    
mvp2    0   27   28   55   27    0   28   55                       -0.00243670759468150389   -0.71759955265771235844                          
a_ia    0   26                                                      0.00175571317141644690                                                    
a_ia    2   27                                                     -0.00079211609448296587                                                    
a_ia    6   27                                                     -0.00094077399250259899                                                    
a_ia    0   25                                                     -0.00249772914272419506                                                    
op      0   26   28   54   26    0   28   54                       -0.00426225435741356146                                                    
a_ia   14   15                                                      0.16399351281898122412                                                    
a_ia   15   16                                                     -0.32058408029549401164                                                    
a_ia    5   16                                                     -0.02254622713581721019                                                    
om      0   20   28   48   20    0   28   48                       -0.00493745118260952975                                                    
a_ia    8   22                                                     -0.00878251845414849096                                                    
om      4   21   28   49   21    4   28   49                       -0.01086998486566690715                                                    
a_ia   28   49                                                     -0.00196132583809379086                                                    
op      0   21   28   49   21    0   28   49                       -0.00564961940585460322                                                    
a_ia    0   19                                                     -0.00163146661561959267                                                    
om      0   25   28   53   25    0   28   53                       -0.00143013779816168491                                                    
mvp2    4   25   34   53   25    4   34   53                       -0.00043355199578285137    0.47375062329675526884                          
a_ia   34   45                                                     -0.00036187117834947396                                                    
a_ia   38   44                                                     -0.00250581413236825512                                                    
a_ia   34   53                                                      0.00141169636721517845                                                    
mvp2    4   25   36   50   25    4   36   50                       -0.00369334932352794430    0.02617731461201130982                          
mvp2    0   27   36   50   27    0   36   50                       -0.02782617631427039551   -0.35533564611360701768                          
mvp2   34   50   36   53   34   36   50   53                        0.01564571420977001540   -0.25639124085346820525                          
a_ia    0   17                                                      0.00098284766567428134                                                    
mvp2   28   50   36   55   28   36   50   55                        0.01572558957897120940   -0.22237692109316326006                          
a_ia   28   36                                                     -0.15915529672361661273                                                    
mvp2   32   50   36   53   32   36   50   53                        0.01985443642329059663   -0.35669553664651293401                          
a_ia   50   53                                                     -0.04761419408100513173                                                    
a_ia   45   50                                                     -0.24130176771010677927                                                    
mvp2   32   50   36   54   32   36   50   54                        0.01224516227111589230   -0.22785349155608719540                          
a_ia   32   54                                                      0.00197999677419482102                                                    
a_ia   53   55                                                     -0.25266217695465226223                                                    
mvp2    6   24   36   50   24    6   36   50                       -0.01950744976502069225   -0.42294742708694493816                          
mvp2    6   26   36   50   26    6   36   50                        0.02015407278167608007    0.45803492078929974873                          
a_ia    6   26                                                      0.00010668713848770080                                                    
mvp2   12   26   36   50   26   12   36   50                       -0.00575473519493959786   -0.15658383920088958519                          
mvp2   36   50   40   54   36   40   54   50                       -0.00666943947923325994    0.22561088432581574703                          
a_ia   36   40                                                     -0.21269322907835466752                                                    
a_ia   40   54                                                     -0.00081777065581726291                                                    
mvp3   28   50   36   51   28   36   51   50   28   36   50   51   -0.00874132171081874222    0.61850410736500338604    0.25175741559751718679
mvp3   32   50   36   52   32   36   52   50   32   36   50   52    0.00749025838047153933    0.24898289646880034098   -0.20760893302683308681
a_ia   28   32                                                      0.24434655649580278025                                                    
mvp2    6   24   34   52   24    6   34   52                       -0.00868788763181652275    0.83098017388667044791                          
mvp3   34   50   36   54   34   36   54   50   34   36   50   54   -0.01087104558232344573    0.35505854392566571498    0.43366440177273685164
mvp2    4   26   36   50   26    4   36   50                       -0.00646446431487499116   -0.19337783189499993530                          
a_ia   34   54                                                      0.00327368255809135349                                                    
a_ia    4    6                                                      0.22006973712971325541                                                    
a_ia   34   40                                                     -0.39637756847448829545                                                    
mvp2    4   24   36   50   24    4   36   50                       -0.00762496028108904707   -0.37060405789010053557                          
a_ia   51   54                                                     -0.23136781691508781500                                                    
a_ia   15   25                                                     -0.40868302148082413794                                                    
a_ia    9   10                                                     -0.35132004179017289891                                                    
a_ia   43   46                                                      0.26711340948006301321                                                    
a_ia   31   33                                                     -0.47127937137665232292                                                    
a_ia   33   42                                                      0.06761659207588649467                                                    
a_ia   24   26                                                      0.12045233901559430911                                                    
mvp2    0   27   38   50   27    0   38   50                       -0.00554652186078915654    0.51592639595710165779                          
a_ia   50   55                                                      0.02282077172501106865                                                    
a_ia   53   55                                                     -0.12258371793563735408                                                    
a_ia   28   32                                                      0.02803620977516389778                                                    
mvp2    6   26   34   52   26    6   34   52                        0.00669306834292966810    0.06513622274052770222                          
a_ia    4   21                                                     -0.00167146301811491559                                                    
mvp2    9   14   37   44   14    9   37   44                       -0.01828854964094584618   -0.30804936072701649685                          
a_ia   10   16                                                      0.00098398486984597371                                                    
a_ia   15   18                                                      0.25973530883584300399                                                    
a_ia    7   18                                                     -0.01519963624970710296                                                    
a_ia    5   18                                                      0.00355823364580318963                                                    
a_ia    5   15                                                     -0.00665598755281869396                                                    
op      4   21   36   49   21    4   36   49                        0.00362508349710291555                                                    
mvp2    0   27   37   50   27    0   37   50                        0.00194164494292072692   -0.27043810066459189612                          
a_ia    0   18                                                      0.00170501119536636521                                                    
a_ia   14   25                                                      0.44043181788339524907                                                    
a_ia    9   25                                                      0.00444315012851017113                                                    
om      4   23   32   48   23    4   32   48                        0.00697798194013200552                                                    
mvp2    0   27   37   53   27    0   37   53                        0.00254168296751790561   -0.34761555057211168673                          
a_ia   50   53                                                      0.17780346993051163174                                                    
op      6   20   32   48   20    6   32   48                        0.00875457247841890211                                                    
a_ia    6   12                                                     -0.48234444541907128823                                                    
a_ia    3    6                                                      0.45596834238618788593                                                    
a_ia    2    6                                                     -0.14357911313436635958                                                    
a_ia   24   26                                                     -0.13208169163590563477                                                    
mvp2    9   16   29   44   16    9   29   44                        0.00659356208547502449   -0.28401599605383215374                          
mvp2    0   27   29   55   27    0   29   55                        0.00395494772880249611   -0.42401470644237682084                          
a_ia   29   43                                                      0.00366452115716648990                                                    
a_ia   29   55                                                     -0.00080711383994757258                                                    
a_ia    5   27                                                      0.00093539620580687579                                                    
mvp2    5   26   36   50   26    5   36   50                       -0.00692701113813321955   -0.31758685411264975240                          
a_ia    5   26                                                      0.00154614805746405978                                                    
a_ia    5   17                                                      0.00175826123987221595                                                    
a_ia   37   46                                                     -0.00220479884197935950                                                    
a_ia   15   27                                                      0.15385376275963597026                                                    
a_ia    7   27                                                      0.00023550753814227811                                                    
mvp2    7   26   36   50   26    7   36   50                       -0.00385472336770121453   -0.16731601029745704623                          
a_ia    7   26                                                      0.00081967673443384846                                                    
a_ia    7   17                                                      0.00175730846118557493                                                    
a_ia    5    7                                                      0.26382584964306216024                                                    
a_ia   36   46                                                     -0.00158132788434343289                                                    
mvp2    5   24   36   50   24    5   36   50                        0.00439362769394991640    0.20739629803281925402                          
a_ia    5   24                                                      0.00135916517382328244                                                    
om      4   23   34   49   23    4   34   49                        0.00475950842191912721                                                    
a_ia   49   54                                                     -0.18314730689545413722                                                    
a_ia   28   45                                                      0.00157612358459661007                                                    
a_ia   34   49                                                     -0.00108725286295976217                                                    
mvp2    4   23   28   49   23    4   28   49                        0.00348075524976944328   -0.04329500533012037300                          
a_ia   34   48                                                     -0.00156561270332195392                                                    
mvp2    0   23   36   50   23    0   36   50                        0.00492307822624208410    0.30581575794319532102                          
a_ia    5   23                                                     -0.00089583273554647209                                                    
a_ia    0   23                                                      0.00073524382336301796                                                    
om      0   20   32   48   20    0   32   48                        0.00711845873907972389                                                    
a_ia    0   21                                                     -0.00097708813288511337                                                    
a_ia   38   52                                                      0.00045225083111940357                                                    
mvp2    0   21   32   49   21    0   32   49                       -0.00464090320035628889   -0.69635296507710608971                          
a_ia   32   49                                                     -0.00138222099615771706                                                    
a_ia    4   20                                                      0.00060125840050790887                                                    
a_ia   14   27                                                     -0.23113081388589995502                                                    
a_ia   16   25                                                     -0.31361508070442595253                                                    
a_ia    9   16                                                     -0.00442564581107755817                                                    
mvp3   36   50   37   54   36   37   54   50   36   37   50   54    0.00464060728039450161   -0.29410888879302815591   -0.16915120641343106556
a_ia   37   54                                                      0.00133824758634751187                                                    
a_ia   36   37                                                     -0.31351240954960934992                                                    
mvp2    1   27   36   50   27    1   36   50                        0.00459735816907207249    0.26179197779198615237                          
a_ia    1   15                                                      0.00547939996531775306                                                    
a_ia    1   27                                                     -0.00069685676647428068                                                    
mvp2    1   14   36   50   14    1   36   50                        0.00475582439239000121    0.38122142623505705927                          
mvp2    8   22   36   50   22    8   36   50                       -0.01417125330688357582    0.12710147567982196803                          
a_ia   41   42                                                     -0.00163087986164941025                                                    
mvp2   10   22   35   50   22   10   35   50                        0.00265021014403775054   -0.26529912406138428382                          
a_ia   35   50                                                      0.00729480317616409534                                                    
mvp2    1   16   29   44   16    1   29   44                       -0.00557681263238198142   -0.34180237399921586938                          
a_ia    1   16                                                     -0.00144821746086530351                                                    
a_ia    8   25                                                      0.00107815399119755057                                                    
a_ia    8    9                                                     -0.22153748695049110817                                                    
a_ia   35   36                                                      0.34083469610451527787                                                    
mvp2   10   22   36   50   22   10   36   50                       -0.00682301257250848229   -0.01652380052173477512                          
a_ia   39   42                                                      0.00297299217014908475                                                    
a_ia    8   16                                                     -0.00380576036863514589                                                    
a_ia    1    8                                                      0.10273197507067305390                                                    
om      8   27   36   55   27    8   36   55                       -0.00423048734074522783                                                    
a_ia    8   27                                                     -0.00086048110436803024                                                    
a_ia   35   50                                                     -0.00796391430685264821                                                    
