op     30   32   94   96   32   30   94   96                       -0.07573248204545721118                                                    
op     28   33   92   97   33   28   92   97                       -0.10871664412944317957                                                    
a_ia   28   32                                                     -0.02999133859606720534                                                    
op     30   33   92   96   33   30   92   96                       -0.07181698958330072491                                                    
op     30   33   92   97   33   30   92   97                       -0.08866781815568364200                                                    
a_ia   92   97                                                     -0.00961034059185546415                                                    
mvp2   30   33   94   97   33   30   94   97                       -0.04490686517153348600    0.84711275743754188561                          
a_ia   92   96                                                     -0.03461960431328479221                                                    
a_ia   30   33                                                      0.00250590230411399132                                                    
op     30   34   94   98   34   30   94   98                       -0.09063142858331656171                                                    
mvp2   28   33   94   97   33   28   94   97                       -0.02039965079925321403   -0.42307175381567152517                          
op     28   34   92   98   34   28   92   98                       -0.00428136640968742026                                                    
a_ia   32   33                                                     -0.15774476679692098213                                                    
op     31   32   95   96   32   31   95   96                       -0.04874208984297764141                                                    
mvp2   28   32   92   96   32   28   92   96                       -0.03606233100206501785   -0.76651347105538070181                          
mvp2   30   34   92   97   34   30   92   97                        0.01013213133407499765    0.21396014996130066632                          
mvp3   92   97   94   98   92   94   98   97   92   94   97   98    0.04158531375199631813   -0.09673160173648183424   -0.42894355578368792425
a_ia   94   98                                                     -0.00721982303979406929                                                    
a_ia   92   94                                                      0.47780034014436340017                                                    
a_ia   94   96                                                      0.03846379735938850603                                                    
mvp2   30   34   90   96   34   30   90   96                        0.05222291496540037298   -0.96453562671362058634                          
mvp2   28   34   92   97   34   28   92   97                        0.02032453508736438777   -0.29143073386534729119                          
op     31   32   95   98   32   31   95   98                        0.01297305608902948361                                                    
mvp2   26   32   90   96   32   26   90   96                       -0.04217930848122699444   -0.64780418544760898225                          
a_ia   30   32                                                     -0.00733397649248896007                                                    
a_ia   90   96                                                      0.02599725382090279160                                                    
a_ia   26   33                                                      0.00302348423650871658                                                    
mvp2   30   34   91   96   34   30   91   96                        0.00780440072856190391   -0.17083803218079787745                          
op     31   32   95   97   32   31   95   97                        0.00448791634019607595                                                    
mvp2   27   32   90   96   32   27   90   96                       -0.03061167775944906300   -0.64356506420785997147                          
mvp2   27   32   91   96   32   27   91   96                       -0.00443407943447424700   -0.19766012514806444167                          
op     31   34   95   96   34   31   95   96                        0.02930821570831459999                                                    
a_ia   97   98                                                     -0.06330563922574809765                                                    
a_ia   26   32                                                      0.01232748896301683397                                                    
mvp2   26   34   92   96   34   26   92   96                       -0.01450284320408533681   -0.20222657741468572090                          
a_ia   26   34                                                     -0.00764478628261262665                                                    
mvp2   26   34   90   98   34   26   90   98                       -0.03515517355444109510    0.39489639369183338058                          
a_ia   90   98                                                     -0.06029297963206111527                                                    
mvp2   27   34   92   96   34   27   92   96                       -0.01498381856738489545   -0.15911350844800042914                          
a_ia   27   34                                                     -0.00992267392725894315                                                    
a_ia   29   30                                                     -0.01017907790899258424                                                    
a_ia   29   32                                                     -0.01113023614984843049                                                    
a_ia   32   33                                                     -0.19602153145524128797                                                    
om     27   34   90   98   34   27   90   98                       -0.02145055857968314675                                                    
mvp2   30   34   90   98   34   30   90   98                        0.03500434563341140587   -0.23696074944829770281                          
mvp2   26   34   94   98   34   26   94   98                        0.01036265917516928162   -0.30375378840119993118                          
mvp2   30   32   90   98   32   30   90   98                        0.04294350334359191279    0.00502769256827357257                          
mvp2   27   34   94   98   34   27   94   98                        0.00399451667969618219   -0.29544797051708082680                          
a_ia   90   98                                                      0.03308498295142237727                                                    
a_ia   27   30                                                      0.07785435741034819890                                                    
mvp2   30   33   94   96   33   30   94   96                       -0.03343953122501393954    0.00520104847141831129                          
mvp2   30   32   94   98   32   30   94   98                       -0.07943736000306256262   -0.39662264143292019769                          
mvp2   28   32   90   98   32   28   90   98                       -0.01729742001172154819    0.05394839212802952921                          
a_ia   93   94                                                      0.19524865003173016986                                                    
a_ia   93   96                                                     -0.00475532616629416316                                                    
mvp2   30   34   92   96   34   30   92   96                        0.00053622426297412411    0.17174564072395495651                          
mvp2   30   34   91   98   34   30   91   98                        0.00323314954244771245   -0.04198202748243072546                          
a_ia   91   92                                                     -0.04203618171471935894                                                    
a_ia   91   98                                                      0.00898444712849784041                                                    
a_ia   33   34                                                     -0.32845601958321701819                                                    
a_ia   96   98                                                     -0.51730763632432275045                                                    
op     26   34   91   98   34   26   91   98                       -0.00259774040111142648                                                    
a_ia   28   31                                                     -0.01614429838126364355                                                    
mvp2   27   34   91   98   34   27   91   98                       -0.00299136365298387392    0.02784714520142284391                          
mvp2   28   32   94   96   32   28   94   96                        0.04198053026427095435   -0.00324973038988714442                          
mvp2   28   34   90   96   34   28   90   96                       -0.03009906703293121696   -0.33509603331513992952                          
a_ia   31   32                                                     -0.00290175008684571056                                                    
mvp2   28   34   91   96   34   28   91   96                       -0.00443532392354364317    0.00008793443349030374                          
op     14   56   78  120   56   14   78  120                       -0.04051503522281681841                                                    
op     14   56   78   97   56   14   78   97                       -0.02333814091110764100                                                    
a_ia   78   97                                                     -0.03936808989743074971                                                    
om     28   56   78  120   56   28   78  120                        0.01053888319569015915                                                    
a_ia   14   28                                                      0.35253735446997441771                                                    
op     14   35   78   99   35   14   78   99                       -0.00437533119167973512                                                    
om     14   32   78  120   32   14   78  120                       -0.02193534715260923862                                                    
a_ia   14   32                                                      0.02103835206445078126                                                    
a_ia   78  120                                                     -0.00288417771385455395                                                    
om     14   56   92  120   56   14   92  120                        0.00635950489116971288                                                    
om     14   56   90  120   56   14   90  120                       -0.00045894135589151985                                                    
a_ia   78   92                                                      0.13807146508622447634                                                    
a_ia   29   30                                                      0.20620469805718738554                                                    
om     14   56   91  120   56   14   91  120                        0.00029495212288142651                                                    
mvp2   14   32   78   97   32   14   78   97                       -0.02487284356403522342   -0.05368855637173448186                          
op     14   56   78   96   56   14   78   96                       -0.02865349866063535492                                                    
mvp2   28   56   78   96   56   28   78   96                       -0.00186989997862409296   -0.02047083252209847340                          
a_ia   78   96                                                      0.00655003336672370547                                                    
om     14   32   78   96   32   14   78   96                       -0.03013245608101877346                                                    
om     14   33   78  120   33   14   78  120                       -0.02378377357305391793                                                    
a_ia   78   90                                                      0.00380396161954570881                                                    
op     14   33   78   97   33   14   78   97                       -0.02408450675749127662                                                    
a_ia   78   97                                                      0.01511196165466967278                                                    
om     14   33   78   96   33   14   78   96                       -0.02640437516904359933                                                    
mvp2   28   32   78   96   32   28   78   96                        0.00788784630542566263   -0.14342131741157027047                          
om     14   33   92  120   33   14   92  120                        0.00040646082613943245                                                    
a_ia   90   91                                                      0.53136817547117487504                                                    
om     14   56   92   96   56   14   92   96                        0.00106190341974284606                                                    
a_ia   92   96                                                     -0.00938263327003605908                                                    
op     26   56   78  120   56   26   78  120                       -0.00016710554451322847                                                    
mvp2   14   32   92   96   32   14   92   96                        0.00919838669908563077    0.13994668233997153983                          
a_ia   14   26                                                     -0.05177057800069898019                                                    
op     27   56   78  120   56   27   78  120                        0.00034341928312973469                                                    
om     27   56   90  120   56   27   90  120                       -0.00011132942978844625                                                    
om     28   56   92  120   56   28   92  120                        0.00093478774004633917                                                    
a_ia   14   28                                                     -0.18680647189970070454                                                    
a_ia   90   97                                                     -0.00281043120696050598                                                    
mvp2   26   33   90   97   33   26   90   97                       -0.00147129274072530566   -0.05006509263239864588                          
a_ia   97  120                                                     -0.02808253254936290619                                                    
a_ia   93   98                                                     -0.00323364671715665715                                                    
a_ia   94   95                                                     -0.04512467342240617657                                                    
a_ia   32   35                                                     -0.00314320797520777854                                                    
op     27   56   92  120   56   27   92  120                        0.00006995508975648102                                                    
a_ia   78   91                                                     -0.24287251648037214147                                                    
a_ia   26   28                                                     -0.09856287142881392516                                                    
mvp2   14   56   92   97   56   14   92   97                        0.00448552923371315238   -0.00846772671546435103                          
mvp2   27   33   78  120   33   27   78  120                        0.00080058532068988820    0.01321703824819290239                          
a_ia   90   92                                                     -0.17483838787272101833                                                    
mvp3   78   97   94   98   78   94   98   97   78   94   97   98   -0.00618300072049334307   -0.10700861018074769859    0.03687672431264425732
a_ia   91   97                                                     -0.00626429300734350405                                                    
a_ia   78   97                                                      0.02809314554724311533                                                    
a_ia   78   98                                                     -0.08571814406514756401                                                    
mvp2   14   34   94   97   34   14   94   97                        0.01183818484085286983    0.12601216106078394485                          
a_ia   14   34                                                     -0.01090684099817756068                                                    
op     14   34   78   97   34   14   78   97                       -0.00317159477445194075                                                    
mvp2   14   34   78   98   34   14   78   98                       -0.00493341196804156570    0.18450432689469231651                          
a_ia   97   98                                                     -0.25671854493655155149                                                    
mvp2   14   34   78  120   34   14   78  120                       -0.00340450409553640391    0.06233456251748711180                          
a_ia   78  120                                                     -0.00003132748926158859                                                    
om     14   56   78   98   56   14   78   98                       -0.01131942295217076150                                                    
mvp2   14   33   78   98   33   14   78   98                       -0.01104998916722001179    0.07259131466074654482                          
mvp2   14   56   64   99   56   14   64   99                       -0.02141698941802568437    0.81037214613569708010                          
om     14   33   64   99   33   14   64   99                       -0.01853119878148372368                                                    
a_ia   64   99                                                      0.00118188106781836211                                                    
op     14   32   64   99   32   14   64   99                       -0.01928018909901428948                                                    
op     14   34   64   99   34   14   64   99                       -0.00416372299398702454                                                    
a_ia   32   34                                                      0.12948499934400795053                                                    
a_ia   97   98                                                     -0.20333941983922682040                                                    
op     28   56   64   99   56   28   64   99                        0.00376217206057775748                                                    
mvp2   14   56   64  127   56   14   64  127                       -0.00852324238515731435    0.10269397005420559388                          
a_ia   64  100                                                     -0.00071120461343754501                                                    
a_ia   64  101                                                     -0.00075056819928379808                                                    
om     26   56   64  127   56   26   64  127                        0.00018222078644022452                                                    
op     28   56   64  127   56   28   64  127                       -0.00111292401774778561                                                    
mvp2   14   35   64  120   35   14   64  120                       -0.00923224618794661438    0.27109868315674889860                          
mvp2   27   56   64  127   56   27   64  127                       -0.00021766704953480985    0.18465231949862087601                          
a_ia   14   28                                                     -0.41662700598472601765                                                    
mvp2    0   35   64   99   35    0   64   99                       -0.01683002990140171351   -0.58591627909626753379                          
mvp2    0   35   64  127   35    0   64  127                       -0.00295015045495281838    0.14549128381353748640                          
a_ia    0   35                                                      0.00041869314716748885                                                    
om      0   35   78  120   35    0   78  120                       -0.00218466192834197367                                                    
mvp2    0   56   64  120   56    0   64  120                       -0.00461681643502431273    0.29495125935406640849                          
a_ia   14   27                                                     -0.15666578081161697256                                                    
a_ia   27   28                                                     -0.18913068253559242593                                                    
a_ia   34   35                                                     -0.06840542559278160739                                                    
a_ia   78   94                                                     -0.03491274561205739285                                                    
a_ia   32   56                                                     -0.00432900300846911744                                                    
mvp2    0   63   64  127   63    0   64  127                       -0.00554622339036828400   -0.56981726500126250734                          
op      0   36   64  100   36    0   64  100                       -0.00524001766499486172                                                    
mvp2    0   63   64   99   63    0   64   99                       -0.01093222608139101867   -0.23843560980738998101                          
op     14   63   78  127   63   14   78  127                       -0.00591976656460843458                                                    
om     14   63   64  120   63   14   64  120                       -0.00374135010455992588                                                    
mvp2    0   63   78  120   63    0   78  120                       -0.00399416905039387104    0.03530347648151905410                          
a_ia   99  127                                                      0.31779097918852705629                                                    
a_ia   78   92                                                     -0.39105512528489921875                                                    
mvp2   14   32   78   98   32   14   78   98                       -0.00848743550678710164   -0.01954446183129745704                          
a_ia   78   90                                                     -0.35333876516525347666                                                    
mvp2   14   56   64   99   56   14   64   99                       -0.00579576028641992039   -0.04280945983797755650                          
mvp2   26   56   64   99   56   26   64   99                        0.00055380238797061575   -0.01341654288508421257                          
mvp2   14   63   78   99   63   14   78   99                       -0.00463602344758449938    0.02692340158920423360                          
op     14   63   92  127   63   14   92  127                       -0.00001932268286779565                                                    
mvp2    0   46   64   99   46    0   64   99                        0.00603282833569852156    0.24553329143388452627                          
a_ia   64   99                                                      0.00084758404118402784                                                    
mvp2    0   44   64   99   44    0   64   99                       -0.00429892248877925161   -0.24424031901223697272                          
a_ia    0   44                                                     -0.00114436044677628966                                                    
a_ia    0   37                                                     -0.00082946366496386838                                                    
om      0   44   64  127   44    0   64  127                       -0.00260856222315860664                                                    
mvp2    0   38   64   99   38    0   64   99                       -0.00338175971115907241   -0.15270481958407947087                          
mvp2    0   41   64   99   41    0   64   99                        0.00299619526444318881    0.14626715856152505690                          
mvp2    0   46   64  110   46    0   64  110                       -0.00425874725119581611    0.79503048645393836757                          
mvp2    0   43   64   99   43    0   64   99                       -0.00342414973951172446   -0.20707563303838760760                          
a_ia    0   43                                                     -0.00062631890648340088                                                    
mvp2    0   44   64  108   44    0   64  108                       -0.00347438707102194679    0.75546227911631347318                          
op      0   44   64  110   44    0   64  110                        0.00240973812158238980                                                    
mvp2    0   43   64  108   43    0   64  108                       -0.00203213568134404761    0.13679721705801545228                          
mvp2    0   43   64  127   43    0   64  127                       -0.00244983885899195545   -0.01794547680298928458                          
mvp2    0   46   64  127   46    0   64  127                        0.00170379826810974390    0.04704693413034154170                          
mvp2    0   48   64   99   48    0   64   99                       -0.00347991828918878298   -0.13064883863162282673                          
a_ia    0   48                                                     -0.00043028305470791132                                                    
om      0   48   64  110   48    0   64  110                        0.00204545312932395652                                                    
a_ia   99  102                                                      0.18303457005527415391                                                    
om      0   48   64  108   48    0   64  108                       -0.00204773871331721726                                                    
om      0   46   64  108   46    0   64  108                        0.00239049033647736496                                                    
op      0   36   64  106   36    0   64  106                       -0.00310337117865243416                                                    
a_ia   28   41                                                     -0.00132411892117035375                                                    
op      0   42   64  106   42    0   64  106                       -0.00263524830879247616                                                    
a_ia    0   42                                                     -0.00037199811969720078                                                    
mvp2    0   45   64   99   45    0   64   99                       -0.00324622098520925984   -0.17929579268756623556                          
op      0   36   64  104   36    0   64  104                       -0.00237868929316785438                                                    
a_ia   64  104                                                     -0.00064672711454720911                                                    
a_ia    0   36                                                     -0.00068514135317205161                                                    
a_ia   26   56                                                      0.00134481163563005294                                                    
mvp2   30   32   92   98   32   30   92   98                        0.03242684826595369774    0.10389888004648840936                          
a_ia   90   92                                                      0.06906469392471074886                                                    
a_ia   29   33                                                     -0.00248619163456738910                                                    
om     31   34   95   97   34   31   95   97                       -0.00448460894537855339                                                    
om      0   48   64  127   48    0   64  127                       -0.00223698914788910590                                                    
mvp2    0   35   64  110   35    0   64  110                        0.00553713603977315939   -0.03277024125700093993                          
om      0   35   64  108   35    0   64  108                       -0.00480584915575127652                                                    
om      0   63   64  108   63    0   64  108                       -0.00251192402771428704                                                    
a_ia    0   63                                                     -0.00147594558138939452                                                    
a_ia    0   41                                                      0.00055046360438113266                                                    
a_ia   14   26                                                     -0.29491386355222692917                                                    
a_ia   30   32                                                      0.04560820213489476943                                                    
om      0   38   64  110   38    0   64  110                        0.00159679640869871847                                                    
mvp2   28   34   90   98   34   28   90   98                       -0.00607967241456736258    0.12740441781801919996                          
a_ia   28   56                                                      0.00151403474527054757                                                    
a_ia   95   97                                                      0.00083294231877260210                                                    
a_ia   78   98                                                      0.02946881985981982324                                                    
a_ia   94   97                                                     -0.02531186358573861775                                                    
a_ia   14   56                                                     -0.00172429803136254383                                                    
a_ia   27   56                                                      0.00102063945916990723                                                    
a_ia   92   98                                                     -0.03769493036835723510                                                    
a_ia   30   34                                                      0.01833695844822808702                                                    
mvp2   28   34   90   97   34   28   90   97                        0.01006291008322789983   -0.15257926187154138842                          
a_ia   91   94                                                      0.03058323742069882570                                                    
mvp2   28   34   92   96   34   28   92   96                       -0.02164486254767640505   -0.02025697247081391719                          
a_ia   28   34                                                      0.01114590510222858086                                                    
mvp2   26   34   92   98   34   26   92   98                       -0.00387420088520123952    0.11081044182257511477                          
mvp2   30   32   78   98   32   30   78   98                        0.01305694463019248068   -0.06060897038706153372                          
a_ia   78   98                                                      0.04542741773184846149                                                    
om      0   42   64  100   42    0   64  100                       -0.00306363098492714757                                                    
a_ia   27   41                                                     -0.00101320184263082322                                                    
op      0   63   64  110   63    0   64  110                        0.00162443988629581678                                                    
om      0   41   64  110   41    0   64  110                       -0.00153233259844698898                                                    
a_ia   31   33                                                      0.00161248245113395651                                                    
mvp2   28   34   91   98   34   28   91   98                       -0.00420876116754789233    0.04315237766831702543                          
a_ia   94   97                                                      0.02938489206701374451                                                    
mvp2   28   32   92   98   32   28   92   98                       -0.01661539280241156394    0.07466506250200864725                          
mvp2   30   33   94   98   33   30   94   98                       -0.02080038175354870233    0.07722025629193257634                          
a_ia   78   97                                                      0.05017990025213618643                                                    
a_ia   28   32                                                      0.04303784486955940930                                                    
a_ia   29   31                                                      0.22843459489135656271                                                    
a_ia   91   96                                                      0.00024370299498032683                                                    
mvp2    0   35   64  112   35    0   64  112                       -0.00414159671240997476    0.16054998076599286128                          
om      0   48   64  112   48    0   64  112                       -0.00297764474701136790                                                    
om      0   45   64  127   45    0   64  127                       -0.00213392195913957288                                                    
a_ia   64  127                                                     -0.00160149757971039851                                                    
a_ia   64  106                                                     -0.00041825802590500700                                                    
op      0   46   64  112   46    0   64  112                        0.00202872325439514651                                                    
op      0   44   64  112   44    0   64  112                       -0.00197658898988794683                                                    
mvp2    0   35   64  107   35    0   64  107                       -0.00338236700187839788    0.22813669121642740634                          
a_ia   64  107                                                     -0.00054540746976457265                                                    
mvp2    0   35   64  109   35    0   64  109                       -0.00322282928222785347    0.21036944096282211847                          
om      0   45   64  109   45    0   64  109                       -0.00156651093108150412                                                    
mvp2    0   35   64  105   35    0   64  105                        0.00288518329478808016   -0.19274569019180962104                          
a_ia   64  105                                                      0.00053394739220714675                                                    
mvp2    0   47   64   99   47    0   64   99                        0.00232493385751957700    0.09344954345271885843                          
mvp2    0   35   64  111   35    0   64  111                        0.00240847544875810553   -0.11686537235970356763                          
om     28   56   78   97   56   28   78   97                        0.00542326192092257818                                                    
mvp2   20   48   78  120   48   20   78  120                       -0.00653640170666611522   -0.41402865314761033710                          
mvp2   20   48   78   97   48   20   78   97                       -0.00691255314379098269   -0.01879206829501772757                          
a_ia   20   48                                                     -0.00015316791173685274                                                    
mvp2   20   48   92  120   48   20   92  120                        0.00409855111500864386   -0.00285831749019985985                          
a_ia   92  120                                                     -0.00022630860309499554                                                    
om     20   48   78   96   48   20   78   96                       -0.00731113318840605989                                                    
mvp2   20   48   92   96   48   20   92   96                        0.00642276275807516887    0.01868348059746779977                          
mvp2   19   48   78  120   48   19   78  120                       -0.00341270101204054540   -0.24393467782433547741                          
a_ia   19   48                                                      0.00175376788074803423                                                    
a_ia   96   97                                                      0.01872098118244207646                                                    
mvp2   19   44   92   97   44   19   92   97                        0.00988272173280674120    0.11899592173576770127                          
a_ia   19   44                                                     -0.00191483959317304692                                                    
mvp2   20   44   78  120   44   20   78  120                       -0.00435130959880562773   -0.26059401937678206007                          
a_ia   20   44                                                      0.00011121337836738397                                                    
mvp2   20   44   78   96   44   20   78   96                       -0.00680656215952177377   -0.12227242723982223449                          
mvp2   19   44   78  120   44   19   78  120                       -0.00456836860233055583   -0.29578866057530395217                          
a_ia   96   98                                                      0.32408754460977429179                                                    
mvp2   19   44   83  108   44   19   83  108                       -0.00732341861716036616    0.96662894392643206043                          
mvp2   14   56   78  120   56   14   78  120                       -0.00392781926025913795    0.08598301228609707414                          
mvp2   14   56   83  112   56   14   83  112                       -0.00545485599598027632    0.30834413050799497347                          
mvp2   28   56   83  112   56   28   83  112                        0.00290072326179484407    0.00383915204998716564                          
a_ia   83  112                                                     -0.00049289931182713094                                                    
mvp2   19   48   78   96   48   19   78   96                       -0.00354260874274222107   -0.03259427912683467848                          
mvp2   28   32   83  112   32   28   83  112                        0.00550210241234596036   -0.05156977904345615843                          
op     20   44   78   97   44   20   78   97                       -0.00565961517339993395                                                    
a_ia   19   20                                                     -0.23568829396041937607                                                    
mvp2   19   44   90   96   44   19   90   96                        0.00519871424363815577    0.13748184294234128133                          
mvp2   14   32   83  112   32   14   83  112                       -0.00476617337741035065    0.06767768484349638569                          
op      0   63   64  107   63    0   64  107                       -0.00237098662266875581                                                    
om      0   43   64  107   43    0   64  107                       -0.00200178213064883910                                                    
om      0   63   64  109   63    0   64  109                       -0.00191166907974419232                                                    
a_ia   26   41                                                     -0.00113321516168481281                                                    
a_ia   30   33                                                     -0.00269386341279880459                                                    
a_ia    0   46                                                      0.00041920914857834031                                                    
mvp2   20   57   64  127   57   20   64  127                       -0.00440697474478189428   -0.52151530764664855155                          
mvp2   20   57   64   99   57   20   64   99                       -0.00562422056972479781   -0.10648616155729280497                          
mvp2   20   35   64   99   35   20   64   99                       -0.00512766876454114149   -0.18293914799651189718                          
a_ia   35   57                                                     -0.10236073819029140042                                                    
mvp2   20   46   64   99   46   20   64   99                        0.00337646368530348075    0.18421459125134323487                          
a_ia   20   46                                                      0.00079611985146707163                                                    
mvp2   19   57   78  120   57   19   78  120                       -0.00607832794094282942   -0.33430431651011416339                          
a_ia   19   57                                                     -0.00042553378375451948                                                    
