op     23   24   71   72   24   23   71   72                       -0.13069071371280588378                                                    
op     23   25   71   73   25   23   71   73                       -0.11174111561201180431                                                    
a_ia   71   73                                                     -0.01169488355845265358                                                    
a_ia   23   25                                                     -0.01882370477261340047                                                    
mvp2   23   25   68   72   25   23   68   72                       -0.08923171618034761443    0.77290336222401356814                          
mvp2   20   24   71   73   24   20   71   73                       -0.08497338869602628908   -0.72785148996361948015                          
mvp2   20   25   68   73   25   20   68   73                       -0.09479709563944072048    0.03528293806346009115                          
a_ia   72   73                                                     -0.18385417531416736736                                                    
a_ia   68   69                                                      0.41068773480266212994                                                    
a_ia   22   23                                                      0.10830137405840657705                                                    
mvp2   21   25   68   73   25   21   68   73                        0.00109556332527149499    0.27986004842084494237                          
a_ia   21   23                                                      0.14951287834178250691                                                    
a_ia   20   21                                                      0.30696977020311971840                                                    
a_ia   24   25                                                     -0.31038756225203323336                                                    
a_ia   68   73                                                     -0.00232049800433561633                                                    
mvp2   20   25   71   72   25   20   71   72                       -0.05626196389064930942   -0.21664244078846955910                          
mvp2   23   24   68   73   24   23   68   73                       -0.05419799088522663649    0.22445615036718882807                          
mvp2   23   34   71   72   34   23   71   72                       -0.00609862370026372121   -0.00514386183810225557                          
a_ia   23   34                                                     -0.00684193678790251392                                                    
op     23   28   71   76   28   23   71   76                       -0.01021687009004153095                                                    
op     23   34   71   82   34   23   71   82                       -0.01220076724961688570                                                    
a_ia   71   82                                                     -0.00628570218679797704                                                    
a_ia   72   82                                                      0.17390565030213153697                                                    
op     23   31   71   79   31   23   71   79                       -0.00756994790832339268                                                    
op     23   29   71   77   29   23   71   77                       -0.00796831155343670494                                                    
op      0   26   48   74   26    0   48   74                       -0.00404678402930848564                                                    
op     11   26   59   74   26   11   59   74                       -0.00672200487371999583                                                    
op     10   26   58   74   26   10   58   74                       -0.01185561269058775860                                                    
op      9   26   57   74   26    9   57   74                       -0.00763019030394853845                                                    
op      0   28   48   76   28    0   48   76                       -0.00867661938904527689                                                    
op     16   28   64   76   28   16   64   76                       -0.01029571215179232897                                                    
a_ia   25   34                                                      0.09630435376947234227                                                    
op     11   28   59   76   28   11   59   76                       -0.01314404434890777129                                                    
op     14   28   59   76   28   14   59   76                       -0.00873271747317339031                                                    
op     11   28   62   76   28   11   62   76                       -0.00870054346304806672                                                    
a_ia   11   28                                                      0.00146572014149501471                                                    
a_ia   59   76                                                      0.00153206546551802277                                                    
op     10   28   58   76   28   10   58   76                       -0.00461008351620212364                                                    
a_ia   61   76                                                      0.00130775217426830673                                                    
op      6   28   54   76   28    6   54   76                       -0.01005169457243567516                                                    
op      6   28   55   76   28    6   55   76                       -0.00928232703725917138                                                    
op      7   28   55   76   28    7   55   76                       -0.00947270031501188867                                                    
op      8   28   56   76   28    8   56   76                       -0.00630574449427747513                                                    
op      7   28   54   76   28    7   54   76                       -0.00927133514664055247                                                    
op      3   28   51   76   28    3   51   76                       -0.00632398147670816188                                                    
op      4   28   51   76   28    4   51   76                        0.00410344197523371517                                                    
op      3   28   52   76   28    3   52   76                        0.00428119343764591081                                                    
op      7   28   51   76   28    7   51   76                       -0.00541257021961098761                                                    
op      6   28   51   76   28    6   51   76                       -0.00569998663454344013                                                    
op      4   28   52   76   28    4   52   76                       -0.00306257260123153369                                                    
op      3   28   49   76   28    3   49   76                        0.00380844622620569182                                                    
op      1   28   49   76   28    1   49   76                       -0.00388550172827752767                                                    
op      6   28   52   76   28    6   52   76                        0.00413110176946690499                                                    
op      7   28   52   76   28    7   52   76                        0.00404763056524754753                                                    
a_ia   24   34                                                      0.16208310609471449082                                                    
op      3   28   54   76   28    3   54   76                       -0.00550821222506101948                                                    
a_ia    7   28                                                     -0.00068298933612265808                                                    
a_ia   54   76                                                     -0.00070159163181479341                                                    
op      8   26   56   74   26    8   56   74                       -0.00494875126241017815                                                    
mvp2   23   24   58   73   24   23   58   73                       -0.01201255925691266380    0.10203369666956561834                          
a_ia   23   24                                                     -0.00757990635083919360                                                    
a_ia   58   73                                                     -0.00095751043826148880                                                    
a_ia   58   69                                                      0.34073529839996996582                                                    
mvp2   23   24   69   73   24   23   69   73                       -0.01200515568190993997    0.03383575798163967335                          
a_ia   20   34                                                     -0.00376861818669578302                                                    
a_ia   20   25                                                     -0.00135078531160299749                                                    
mvp2   10   24   58   72   24   10   58   72                       -0.04808297452483674406   -0.30368803509743103053                          
a_ia   58   72                                                     -0.00230590379303138339                                                    
a_ia   10   24                                                     -0.01214180637967079458                                                    
op     10   42   58   90   42   10   58   90                       -0.05535840583988345387                                                    
op     20   42   58   90   42   20   58   90                       -0.00258945319627467254                                                    
op     10   42   68   90   42   10   68   90                       -0.00159428629101542149                                                    
op     20   42   68   90   42   20   68   90                       -0.00408139276015542264                                                    
a_ia   10   31                                                     -0.00176211575923619201                                                    
a_ia   68   90                                                      0.00308149305797680677                                                    
a_ia   20   42                                                     -0.00043463080839843319                                                    
a_ia   10   20                                                      0.10717102127605628026                                                    
a_ia   20   31                                                     -0.00337049809987474257                                                    
a_ia   58   68                                                     -0.57835754528496308158                                                    
om     21   42   58   90   42   21   58   90                       -0.00385118274567746322                                                    
om     10   42   58   72   42   10   58   72                        0.02896858886048671311                                                    
a_ia   68   79                                                     -0.00213887543335736924                                                    
mvp2   20   42   58   72   42   20   58   72                       -0.00143648233547138981    0.16004121819525246595                          
mvp2   10   42   68   72   42   10   68   72                       -0.01768816159561966209    0.00635250294465315637                          
a_ia   21   31                                                     -0.00114052201356304537                                                    
mvp2    0   47   58   90   47    0   58   90                       -0.01020736027964540445   -0.04983951775198244144                          
om      0   47   68   90   47    0   68   90                        0.00530973697072410506                                                    
a_ia   58   79                                                     -0.00342352917243647073                                                    
mvp2    0   47   48   95   47    0   48   95                       -0.00840679025844973810    0.81594194571557265849                          
mvp2    0   42   48   90   42    0   48   90                       -0.00715105964987715857    0.62801844642052573331                          
mvp2   10   42   48   95   42   10   48   95                       -0.00957294149810883864    0.10956947634201254227                          
mvp2   10   47   48   90   47   10   48   90                       -0.00558005596209964778    0.50808350311172001401                          
mvp2   20   42   68   72   42   20   68   72                       -0.00011749511410835520   -0.04718134859493974126                          
op      0   35   48   83   35    0   48   83                       -0.00556466853798096191                                                    
op      0   30   48   78   30    0   48   78                       -0.00270538991956021518                                                    
op      0   32   48   80   32    0   48   80                       -0.00305262689323697366                                                    
mvp2   21   42   68   90   42   21   68   90                        0.00117072753757337480   -0.14624839527087382662                          
a_ia   10   21                                                     -0.21787775453723018382                                                    
mvp2   10   24   58   90   24   10   58   90                        0.02688549795969037357    0.20748977272331467492                          
a_ia   20   24                                                      0.00620147570932289005                                                    
om     10   24   68   90   24   10   68   90                       -0.02245553465660161604                                                    
mvp2   20   24   58   90   24   20   58   90                       -0.00371959637225621363    0.02179438588295885132                          
a_ia   58   90                                                      0.00010975992182089295                                                    
a_ia   19   23                                                      0.12723504077711972338                                                    
mvp2   10   25   71   72   25   10   71   72                       -0.01684606686839843631   -0.17878264071751698294                          
a_ia   10   20                                                     -0.53239674155524496779                                                    
mvp2    0   30   48   95   30    0   48   95                       -0.00286878222828703148   -0.58328190923587963646                          
mvp2   10   42   69   90   42   10   69   90                        0.01101722560374127600   -0.20350992975561577047                          
a_ia   69   71                                                      0.12504322961969366323                                                    
mvp2   20   42   69   90   42   20   69   90                       -0.00575654642530066922   -0.42841746434494509810                          
mvp2   10   42   59   90   42   10   59   90                        0.00305230978501924407   -0.00242801083296571808                          
mvp2   20   42   59   90   42   20   59   90                        0.00038472331356199214    0.22197422180861525742                          
mvp2   11   42   58   90   42   11   58   90                        0.00097073458264080583    0.00928707103415726994                          
a_ia   10   11                                                      0.13024181388828998118                                                    
mvp2   10   42   58   90   42   10   58   90                        0.01209468691200470299   -0.14952385786097494025                          
a_ia   58   59                                                      0.45509803051286312758                                                    
a_ia   58   90                                                     -0.00000541861533134773                                                    
op     11   29   59   77   29   11   59   77                       -0.00853218236125416994                                                    
mvp2   10   42   48   74   42   10   48   74                        0.01772233507850910772   -0.62822116616694267943                          
mvp2   11   42   48   74   42   11   48   74                        0.00250911065720430633   -0.04508347491007703989                          
mvp2   20   42   48   74   42   20   48   74                       -0.01010550697449417133    0.00872770473975766591                          
a_ia   48   74                                                     -0.00124022891865152953                                                    
om     10   24   48   74   24   10   48   74                       -0.01615037089194520936                                                    
mvp2   10   42   59   90   42   10   59   90                       -0.00314766198902800441    0.02302929223702645731                          
mvp2    0   26   58   90   26    0   58   90                        0.01535349785536095114    0.59671001445276772301                          
mvp2   48   74   58   90   48   58   74   90                       -0.00085235750431489311    0.35117735270615313414                          
a_ia    0   26                                                     -0.00047446866629586464                                                    
op      0   42   58   74   42    0   58   74                        0.00734107942260676244                                                    
mvp2    0   26   58   72   26    0   58   72                       -0.01693371174514192098   -0.05844570107013803695                          
om      0   26   59   90   26    0   59   90                        0.00919102939283050584                                                    
mvp2    0   26   68   90   26    0   68   90                       -0.01142049792108188778   -0.32252729106356836652                          
mvp2    0   26   68   72   26    0   68   72                        0.01370895440649237511   -0.03191550612072463489                          
mvp2    0   26   48   83   26    0   48   83                        0.00621952385675316778   -0.33008488217327536240                          
a_ia   71   83                                                      0.00481091440763070383                                                    
mvp2    0   35   48   74   35    0   48   74                        0.00728355181721137765    0.25078482332267293398                          
a_ia   25   35                                                     -0.07643540123233452666                                                    
mvp2    0   47   48   74   47    0   48   74                        0.00624258967826995474    0.39416473002179075458                          
mvp2    0   47   48   83   47    0   48   83                       -0.00292819746752047329   -0.19794049897447951736                          
a_ia   25   31                                                     -0.07539402179490208022                                                    
a_ia   21   25                                                     -0.00101821053727015184                                                    
op      0   35   48   95   35    0   48   95                       -0.00276499715578727451                                                    
mvp2    0   47   48   78   47    0   48   78                       -0.00305221413858296946    0.23758787320896576634                          
mvp2    0   26   48   78   26    0   48   78                        0.00484781791288618931   -0.12080029029524586015                          
mvp2    0   26   48   95   26    0   48   95                        0.00378507368375376359   -0.16559382198633293415                          
a_ia   68   82                                                     -0.00257912292452559550                                                    
mvp2    0   47   48   80   47    0   48   80                        0.00299319707301425215   -0.19876070696686584660                          
op      2   28   50   76   28    2   50   76                       -0.00317275215280589124                                                    
om      3   28   55   76   28    3   55   76                       -0.00509043453598099788                                                    
mvp2   19   42   58   90   42   19   58   90                        0.00005327707580446517   -0.02901014699787267739                          
a_ia   19   20                                                     -0.07776318650799962651                                                    
op     10   29   59   77   29   10   59   77                        0.00016958069753647385                                                    
op     10   29   58   77   29   10   58   77                       -0.00178671363894513497                                                    
op      7   28   50   76   28    7   50   76                       -0.00326140233554812146                                                    
op     21   31   69   79   31   21   69   79                       -0.00541387483440493485                                                    
a_ia   69   79                                                     -0.00144709151696748679                                                    
op     11   29   58   77   29   11   58   77                        0.00431298803094967882                                                    
op     11   27   59   75   27   11   59   75                       -0.00732251973603868789                                                    
a_ia   20   23                                                      0.02660933644427012496                                                    
om     10   35   58   83   35   10   58   83                       -0.00529218242650324015                                                    
a_ia   10   35                                                     -0.00143454726589326161                                                    
a_ia   58   83                                                     -0.00155393501551642863                                                    
mvp2    0   26   48   80   26    0   48   80                       -0.00254882963283470029    0.05794258077171649673                          
a_ia   18   23                                                      0.06809926466393387279                                                    
mvp2    0   26   48   84   26    0   48   84                        0.00372394973760247763   -0.15464908374076097308                          
a_ia   69   84                                                      0.00115484887301292301                                                    
op      0   33   48   81   33    0   48   81                       -0.00280944899729688915                                                    
a_ia   48   81                                                     -0.01000784698453031397                                                    
a_ia    0   33                                                      0.00080291700688688548                                                    
a_ia   25   37                                                      0.05107661043996058331                                                    
a_ia   25   36                                                      0.03381757707413853009                                                    
a_ia   19   42                                                      0.00009839113541790077                                                    
a_ia   25   38                                                     -0.07007408140183726819                                                    
a_ia   11   29                                                     -0.00106192062542039044                                                    
mvp2    0   26   48   81   26    0   48   81                       -0.00392981469539802064    0.08612747942003969037                          
a_ia   69   81                                                      0.00106202354343122541                                                    
a_ia    0   26                                                     -0.00202095566221610493                                                    
a_ia   71   84                                                     -0.00164958852300802709                                                    
a_ia    0   47                                                     -0.00141860103988487450                                                    
a_ia   48   81                                                      0.01070693239207042534                                                    
mvp2    0   36   48   74   36    0   48   74                        0.00414443837813468271    0.17019187244846373241                          
op      0   36   48   84   36    0   48   84                       -0.00309522424771564632                                                    
mvp2    0   33   48   74   33    0   48   74                       -0.00293453613067172448   -0.09625010663138296174                          
mvp2    0   32   48   74   32    0   48   74                       -0.00324340543866586751   -0.21011282290613295110                          
mvp2   20   24   64   80   24   20   64   80                        0.01391192162051359087   -0.18884592150873247274                          
a_ia   59   80                                                     -0.00077854100698251342                                                    
mvp2   20   24   64   75   24   20   64   75                        0.00979089597631490824   -0.12774662383618215489                          
a_ia   64   75                                                     -0.00138802573883072032                                                    
a_ia   20   24                                                     -0.01261796894845445584                                                    
a_ia   64   80                                                      0.00189289193209511556                                                    
a_ia   18   42                                                      0.00048901328482211289                                                    
a_ia   59   77                                                     -0.00107940952356596828                                                    
mvp2   23   24   67   72   24   23   67   72                        0.01691300641192153287    0.07303581192772273800                          
a_ia   67   72                                                      0.00398687989840045779                                                    
a_ia   18   24                                                      0.00129586966415066659                                                    
a_ia   24   42                                                      0.01747609591803937767                                                    
op      0   32   48   95   32    0   48   95                        0.00274371750632945504                                                    
a_ia   48   95                                                     -0.00065051153638683305                                                    
mvp2   10   34   71   82   34   10   71   82                       -0.00814654636076608298    0.04811368592266974942                          
op     10   34   58   82   34   10   58   82                       -0.00437898491257173068                                                    
mvp2    0   26   64   83   26    0   64   83                        0.00603081600556821910   -0.36281785288179962956                          
a_ia   64   71                                                      0.03757922306001873491                                                    
a_ia   64   83                                                     -0.00097517551362550367                                                    
mvp2    0   26   64   74   26    0   64   74                       -0.00674855406419920274    0.30541172228143420586                          
a_ia   64   78                                                      0.00153313593234417293                                                    
mvp2    0   47   64   83   47    0   64   83                       -0.00308110391557577098   -0.01747299836789703575                          
mvp2    0   26   64   81   26    0   64   81                       -0.00486767412970379610    0.37620764181271637572                          
mvp2    0   47   64   81   47    0   64   81                        0.00255825156758507843    0.00382672559522011062                          
mvp2    0   47   64   74   47    0   64   74                        0.00197486681009375080    0.03866354408523940689                          
mvp2   23   24   70   72   24   23   70   72                        0.01508526310680013624    0.05354861819912760251                          
a_ia   19   24                                                      0.00147592118581619776                                                    
a_ia   67   90                                                      0.00916879866398818792                                                    
a_ia   70   73                                                      0.00107859958562016452                                                    
a_ia   72   73                                                     -0.12518668927960624471                                                    
a_ia   68   71                                                     -0.01139839454098138735                                                    
mvp2   10   42   67   90   42   10   67   90                        0.00464966416662108539   -0.24082982852681572572                          
a_ia   18   27                                                     -0.00147202495857812980                                                    
mvp2   20   42   67   90   42   20   67   90                       -0.00295799166337421199   -0.18721397340956238975                          
a_ia   58   71                                                      0.04832162578789814950                                                    
a_ia   58   82                                                     -0.00091665221600237658                                                    
mvp2   16   24   20   27   16   20   24   27                       -0.00862061825009222127    0.13622612000263670251                          
a_ia   16   27                                                     -0.00370197775623454933                                                    
a_ia   67   90                                                     -0.00906482442706785761                                                    
a_ia   16   24                                                      0.00182144482512638776                                                    
a_ia   16   23                                                      0.04060090448676545449                                                    
op      1   28   51   76   28    1   51   76                        0.00387252244637390853                                                    
a_ia   51   76                                                     -0.00019949539278190601                                                    
a_ia   10   18                                                     -0.13363238504777819049                                                    
a_ia   18   42                                                     -0.00033331835915610913                                                    
a_ia   10   42                                                     -0.00210546690540397256                                                    
op      1   28   52   76   28    1   52   76                       -0.00210070338385537217                                                    
a_ia   26   31                                                      0.07273666330898703736                                                    
a_ia   16   20                                                     -0.03353109516752326297                                                    
op      9   27   57   75   27    9   57   75                       -0.00886706920325198468                                                    
a_ia   66   75                                                     -0.00155046146238718837                                                    
op      8   27   56   75   27    8   56   75                       -0.00802872896219137752                                                    
a_ia   63   75                                                     -0.00154549336098071992                                                    
a_ia    8   27                                                     -0.00170643538513329317                                                    
a_ia   15   27                                                     -0.00162119035876726264                                                    
om     14   28   55   76   28   14   55   76                        0.00737076224303314254                                                    
op     14   28   54   76   28   14   54   76                        0.00700084566085206264                                                    
op      6   28   62   76   28    6   62   76                        0.00712438522589479203                                                    
om     14   28   62   76   28   14   62   76                       -0.00767308313060276886                                                    
om      7   28   62   76   28    7   62   76                        0.00752117474825005159                                                    
op      9   29   57   77   29    9   57   77                       -0.00747628384820677155                                                    
a_ia   57   77                                                     -0.00207350031162011972                                                    
a_ia    9   29                                                     -0.00217051576810735119                                                    
mvp2   23   24   57   77   24   23   57   77                        0.00931603060973987956   -0.02948318661725769438                          
a_ia    9   24                                                      0.00118449747494050062                                                    
a_ia   19   29                                                     -0.00086255082061954716                                                    
om     19   29   67   77   29   19   67   77                       -0.00550335913479508242                                                    
a_ia   57   72                                                      0.00084772862035398092                                                    
mvp2   21   42   48   74   42   21   48   74                       -0.00538433660002213266   -0.19708965482036602812                          
a_ia   64   84                                                     -0.00271178504792393953                                                    
a_ia   64   95                                                     -0.00054349255297905059                                                    
om      0   36   48   83   36    0   48   83                       -0.00274727313063563008                                                    
mvp2   19   29   57   77   29   19   57   77                       -0.00378512978018783440   -0.20788811292800399300                          
op     12   28   60   76   28   12   60   76                       -0.00399455729487642637                                                    
a_ia    6   28                                                     -0.00074498179366690328                                                    
op      4   28   60   76   28    4   60   76                        0.00252575328951099498                                                    
a_ia   60   76                                                     -0.00062114154412085782                                                    
om      6   28   60   76   28    6   60   76                       -0.00419949291623559519                                                    
op      7   28   60   76   28    7   60   76                       -0.00459098042388000633                                                    
mvp2    0   47   64   92   47    0   64   92                       -0.00398682413490824682    0.49130495141164853834                          
mvp2    0   26   64   92   26    0   64   92                        0.00468811364192571727   -0.05329371617147973805                          
mvp2    0   47   64   93   47    0   64   93                       -0.00372061813616062680    0.44522691490853716356                          
a_ia   64   93                                                     -0.00117443136248228169                                                    
mvp2    0   26   64   93   26    0   64   93                        0.00430397486808475113   -0.09260319455489719742                          
a_ia   92   95                                                      0.15168443187885538581                                                    
mvp2    0   26   64   86   26    0   64   86                       -0.00355200753203190316    0.30042359473939805881                          
mvp2    0   47   64   86   47    0   64   86                        0.00182087652330373663    0.08899754880854285344                          
a_ia   10   19                                                     -0.13837260650775246029                                                    
a_ia   67   77                                                     -0.00113191330879678287                                                    
mvp3    9   24   23   29    9   23   29   24    9   23   24   29   -0.00395007706958877634    0.55254184176984433297    0.06303654137844116878
a_ia   23   29                                                     -0.00052399766294014343                                                    
a_ia   48   83                                                      0.00015705207410318789                                                    
mvp2   23   24   56   77   24   23   56   77                       -0.01004153354339747464    0.06714178537534766511                          
a_ia   56   77                                                      0.00263799403736079009                                                    
op      9   29   56   77   29    9   56   77                        0.00487052832171076117                                                    
a_ia   57   80                                                     -0.00054993427420055589                                                    
a_ia   61   75                                                      0.00176678726030726069                                                    
a_ia   13   27                                                      0.00158359445175918780                                                    
op     13   27   61   75   27   13   61   75                       -0.00417429090448074094                                                    
mvp2   23   34   57   80   34   23   57   80                       -0.00664773257238303848    0.38800239363337701848                          
a_ia   23   35                                                      0.00442728928137120070                                                    
om     23   34   58   82   34   23   58   82                       -0.00743528540355924833                                                    
mvp2   23   34   59   82   34   23   59   82                       -0.00365877663552536441    0.03381422612623730811                          
mvp2    9   32   57   80   32    9   57   80                       -0.00674422718088369798   -0.79264192902656760431                          
mvp2   16   24   20   32   16   20   24   32                       -0.01129454805165732920    0.22181054179125514469                          
a_ia   24   32                                                      0.03174995255189637378                                                    
a_ia   16   32                                                     -0.00186976438609202369                                                    
a_ia   10   11                                                      0.36909278794948474633                                                    
a_ia   18   32                                                      0.00078141835757813949                                                    
a_ia   19   32                                                     -0.00090805784828429143                                                    
a_ia   10   32                                                     -0.00096754406759707863                                                    
a_ia   11   32                                                     -0.00089746571297146199                                                    
mvp2    8   29   56   77   29    8   56   77                       -0.00590773375929991122   -0.75373530433693758379                          
op      8   24   56   72   24    8   56   72                       -0.00964702348805188126                                                    
a_ia   65   77                                                      0.00071652956450604752                                                    
a_ia   22   24                                                      0.00120490030405822897                                                    
a_ia   63   77                                                     -0.00148133756216361307                                                    
