op     31   32   95   96   32   31   95   96                       -0.03666318674540271910                                                    
op     27   35   91   99   35   27   91   99                       -0.14024274299724864834                                                    
a_ia   91   99                                                     -0.01348886794244066357                                                    
a_ia   27   35                                                     -0.04752340994343627611                                                    
op     27   33   91   99   33   27   91   99                       -0.00119717698452727513                                                    
om     27   33   91   97   33   27   91   97                        0.04526981824214229566                                                    
a_ia   27   33                                                     -0.00024017757655689476                                                    
om     27   35   91   97   35   27   91   97                        0.00810161305576494184                                                    
op     31   36   95  100   36   31   95  100                       -0.00440919952326002812                                                    
op     26   34   90   98   34   26   90   98                       -0.04497035236104159756                                                    
a_ia   26   34                                                      0.01031351112531519489                                                    
mvp2   26   34   91   99   34   26   91   99                       -0.04794915777947295066   -0.88104595176562650050                          
a_ia   90   98                                                     -0.01044690577437066420                                                    
mvp2   27   35   90   98   35   27   90   98                       -0.05835168079154007259    0.99420903426343398834                          
a_ia   31   32                                                     -0.01681919650364018318                                                    
op     24   33   88   97   33   24   88   97                       -0.07941149121143452339                                                    
a_ia   88   97                                                     -0.01104545241304934200                                                    
om     24   35   88   97   35   24   88   97                       -0.00530794636550865895                                                    
mvp2   24   33   90   98   33   24   90   98                        0.09143368734354730132    0.34589225293302416908                          
a_ia   24   33                                                      0.00224484061090727671                                                    
a_ia   97   99                                                     -0.48785088679428684211                                                    
mvp2   88   97   90   98   88   90   98   97                        0.07336206673182989191    0.45511411391036871166                          
a_ia   33   35                                                     -0.69058622115069179248                                                    
a_ia   24   27                                                      0.56350238589602508199                                                    
mvp2   25   33   88   97   33   25   88   97                        0.03326910302677795611    0.29744687280728415724                          
a_ia   25   33                                                     -0.00280002038190042477                                                    
a_ia   90   98                                                      0.03740094181611281626                                                    
a_ia   88   89                                                     -0.04386233377458539917                                                    
mvp2   25   33   88   99   33   25   88   99                       -0.01361259088996801328    0.87275051887777010950                          
a_ia   89   97                                                     -0.00055948376590782495                                                    
mvp2   26   34   95  100   34   26   95  100                       -0.00865066552792229972    0.09740095266902538962                          
a_ia   88   91                                                      0.50021545176613191330                                                    
a_ia   97   99                                                     -0.28027375098502682604                                                    
op     28   32   92   96   32   28   92   96                       -0.08462357377982814011                                                    
a_ia   92   96                                                      0.09797194241084650201                                                    
a_ia   28   32                                                      0.01703504451696534125                                                    
a_ia   25   33                                                      0.00411711888137982103                                                    
mvp2   28   32   90   98   32   28   90   98                       -0.03406064777895917439   -0.37444263978370484480                          
mvp2   26   34   31   36   26   31   36   34                       -0.01488833577258738723    0.32263762393704215059                          
mvp2   28   36   90   98   36   28   90   98                       -0.05319857069350564932   -0.48307771768981477845                          
op     31   38   95  102   38   31   95  102                       -0.01437159334814980954                                                    
mvp2   26   36   91   97   36   26   91   97                        0.06693834156921162071    0.24585494566977547648                          
a_ia   91   97                                                      0.01063402945429660178                                                    
mvp2   26   32   91   97   32   26   91   97                        0.05819167787278144849    0.33448727764378011207                          
a_ia   35   36                                                      0.06323927811041724079                                                    
mvp2   90   97   91  100   90   91   97  100                       -0.05275972929877107559    0.52782913044933432722                          
mvp2   90   96   91   97   90   91   97   96                        0.05475401549620991654    0.36202041986435440357                          
mvp2   91   97   92   98   91   92   98   97                        0.04869387453898054580   -0.31216411024075957359                          
mvp2   26   34   92  100   34   26   92  100                       -0.02505288048552088351    0.17447388061798729808                          
mvp2   26   34   92   96   34   26   92   96                       -0.02312627054815662858    0.11841803710797801918                          
a_ia   92   96                                                     -0.07215381060375723743                                                    
a_ia   35   38                                                      0.03482357175670312832                                                    
a_ia   35   39                                                     -0.01377366531954154517                                                    
a_ia   35   40                                                     -0.03289394152473429367                                                    
mvp2   31   34   90   96   34   31   90   96                       -0.01784861260024971780   -0.39330944219796043493                          
a_ia   36   38                                                     -0.68860401489160716348                                                    
mvp2   25   33   89   99   33   25   89   99                        0.00045575627136032004   -0.14144186866154725979                          
mvp2   18   32   90   98   32   18   90   98                       -0.00333896047912013265   -0.72184944029517583708                          
mvp2   18   34   91   97   34   18   91   97                        0.04073947750792173556    0.34780176872832518908                          
a_ia   26   28                                                      0.00288399118827123739                                                    
a_ia   89   90                                                      0.12113320956678119700                                                    
a_ia   29   32                                                     -0.00487237286773604603                                                    
mvp2   18   34   90  100   34   18   90  100                       -0.02060242042692811762   -0.22868243750919509116                          
a_ia   99  100                                                      0.04754378770225524409                                                    
mvp2   18   34   82   98   34   18   82   98                       -0.02970863027363577699    0.92644627719766681206                          
mvp2   18   32   82   96   32   18   82   96                       -0.04189096366516961711    1.04396647867012681843                          
op     21   34   85   98   34   21   85   98                       -0.01138011376221909760                                                    
mvp2   28   32   82   96   32   28   82   96                        0.00226755926631160617    0.15812161550188510994                          
a_ia   82   96                                                      0.00916108460656895641                                                    
mvp2   26   32   82   98   32   26   82   98                       -0.03869556977221660921    0.43960669008175262684                          
a_ia   25   26                                                      0.13632382032345111145                                                    
mvp2   28   34   82   98   34   28   82   98                       -0.04602635871397223882   -0.56465975476396745858                          
mvp2   26   34   82  100   34   26   82  100                       -0.02449807197239854337    0.47315022107082299607                          
a_ia   32   34                                                     -0.00270879399375465032                                                    
a_ia   82  100                                                     -0.00639054809273751495                                                    
a_ia   96  100                                                      0.06588493208225812414                                                    
a_ia   28   34                                                      0.00052401528941563454                                                    
a_ia   28   29                                                     -0.39502277677860475613                                                    
a_ia   29   32                                                      0.02023100675395992157                                                    
a_ia   28   32                                                     -0.01475669864231110746                                                    
a_ia   92  102                                                     -0.00553128265786935469                                                    
a_ia   88   91                                                     -0.38138934264130769369                                                    
a_ia   97   99                                                      0.44246224195813149693                                                    
mvp2   27   33   91   97   33   27   91   97                       -0.08037804459674899316   -0.53206050936640703064                          
a_ia   92  103                                                      0.00310807902133850532                                                    
a_ia   91   97                                                     -0.00014287705518333432                                                    
mvp2   18   36   82  100   36   18   82  100                       -0.02216754935315467384   -0.49280913097465012251                          
a_ia   18   36                                                      0.00251169397851760089                                                    
op     24   37   88  101   37   24   88  101                       -0.01070937198788487511                                                    
a_ia   94   95                                                      0.15460669396229773098                                                    
a_ia   38   39                                                      0.42677605114302608058                                                    
mvp2   18   36   90   98   36   18   90   98                       -0.01319945352664321676    0.13161107465182095289                          
a_ia   82   90                                                      0.06004269847191806564                                                    
a_ia   95   96                                                     -0.00100451193653440258                                                    
a_ia   94   96                                                     -0.00016810535447682503                                                    
mvp3   88   97   91   99   88   91   99   97   88   91   97   99    0.00209696519214338985   -0.00985447017457671826    0.34866650043782421164
a_ia   88   91                                                     -0.08884534281683213741                                                    
mvp2   24   35   91   97   35   24   91   97                        0.02656825735911187009    0.52160057257396408303                          
mvp2   25   35   91   97   35   25   91   97                        0.01173244031439037681   -0.33568177033534168929                          
mvp2   25   35   88   97   35   25   88   97                       -0.02271070395740722170   -0.19706596773796286604                          
mvp2   25   35   88   99   35   25   88   99                        0.02123669196683468027   -0.88150146028930209674                          
op     31   37   95  101   37   31   95  101                       -0.00283655385677024320                                                    
mvp2   24   35   88   99   35   24   88   99                       -0.02614619457303996378    0.44106952288758360936                          
a_ia   25   27                                                      0.00905148670114467278                                                    
a_ia   97   99                                                     -0.15102333185213068223                                                    
mvp2   27   35   91  103   35   27   91  103                        0.00664343943971143231    0.00858960504448599144                          
a_ia   91  103                                                     -0.00090562801324441306                                                    
a_ia   24   27                                                     -0.38717526233680504832                                                    
a_ia   96  103                                                     -0.04813772595068843002                                                    
a_ia   95  103                                                      0.00449376269040415235                                                    
mvp2   27   35   91  102   35   27   91  102                       -0.00804002420236535863    0.01023309570207163628                          
a_ia   96  102                                                      0.02332331781735010393                                                    
mvp2   18   34   90  102   34   18   90  102                        0.00084959759535061224   -0.00489283394464141812                          
a_ia  100  102                                                     -0.28718943554924514228                                                    
a_ia   82  102                                                     -0.00112643516249906917                                                    
a_ia   34   36                                                     -0.03973037656902116826                                                    
a_ia   28   36                                                     -0.00624891595287549451                                                    
a_ia   99  102                                                      0.20930906825713468944                                                    
a_ia   97  102                                                     -0.03209099746144222776                                                    
mvp2   27   35   91  104   35   27   91  104                       -0.00558048641761185564   -0.06468544962038573487                          
op     27   39   91  103   39   27   91  103                       -0.00549588562778507376                                                    
mvp2   26   34   86   98   34   26   86   98                        0.00015888636655078548   -0.02018918900740452466                          
mvp2   26   36   86   98   36   26   86   98                        0.00134280841933140339   -0.11080793099557444126                          
op     18   34   86   98   34   18   86   98                        0.00087970905077047528                                                    
a_ia   99  104                                                      0.20069282348407244121                                                    
a_ia   99  103                                                     -0.26599650581480061007                                                    
mvp2   27   35   91   99   35   27   91   99                       -0.04036216110583028260   -0.04122750867364426142                          
a_ia   26   29                                                     -0.00690073741555192934                                                    
mvp2   28   34   86   98   34   28   86   98                        0.00336382548286199169    0.03953766618745049172                          
a_ia   37   38                                                      0.15495174768451339120                                                    
a_ia   82   86                                                     -0.28826006299965151181                                                    
a_ia   86   90                                                      0.20650521038159155851                                                    
mvp2   22   34   90   98   34   22   90   98                       -0.00000380869934009002    0.00789191576691624166                          
a_ia   22   26                                                     -0.09762027479963182597                                                    
a_ia   18   22                                                     -0.36916019356169998966                                                    
a_ia   22   28                                                      0.09530129217661464924                                                    
mvp2   31   39   95  103   39   31   95  103                       -0.00389219353810434749    0.21764553516860804527                          
mvp2   18   38   82  102   38   18   82  102                       -0.00612224887239169041   -0.35804112960363332352                          
a_ia   18   38                                                      0.00801363811579158640                                                    
a_ia   82  102                                                     -0.00017857741933915603                                                    
mvp2   18   38   82  100   38   18   82  100                        0.01111564927683260720    0.13249469634151134212                          
mvp2   18   38   95   96   38   18   95   96                        0.00219697928476781908   -0.04951679932375516874                          
mvp2   18   38   92   96   38   18   92   96                        0.01814677893135211925    0.00718932856322844916                          
a_ia   82   95                                                      0.16116778543241586097                                                    
mvp2   18   32   95   96   32   18   95   96                        0.00774925202768493842    0.03679993725348611883                          
mvp2   18   32   95  102   32   18   95  102                        0.00004276275297559573   -0.01577660274365357690                          
mvp2   28   32   95   96   32   28   95   96                        0.00073432143636730169   -0.43776720500109239653                          
a_ia   28   32                                                     -0.03401349202192319870                                                    
mvp2   28   32   95  102   32   28   95  102                       -0.00656911827707974683    0.13348149232457257041                          
mvp2   18   32   92   96   32   18   92   96                        0.05970377423947484385    0.45816968845036004643                          
a_ia   35   38                                                      0.20732071404169657991                                                    
mvp2   18   32   92  102   32   18   92  102                        0.01222975964707132511   -0.09282413322632145081                          
a_ia   92   96                                                     -0.02503970945147360877                                                    
a_ia   27   38                                                      0.00104173757517184813                                                    
a_ia   92  102                                                      0.00317876259786395009                                                    
mvp2   28   32   95  100   32   28   95  100                       -0.00706637220482584684    0.11923385618470655478                          
mvp2   31   32   92   96   32   31   92   96                       -0.05818162068729224035   -0.09007716579332540607                          
a_ia   31   32                                                     -0.01067847640206755384                                                    
mvp2   31   38   82   96   38   31   82   96                        0.00978605904806684537   -0.03635405716123641523                          
mvp2   31   38   92   96   38   31   92   96                       -0.01089881901717999757   -0.06196174237986479955                          
a_ia   32   38                                                      0.11253114157809261664                                                    
a_ia   99  101                                                     -0.05697849893856112707                                                    
mvp3   82   96   92  100   82   92  100   96   82   92   96  100   -0.02814997808824470579    0.61993309640178262399   -0.11970075592962521605
a_ia   92   96                                                     -0.05551579123050168207                                                    
a_ia   24   28                                                     -0.00938233208299490799                                                    
mvp2   27   47   91   99   47   27   91   99                        0.00131994921865925710    0.01358380032922341073                          
a_ia   35   39                                                     -0.24206344545228933307                                                    
a_ia   27   47                                                     -0.00224508195661386398                                                    
a_ia   31   32                                                      0.02871153117827969850                                                    
mvp2   31   32   82  103   32   31   82  103                       -0.00080922393617140231   -0.00543147309986337801                          
a_ia   82  103                                                      0.00022039185449351979                                                    
a_ia   35   37                                                     -0.05579959946413407673                                                    
mvp2   27   35   91  111   35   27   91  111                       -0.00209471455798463995    0.00746358430020621806                          
a_ia   35   40                                                      0.21063604497083981970                                                    
a_ia   35   47                                                      0.02645703273060711833                                                    
a_ia   95  100                                                      0.00545855031949235223                                                    
a_ia   92  100                                                     -0.00891299849206843124                                                    
a_ia   95  102                                                      0.00924303492127037316                                                    
op     27   47   91  111   47   27   91  111                       -0.00419770091272269989                                                    
a_ia   90   98                                                     -0.00705151049674741532                                                    
a_ia   25   33                                                      0.00013534981590100287                                                    
a_ia   92   96                                                     -0.01784671495187924867                                                    
a_ia   91  111                                                     -0.00233897101513064589                                                    
a_ia   88   97                                                      0.00206205839812308124                                                    
a_ia   22   36                                                      0.00023610604669352072                                                    
a_ia   18   28                                                     -0.31326046573168575549                                                    
mvp2   27   47   91   97   47   27   91   97                        0.00188977528241612413    0.02174550363287914082                          
a_ia   97  111                                                      0.19718116892090217784                                                    
a_ia   97  105                                                     -0.06547005251440997375                                                    
a_ia   97  107                                                      0.08917412580835504254                                                    
a_ia   97  109                                                      0.12052313445578492768                                                    
a_ia   97  110                                                     -0.09123090283712938231                                                    
a_ia   91  104                                                     -0.00188582094556904241                                                    
om     27   47   91  104   47   27   91  104                       -0.00081728445174134566                                                    
a_ia   32   47                                                      0.06824672936937070666                                                    
a_ia   25   28                                                      0.10514199915093533355                                                    
a_ia   86   88                                                      0.03876212928878257358                                                    
a_ia  100  103                                                     -0.30331806601438598969                                                    
a_ia   92   95                                                      0.31940589369122324159                                                    
a_ia   92   96                                                      0.03195514413718462260                                                    
a_ia   94  100                                                     -0.00211114632296362237                                                    
a_ia   96  103                                                      0.11410342357693907533                                                    
a_ia   24   33                                                     -0.00636287483390355051                                                    
a_ia   24   28                                                      0.03869963979894634754                                                    
op     27   47   91  103   47   27   91  103                       -0.00037258393598424709                                                    
a_ia   24   47                                                      0.00579315881663462328                                                    
a_ia   24   27                                                      0.14791667016384735245                                                    
mvp2   24   47   91   99   47   24   91   99                        0.00013580428637590246    0.00128133391835401280                          
mvp2   28   34   92   98   34   28   92   98                       -0.01567801608409101835   -0.15793520428938701006                          
mvp2   31   34   95   98   34   31   95   98                       -0.00740591587071278475    0.04720031885120391096                          
a_ia   31   34                                                      0.00028537277057055695                                                    
a_ia   92   98                                                     -0.00150586761654163061                                                    
a_ia   33   34                                                      0.02141631356345361989                                                    
a_ia   92   93                                                     -0.36332525603180110263                                                    
a_ia   88   89                                                     -0.51339450777413431215                                                    
a_ia   29   30                                                      0.32443664679130201911                                                    
a_ia   26   30                                                     -0.04894281452594301252                                                    
a_ia   23   29                                                      0.59381892879736564161                                                    
a_ia   86   89                                                      0.06914478062558870874                                                    
a_ia   20   26                                                      0.13446539196383849868                                                    
mvp2   31   34   82   98   34   31   82   98                       -0.00405493954722662385    0.00703787362509490557                          
a_ia   96  102                                                      0.16111687497633089827                                                    
a_ia   92   95                                                      0.29831202100395898258                                                    
mvp2   28   34   95   98   34   28   95   98                       -0.01047830329616859096   -0.01963244241636431450                          
a_ia   89   92                                                      0.10947968295346076351                                                    
a_ia   86   88                                                      0.03969694060612201369                                                    
a_ia   88   92                                                      0.06739542359662237248                                                    
a_ia   84   90                                                      0.14714930051246549736                                                    
mvp2   28   34   90   96   34   28   90   96                       -0.02040426077672820304   -0.13434341132225285920                          
a_ia   90   92                                                     -0.05498276457569167136                                                    
a_ia   95   96                                                     -0.01437562166449060652                                                    
a_ia   88   90                                                     -0.01445321146099197082                                                    
a_ia  100  102                                                     -0.39016377642339689080                                                    
a_ia   94  102                                                     -0.00216851437813811573                                                    
mvp2   31   36   95   96   36   31   95   96                        0.01345966809253342465   -0.06604475034568439706                          
a_ia   31   36                                                     -0.00008643644877670479                                                    
a_ia   22   26                                                      0.26534876991592476481                                                    
mvp2   31   36   92   96   36   31   92   96                       -0.01027428313648558189   -0.14383702653079255551                          
a_ia   18   32                                                      0.03578726020032384908                                                    
a_ia   33   38                                                     -0.03151968516772579720                                                    
a_ia   18   47                                                      0.00050772838083929016                                                    
a_ia   18   39                                                      0.00296650022401158658                                                    
a_ia   25   47                                                     -0.00224119768375866026                                                    
a_ia   25   27                                                     -0.11742483092402113132                                                    
a_ia   24   25                                                     -0.17841997412003474111                                                    
mvp2   31   32   95  100   32   31   95  100                        0.02451914622120689516    0.15334335505311197378                          
a_ia   94  103                                                     -0.00005018739049565578                                                    
mvp2   26   34   82   96   34   26   82   96                       -0.03133335330737204577    0.02159304083228888102                          
a_ia   82   92                                                      0.26197565775003150979                                                    
a_ia   26   34                                                      0.00129112164744561459                                                    
a_ia   26   28                                                     -0.08703827967857344361                                                    
a_ia   35   42                                                     -0.04019767846019357133                                                    
a_ia   35   43                                                      0.03314659981685955797                                                    
a_ia   32   33                                                     -0.01762422988835151902                                                    
a_ia   31   36                                                      0.00687254602141669241                                                    
a_ia   92   98                                                      0.00169233450822616339                                                    
a_ia   33   47                                                      0.21990286581186230253                                                    
op     28   36   95  102   36   28   95  102                        0.00808446379373197431                                                    
mvp2   28   36   92  100   36   28   92  100                       -0.00628668029435511862    0.03323344570862814262                          
a_ia   31   32                                                     -0.03394029158486116388                                                    
a_ia   86   93                                                      0.11342045335531589223                                                    
a_ia   97  112                                                      0.01944858818018699309                                                    
a_ia   97  113                                                      0.02184751253434881815                                                    
a_ia   35   49                                                     -0.09756900902907698903                                                    
a_ia   35   50                                                     -0.06366478451894432011                                                    
a_ia   35   54                                                     -0.07469456015108634495                                                    
a_ia   35   53                                                      0.05678285041006218142                                                    
a_ia   35   55                                                     -0.02984978070648213605                                                    
mvp2   28   38   92  102   38   28   92  102                       -0.00600166811045031029    0.03482878458101239250                          
a_ia   28   38                                                     -0.00010272003011465364                                                    
a_ia   94   95                                                      0.18678874879932433339                                                    
mvp2   28   32   95  103   32   28   95  103                       -0.00624289661773752384    0.08651819482403190487                          
a_ia   28   31                                                      0.29471786800986693455                                                    
a_ia   28   32                                                      0.00087884706182125730                                                    
mvp2   31   36   95  100   36   31   95  100                       -0.01270665363324707114    0.02173339224338463951                          
mvp2   26   34   87   96   34   26   87   96                       -0.00056089444696546316    0.02424834221170048265                          
a_ia   87   89                                                      0.09782783714747389503                                                    
a_ia   87   93                                                      0.35524761868664650466                                                    
a_ia   82   90                                                     -0.08755014736510555173                                                    
a_ia   89   93                                                      0.04251272634379550663                                                    
a_ia   82   87                                                      0.21582517308588594629                                                    
a_ia   87   90                                                      0.02820820453124402855                                                    
mvp2   26   34   86   96   34   26   86   96                        0.00726726353890280816   -0.01863275771812877499                          
a_ia   84   89                                                      0.08472916149181801415                                                    
om     23   36   87  100   36   23   87  100                       -0.00758564288869141394                                                    
a_ia   23   36                                                     -0.00221840639521838105                                                    
a_ia   27   33                                                      0.00331954737762580818                                                    
a_ia   31   38                                                      0.00264531795639654172                                                    
a_ia   98  100                                                     -0.02115520079236981807                                                    
mvp2   23   38   87  100   38   23   87  100                       -0.00513696317646109447   -0.13957516993860544230                          
a_ia   23   38                                                      0.00152057536880287141                                                    
om     23   38   87  102   38   23   87  102                       -0.00447852154363305791                                                    
op     23   36   87  102   36   23   87  102                       -0.00506418584064243730                                                    
a_ia   90  100                                                      0.00035919768022637654                                                    
a_ia   24   39                                                     -0.00157754180480030671                                                    
a_ia   24   42                                                      0.00299990945195026913                                                    
a_ia   24   40                                                     -0.00170803639624439690                                                    
a_ia   24   46                                                     -0.00265191594682311028                                                    
a_ia   24   45                                                      0.00121082931978491520                                                    
a_ia   24   49                                                      0.00117787474458580944                                                    
