op     17   19   53   55   19   17   53   55                       -0.10621477860064937326                                                    
a_ia   53   55                                                     -0.03982074731724766226                                                    
a_ia   17   19                                                     -0.01788934508347262212                                                    
op     15   18   51   54   18   15   51   54                       -0.13792561328768199180                                                    
op     15   18   50   54   18   15   50   54                       -0.01647752528299351385                                                    
op     15   18   52   54   18   15   52   54                       -0.00820656215270983147                                                    
op     14   18   50   54   18   14   50   54                       -0.00351512463097334834                                                    
op     14   18   51   54   18   14   51   54                       -0.01550732150741692891                                                    
a_ia   14   18                                                     -0.00159267868253019397                                                    
op     15   18   49   54   18   15   49   54                       -0.05542562335550441088                                                    
a_ia   15   18                                                      0.09665509781174591586                                                    
om     14   18   49   54   18   14   49   54                       -0.00699387238283490347                                                    
a_ia   14   16                                                     -0.33687988518905731539                                                    
a_ia   51   52                                                     -0.45669567834837865306                                                    
op     13   18   51   54   18   13   51   54                        0.00012254654574219651                                                    
a_ia   13   18                                                     -0.03039615824904886437                                                    
a_ia   13   15                                                     -0.30128367123374538705                                                    
op     17   22   53   58   22   17   53   58                       -0.01396938063609426926                                                    
a_ia   17   22                                                      0.00606282425196745783                                                    
a_ia   53   58                                                      0.03358900250742069549                                                    
mvp3   14   18   15   19   14   15   19   18   14   15   18   19   -0.02825575172217519374   -0.14900491448896094338    0.20064638151464395111
a_ia   14   19                                                      0.00418246468598204146                                                    
op     17   21   53   57   21   17   53   57                       -0.00619115916287085039                                                    
a_ia   17   21                                                     -0.00491175683276600175                                                    
mvp2   15   18   47   55   18   15   47   55                        0.03624147021037490979   -0.15933630300276699354                          
a_ia   47   55                                                     -0.01406280099025611352                                                    
mvp2   15   18   50   55   18   15   50   55                        0.02368027382778388132   -0.12651384140656440902                          
a_ia   50   54                                                     -0.00175826750719133146                                                    
a_ia   50   55                                                     -0.00991816527147637225                                                    
op     14   20   50   56   20   14   50   56                       -0.00601172117677291340                                                    
a_ia   46   55                                                      0.03907358795621945075                                                    
mvp2   15   18   46   55   18   15   46   55                       -0.06145829593650554284    0.35472869366552856052                          
mvp2   15   18   46   54   18   15   46   54                       -0.01914784957853728556    0.01180443062731018934                          
mvp2   15   18   47   54   18   15   47   54                        0.01457660299631767867   -0.03316202870782104795                          
mvp3   11   18   15   19   11   15   19   18   11   15   18   19   -0.02523770944941364919    0.88136762410796964939    0.24183948597468535313
a_ia   11   19                                                      0.00586253326970639053                                                    
a_ia   10   19                                                     -0.05251900003131798611                                                    
a_ia   10   15                                                     -0.20043726566960068380                                                    
mvp2   10   19   46   55   19   10   46   55                       -0.01431098415400455445   -0.52863476740686465849                          
a_ia   15   19                                                      0.00824067666223066847                                                    
a_ia   10   18                                                     -0.01460071247319393029                                                    
a_ia   18   19                                                      0.01980760996172112667                                                    
a_ia    9   19                                                     -0.05222458612347556650                                                    
mvp2    9   19   46   55   19    9   46   55                        0.01749741585969048774    0.57318965174855796008                          
mvp2   15   18   45   55   18   15   45   55                        0.01646323584265466794   -0.07060622606986392824                          
a_ia   45   55                                                     -0.00843214782047588957                                                    
mvp2    9   19   45   55   19    9   45   55                       -0.00933829155670185158    0.05355948720066593116                          
a_ia   11   15                                                      0.13526735083866370246                                                    
a_ia   46   50                                                     -0.47533280779220915546                                                    
op     10   19   45   55   19   10   45   55                        0.00654715342796110926                                                    
op      4   18   40   54   18    4   40   54                       -0.01223912483160714652                                                    
op     14   20   46   56   20   14   46   56                        0.00584929001408375678                                                    
op      3   18   40   54   18    3   40   54                        0.00583948080585983825                                                    
op      1   18   37   54   18    1   37   54                       -0.02303456530968176624                                                    
op      6   18   42   54   18    6   42   54                       -0.00421329147948626588                                                    
op      4   18   39   54   18    4   39   54                        0.00638437401738634232                                                    
op      1   20   37   56   20    1   37   56                       -0.00870155714787537379                                                    
mvp2   15   18   37   56   18   15   37   56                       -0.03556656479658699271    0.08764123247619158563                          
mvp3    1   18   15   20    1   15   20   18    1   15   18   20    0.02511009205075425896    0.70411846551111711978   -0.15917676891957047158
mvp2   16   18   37   56   18   16   37   56                       -0.00064235064608750866    0.08092680682022251881                          
a_ia   15   16                                                     -0.35028001002470210423                                                    
a_ia   48   55                                                      0.00698178040019516426                                                    
mvp2   10   19   53   55   19   10   53   55                        0.01868150524044968896    0.71202200338031207405                          
mvp2    9   19   53   55   19    9   53   55                       -0.02261548519327456763   -0.29968746903814141858                          
a_ia    9   19                                                      0.07653224376105009774                                                    
op      5   20   41   56   20    5   41   56                       -0.00900079530048568735                                                    
a_ia    3   20                                                      0.00315127856933669192                                                    
a_ia   40   56                                                      0.00369414195222323317                                                    
a_ia    4   20                                                     -0.00452769732004112968                                                    
op      1   19   37   55   19    1   37   55                       -0.00669823235486182930                                                    
a_ia    1   19                                                     -0.00218962966128776219                                                    
a_ia    8   15                                                      0.18336835729672246176                                                    
a_ia    8   18                                                      0.01380599316155105630                                                    
a_ia    8   19                                                      0.00173772273247672416                                                    
a_ia   45   53                                                     -0.14908570441966670361                                                    
om      4   20   40   56   20    4   40   56                       -0.00695524697962594980                                                    
om      4   20   41   56   20    4   41   56                       -0.00528935594428582394                                                    
a_ia   51   62                                                     -0.03137560347331250915                                                    
a_ia   51   61                                                     -0.00237651972749876924                                                    
a_ia   51   65                                                     -0.00883448245348590275                                                    
a_ia   44   55                                                      0.00488209880187375975                                                    
a_ia   44   49                                                      0.43372536328388144877                                                    
a_ia   43   54                                                     -0.00134971591706595511                                                    
a_ia   13   17                                                      0.11334594492563120072                                                    
om      1   21   37   57   21    1   37   57                       -0.00388842151397103672                                                    
a_ia   47   57                                                     -0.00028009500596551173                                                    
a_ia    1   21                                                     -0.00177118274540673378                                                    
a_ia   17   23                                                     -0.00144717750211255879                                                    
op      1   32   37   68   32    1   37   68                       -0.01156951223469174748                                                    
a_ia    1   32                                                      0.00328466001480679209                                                    
a_ia   37   59                                                     -0.00000087993326815173                                                    
op      1   24   37   60   24    1   37   60                       -0.00293459957119558169                                                    
om      1   25   37   61   25    1   37   61                       -0.00474180690269421570                                                    
a_ia    1   25                                                      0.00086635242458051314                                                    
a_ia   37   60                                                      0.00018251304551136880                                                    
op      1   27   37   63   27    1   37   63                       -0.00301747263648814018                                                    
a_ia   37   68                                                      0.01766681020928567714                                                    
a_ia    1   27                                                     -0.00048559691917536443                                                    
op      1   34   37   70   34    1   37   70                       -0.00567039283190916375                                                    
a_ia    1   34                                                      0.00265393715468907002                                                    
op      1   34   37   68   34    1   37   68                       -0.00615950542772118574                                                    
om      1   32   37   70   32    1   37   70                       -0.00500572790619007758                                                    
a_ia   37   70                                                      0.01277033986527361525                                                    
op      1   35   37   71   35    1   37   71                       -0.01161505432420071975                                                    
a_ia   37   71                                                      0.00328492732178558818                                                    
a_ia    1   35                                                      0.00201283906678871322                                                    
mvp2    1   35   51   65   35    1   51   65                       -0.00644938992032251333    0.49846094502274057580                          
mvp2    1   32   51   65   32    1   51   65                        0.00662283036789591741   -0.45834970374603323240                          
mvp2    1   32   37   71   32    1   37   71                        0.00774707743896105479   -0.19092023065845345475                          
a_ia   15   18                                                     -0.01827004029639189842                                                    
om      1   35   37   68   35    1   37   68                        0.00836669598044327903                                                    
op      1   30   37   66   30    1   37   66                       -0.00266068218706473495                                                    
om      1   35   37   70   35    1   37   70                        0.00178512607113357792                                                    
mvp2    1   34   37   71   34    1   37   71                        0.00378813191852515581    0.74914296496427990046                          
mvp2    1   29   37   65   29    1   37   65                       -0.00471652770031698136    0.44203975104572879040                          
a_ia   37   71                                                     -0.00491120299029925659                                                    
om      1   32   37   64   32    1   37   64                        0.00361479580271093859                                                    
om      1   34   37   64   34    1   37   64                        0.00274106511146838790                                                    
a_ia   53   57                                                     -0.00493940187126629734                                                    
op      1   28   37   64   28    1   37   64                       -0.00290173993569831264                                                    
a_ia   16   18                                                      0.02411036876090500575                                                    
op      1   28   37   68   28    1   37   68                        0.00282290823721489991                                                    
mvp2    1   35   51   62   35    1   51   62                        0.00536057413110669224   -0.41264461028201110393                          
a_ia    1   35                                                     -0.00441390819764130547                                                    
mvp2   15   18   41   57   18   15   41   57                       -0.03271091573892891124    0.25804035887352205769                          
mvp2    5   21   41   57   21    5   41   57                       -0.01537671593237250646   -0.67962851096945198215                          
a_ia   46   53                                                      0.13567582480328926886                                                    
a_ia   52   53                                                      0.11819720697712654545                                                    
op      1   30   37   68   30    1   37   68                        0.00297224026389834818                                                    
mvp2    1   32   37   66   32    1   37   66                        0.00225536879263966159   -0.19801429219118571456                          
op      5   19   41   55   19    5   41   55                       -0.00818218940037178551                                                    
a_ia   41   55                                                     -0.00227847536539339205                                                    
a_ia   15   19                                                     -0.01535869900660398989                                                    
a_ia   44   57                                                      0.00073666212630809334                                                    
op      6   21   42   57   21    6   42   57                       -0.00763800880266564137                                                    
a_ia   42   57                                                     -0.00200382767383389723                                                    
a_ia    6   20                                                     -0.00063390446657717666                                                    
a_ia    6   21                                                      0.00508105130895368604                                                    
om      4   20   42   57   20    4   42   57                        0.00462244216617048540                                                    
om      6   21   40   56   21    6   40   56                        0.00151539550012216775                                                    
a_ia    3   21                                                     -0.00014844028189117038                                                    
a_ia   40   57                                                     -0.00272394250336363856                                                    
a_ia   56   57                                                      0.51457992525438689402                                                    
a_ia   42   56                                                     -0.00098571551517151967                                                    
mvp2    5   21   42   57   21    5   42   57                       -0.00654472096963791983    0.59796087814853415843                          
a_ia    5   21                                                      0.01570976916924014810                                                    
a_ia   15   19                                                     -0.01127185428939011212                                                    
om      4   21   40   57   21    4   40   57                       -0.00452126564478232303                                                    
mvp2    5   21   40   56   21    5   40   56                        0.00717030981061639316   -0.35394777052880049828                          
a_ia   18   19                                                      0.07099077000604037124                                                    
a_ia    4   21                                                     -0.00223775795191471106                                                    
a_ia    2   20                                                      0.00343216793969414657                                                    
a_ia   11   18                                                      0.00933089804787286085                                                    
mvp2   15   18   48   55   18   15   48   55                       -0.01127679633391976896    0.09513005154613422831                          
a_ia   12   19                                                      0.00530573005434337944                                                    
a_ia   15   18                                                     -0.03842626578849896168                                                    
mvp2    6   21   41   57   21    6   41   57                       -0.00902930201002632646   -0.55401340244121355383                          
a_ia   41   56                                                      0.00075502546956605129                                                    
a_ia    5   21                                                     -0.02187011020008190754                                                    
om      5   20   41   57   20    5   41   57                        0.00471835104484249687                                                    
mvp2    4   20   41   57   20    4   41   57                        0.00648868889144687318    0.47580166857049221996                          
op      1   31   37   67   31    1   37   67                       -0.00202562502878587958                                                    
a_ia   37   67                                                     -0.00035472958696383162                                                    
a_ia    1   31                                                     -0.00020692243551355811                                                    
op     15   24   51   60   24   15   51   60                       -0.01127242941427952783                                                    
a_ia   15   24                                                     -0.00561607361949540817                                                    
a_ia   51   60                                                     -0.00212267750822856590                                                    
a_ia   51   59                                                      0.00099641794859842907                                                    
a_ia   15   26                                                      0.00703595055551133920                                                    
mvp2   15   29   37   71   29   15   37   71                       -0.00664731589311705513   -0.72419180854267439784                          
a_ia   15   29                                                     -0.00233765622766905204                                                    
mvp2   15   29   37   68   29   15   37   68                        0.00538704566239209606    0.15081245911357313294                          
a_ia   37   68                                                     -0.01272846709418258213                                                    
mvp2   15   18   37   68   18   15   37   68                        0.02989631314727960593   -0.25440909155676333375                          
a_ia   18   26                                                     -0.12595990138806534286                                                    
mvp2   15   18   37   70   18   15   37   70                        0.01529486910841244135   -0.12081277887974077589                          
a_ia   15   18                                                     -0.02555282427406744758                                                    
a_ia   18   29                                                      0.25561790024390557141                                                    
mvp3    1   18   15   32    1   15   32   18    1   15   18   32   -0.01359720979216596203   -0.28933914207713079536    0.14293195233148958678
a_ia    1   32                                                     -0.00261603721939876943                                                    
mvp2    1   18   15   35    1   15   18   35                        0.01397122874194304219   -0.10912749885903408331                          
a_ia    1   35                                                      0.01121232456949313415                                                    
mvp2   15   18   51   65   18   15   51   65                       -0.02241497775034206191    0.22313748373379693746                          
mvp3    1   18   15   34    1   15   34   18    1   15   18   34   -0.01029098035378834750   -0.19644690748908180677    0.11509340272014952078
a_ia   51   62                                                      0.04379829002658620213                                                    
mvp2   15   18   37   71   18   15   37   71                       -0.00998219489524267839    0.08444065527425664852                          
mvp2    1   18   37   65   18    1   37   65                       -0.00927165045962023010   -0.20032917581298245735                          
mvp2   15   18   51   62   18   15   51   62                        0.01347366566411084370   -0.20019391584099169301                          
mvp2   15   26   51   62   26   15   51   62                       -0.00935752023285233402   -0.32921223157842044449                          
op     15   29   51   65   29   15   51   65                       -0.00993340159067978949                                                    
mvp2    1   18   51   68   18    1   51   68                        0.00767986761212015659    0.17655277301820945790                          
mvp2   15   18   37   64   18   15   37   64                       -0.00622496716727169875    0.04066215643429389737                          
mvp2    1   23   37   68   23    1   37   68                        0.00440368523680867950    0.25160143339818730190                          
a_ia   18   23                                                     -0.07295350250870571984                                                    
op      1   23   37   64   23    1   37   64                       -0.00274496681677557051                                                    
a_ia   42   49                                                     -0.35770729200719930674                                                    
a_ia    5   20                                                     -0.00233222908002935067                                                    
mvp2    6   20   41   56   20    6   41   56                       -0.00709874143978688008    0.30804895392805642373                          
a_ia   20   21                                                      0.29361076280294728935                                                    
mvp2    4   21   41   56   21    4   41   56                        0.00753094550114697704    0.28380610582089299543                          
mvp2    5   21   41   56   21    5   41   56                        0.00291337856831741298    0.37694538628612694886                          
mvp2    1   23   37   59   23    1   37   59                       -0.00441015738571708549    0.63609681989675725955                          
a_ia   17   27                                                     -0.00244618599338224541                                                    
mvp2    1   32   37   59   32    1   37   59                        0.00357653559919503261   -0.00829334862689400446                          
a_ia    4    6                                                     -0.35338312986336167798                                                    
mvp2    6   21   41   56   21    6   41   56                        0.00759041016457464961    0.24901016715170976035                          
a_ia    8   11                                                      0.10742926490248115579                                                    
om      1   34   37   59   34    1   37   59                        0.00303444777447053980                                                    
om      5   34   41   70   34    5   41   70                       -0.00304657838185585107                                                    
a_ia    5   34                                                      0.00076725164227447247                                                    
a_ia   41   70                                                     -0.00361391559210751025                                                    
a_ia   41   50                                                     -0.04198797526538773639                                                    
a_ia    6   21                                                     -0.00540925436786905689                                                    
a_ia   20   21                                                      0.11890740850518843885                                                    
om      5   34   41   58   34    5   41   58                       -0.00009132528503103500                                                    
a_ia   53   58                                                     -0.02808551110889628138                                                    
a_ia   52   58                                                      0.00335768554985911485                                                    
mvp2    5   34   37   68   34    5   37   68                       -0.01024213526054415166   -0.52221797236577893742                          
a_ia   37   68                                                      0.00494416240061001672                                                    
mvp3   37   68   41   70   37   41   70   68   37   41   68   70   -0.00716063895057325768    0.81817612286451724124    0.42483655501183437142
a_ia   41   68                                                     -0.00290312276383912623                                                    
a_ia    5   25                                                     -0.00005430924637450171                                                    
om      5   31   41   67   31    5   41   67                       -0.01068852163931162044                                                    
op      5   27   41   63   27    5   41   63                       -0.00398295704276148237                                                    
a_ia   41   63                                                     -0.00097289451926883309                                                    
a_ia   17   26                                                      0.00073849313860474021                                                    
a_ia    5   27                                                     -0.00054651936791080824                                                    
om      1   31   41   67   31    1   41   67                        0.00394680697994211332                                                    
a_ia   41   64                                                     -0.00070370484086237244                                                    
a_ia   37   68                                                     -0.00739117099974011781                                                    
mvp2   15   18   41   64   18   15   41   64                       -0.00591584709407986901    0.08522766992977895417                          
op      5   34   37   68   34    5   37   68                       -0.00206816880541096839                                                    
mvp2    5   34   37   70   34    5   37   70                       -0.00549625483498916104   -0.02109268542459319731                          
a_ia   37   70                                                     -0.01262518126279082650                                                    
mvp2    5   34   37   71   34    5   37   71                        0.00478415531682190639    0.06181609843332638160                          
op      5   31   37   67   31    5   37   67                        0.00334279198844031431                                                    
a_ia   37   63                                                     -0.00668897002044249560                                                    
om      5   27   41   67   27    5   41   67                       -0.00207866853527485752                                                    
op      5   31   41   63   31    5   41   63                       -0.00212659392077849032                                                    
mvp2    5   34   41   67   34    5   41   67                       -0.00521964332218960523    0.32379506778486233376                          
mvp2   17   31   41   67   31   17   41   67                        0.00302994293690472729   -0.52168351529705692116                          
a_ia    5   17                                                     -0.04576194078947116300                                                    
a_ia   47   58                                                      0.00276635515653801461                                                    
a_ia   45   50                                                     -0.28647654932849730969                                                    
mvp2   37   70   41   71   37   41   70   71                       -0.00404541708424616120   -0.05468392610970545381                          
mvp2    5   31   41   70   31    5   41   70                       -0.00511902876950933068   -0.16153966451441728602                          
mvp2    5   22   41   70   22    5   41   70                        0.00422982279441442253    0.50803586828670532771                          
a_ia   47   53                                                      0.04399632162000557956                                                    
a_ia   50   58                                                      0.00356555189037710985                                                    
om      2   21   38   57   21    2   38   57                       -0.00381527554958252350                                                    
a_ia   38   57                                                      0.00168760434152508978                                                    
a_ia   38   56                                                     -0.00093706609884230410                                                    
mvp2    8   19   53   55   19    8   53   55                        0.01212412110415515484    0.01963703763041983047                          
a_ia    8   19                                                      0.00652332903746021507                                                    
a_ia    6   16                                                      0.26211675850910237662                                                    
mvp2    4   20   38   56   20    4   38   56                        0.00299985590454109920   -0.64051575658131709723                          
mvp2   17   25   41   70   25   17   41   70                        0.00319973282958887356    0.43221688405318126058                          
a_ia   17   31                                                      0.00100454112531697432                                                    
op      5   25   41   61   25    5   41   61                       -0.00306843058118885358                                                    
mvp3   37   58   41   68   37   41   68   58   37   41   58   68   -0.00149058299217562297    0.15177987466671999384   -0.55815285574504502897
a_ia   50   52                                                      0.34353723605343067238                                                    
a_ia   37   41                                                      0.04530531688709946853                                                    
a_ia    5   22                                                      0.00149958012183613355                                                    
mvp2    5   32   37   70   32    5   37   70                       -0.00396475710759220355   -0.52388440577288519773                          
a_ia    5   32                                                      0.00271064993617949794                                                    
op      5   32   41   68   32    5   41   68                       -0.00642772629647484633                                                    
a_ia   17   32                                                      0.00104336422863733603                                                    
om      5   32   41   67   32    5   41   67                        0.00305557490380470049                                                    
a_ia   27   34                                                     -0.39883958018028836667                                                    
a_ia   63   70                                                     -0.39465099776422435385                                                    
a_ia   37   63                                                      0.00673606695265325378                                                    
mvp2    1   23   37   70   23    1   37   70                        0.00259577688488025083   -0.10882819711450063271                          
mvp2    1   18   37   62   18    1   37   62                        0.00420580503195550678    0.15963383367200145724                          
mvp2    1   26   37   62   26    1   37   62                       -0.00254307787030381592    0.29500226373122023782                          
om      1   26   37   65   26    1   37   65                        0.00251471519877730825                                                    
mvp2   15   26   51   65   26   15   51   65                        0.00718805793189912241    0.08921986692038323674                          
mvp2   15   18   50   65   18   15   50   65                       -0.00306279147108114982    0.03878027144648012181                          
a_ia   50   63                                                     -0.00191882991307911160                                                    
a_ia   50   65                                                     -0.00055916522844959770                                                    
a_ia   50   62                                                      0.00185720991429621368                                                    
a_ia   50   51                                                     -0.45759267859301949732                                                    
mvp2    1   35   50   66   35    1   50   66                        0.00331274580345349923   -0.81955510081278171164                          
mvp2   14   18   37   68   18   14   37   68                        0.00158311744403268279    0.12338736783772825956                          
a_ia   14   22                                                      0.00117275963407276846                                                    
a_ia   18   24                                                     -0.13158063106297826494                                                    
mvp2   14   18   37   70   18   14   37   70                        0.00138500736374117645    0.03607092201195358228                          
a_ia   14   24                                                     -0.00056332095895102706                                                    
mvp2   14   18   41   70   18   14   41   70                        0.00104618454266179411    0.05694521371335981019                          
a_ia   15   23                                                     -0.00092363735808355743                                                    
a_ia   14   18                                                      0.00129219180899776812                                                    
mvp2   14   30   50   66   30   14   50   66                       -0.00683528514579112307   -0.80866064542836346707                          
a_ia   14   26                                                      0.00146418821944830518                                                    
a_ia   14   15                                                     -0.46960622481437253040                                                    
op      9   25   45   61   25    9   45   61                       -0.00553033866159849830                                                    
op      9   25   47   61   25    9   47   61                       -0.00517798800763159470                                                    
a_ia   45   60                                                      0.00089542269813425819                                                    
op      9   25   46   61   25    9   46   61                        0.00443122010947122422                                                    
a_ia   46   61                                                     -0.00118374952020817103                                                    
op     11   25   47   61   25   11   47   61                       -0.00527225250347980196                                                    
a_ia   47   61                                                      0.00100883557657157740                                                    
