op     25   26   77   78   26   25   77   78                       -0.15351356857946829582                                                    
op     25   27   77   79   27   25   77   79                       -0.08961270987750369343                                                    
op     23   27   75   79   27   23   75   79                       -0.08202249877854837778                                                    
op     23   26   75   78   26   23   75   78                       -0.04982562324775550999                                                    
a_ia   23   26                                                      0.00921683621074048491                                                    
mvp2   23   26   77   79   26   23   77   79                        0.07782970613625288248   -0.05864333272856961377                          
a_ia   77   79                                                      0.01717411902588110093                                                    
mvp2   25   27   75   78   27   25   75   78                        0.09908486894925852551   -0.11863869412352411048                          
a_ia   75   76                                                     -0.51227152573534817659                                                    
a_ia   22   25                                                     -0.01920057922178572754                                                    
mvp2   24   26   75   78   26   24   75   78                        0.00243659753922002668    0.09121148879863599790                          
a_ia   23   24                                                     -0.06792286916369405514                                                    
mvp3   23   26   25   27   23   25   27   26   23   25   26   27    0.08643499466648563168    0.15250284544485620541    0.37189464513161896164
mvp2   25   26   75   79   26   25   75   79                        0.06759796728119181475    0.22952958901492054311                          
a_ia   75   79                                                      0.00271673641106168467                                                    
mvp2   25   32   77   78   32   25   77   78                       -0.01378746959087661164   -0.05792524220110563393                          
mvp2   25   32   77   84   32   25   77   84                       -0.00924689324108028329   -1.18191771418486868406                          
a_ia   78   84                                                      0.17398070498433826359                                                    
a_ia   25   32                                                     -0.00619711077088147284                                                    
a_ia   26   27                                                     -0.00028388473807794759                                                    
op     23   36   75   88   36   23   75   88                       -0.01363508820524330853                                                    
a_ia   23   36                                                      0.01030765262946448102                                                    
a_ia   75   88                                                      0.00783311364278048081                                                    
a_ia   74   77                                                     -0.15741079774026708882                                                    
op     23   37   75   89   37   23   75   89                       -0.00874707248011943016                                                    
a_ia   78   88                                                     -0.13636616979358640034                                                    
op     23   40   75   92   40   23   75   92                       -0.00654345781848329061                                                    
op     14   28   66   80   28   14   66   80                       -0.02346262343636382891                                                    
mvp2   25   26   76   79   26   25   76   79                       -0.05226224255995559620   -0.03894689246492043233                          
a_ia   24   25                                                     -0.00348123091104862422                                                    
a_ia   26   36                                                     -0.14477417158230221350                                                    
a_ia   26   32                                                      0.13144851803053747563                                                    
mvp2   25   26   63   79   26   25   63   79                        0.01713432437474876613   -0.01454736428554931522                          
mvp2   25   27   63   78   27   25   63   78                        0.00285649984902535065    0.23399257995990910275                          
a_ia   63   76                                                      0.68028202411087146384                                                    
mvp2   11   26   63   78   26   11   63   78                       -0.03067481205559935420    0.20589595498420604214                          
a_ia   11   26                                                     -0.02025688159509644870                                                    
mvp2   11   27   77   78   27   11   77   78                        0.02056998577190290514   -0.05995635359618219778                          
mvp2   11   26   77   79   26   11   77   79                        0.00459395678225243617   -0.27062069232369406757                          
a_ia   73   77                                                     -0.06942834142032570932                                                    
mvp2   23   27   75   92   27   23   75   92                       -0.01108971471886073881   -0.01650837313227809799                          
a_ia   27   37                                                      0.04755369595252204734                                                    
a_ia   27   40                                                      0.23795714495393915922                                                    
a_ia   22   25                                                     -0.14720173343773296226                                                    
a_ia   24   36                                                     -0.00074829571577342149                                                    
a_ia   24   32                                                     -0.00142808646267626412                                                    
op     14   28   68   80   28   14   68   80                        0.00696614567181209551                                                    
op     14   28   60   80   28   14   60   80                        0.01184807867677773081                                                    
op     14   28   61   80   28   14   61   80                       -0.00942390168832322496                                                    
op      8   28   66   80   28    8   66   80                        0.01270464444499610178                                                    
op      8   28   60   80   28    8   60   80                       -0.00918114515711730694                                                    
op      8   28   61   80   28    8   61   80                        0.00637032305271162218                                                    
op      9   28   66   80   28    9   66   80                       -0.00986355353165215519                                                    
op     16   28   66   80   28   16   66   80                        0.00799888834418250455                                                    
op      9   28   61   80   28    9   61   80                       -0.00547813698684046155                                                    
op      9   28   60   80   28    9   60   80                        0.00626335128587978459                                                    
a_ia   60   80                                                     -0.00114646176052425304                                                    
op     22   32   74   84   32   22   74   84                       -0.00648906537593515846                                                    
op     15   28   66   80   28   15   66   80                       -0.00609129930087029450                                                    
a_ia   63   68                                                      0.12042121238758371482                                                    
a_ia   11   25                                                      0.06201371086860858750                                                    
a_ia   68   77                                                     -0.08183671957959075260                                                    
a_ia   21   26                                                      0.00131433955126646529                                                    
op     23   31   75   83   31   23   75   83                       -0.00606214613725617781                                                    
mvp2   23   36   77   92   36   23   77   92                       -0.00983550315163362644    0.07638754104237679976                          
a_ia   77   92                                                     -0.02010782730839838148                                                    
a_ia   68   78                                                      0.00198186920166940972                                                    
a_ia   77   89                                                      0.00397699197435647921                                                    
a_ia   23   24                                                     -0.31386787086432083038                                                    
a_ia   78   79                                                     -0.02099816249105944041                                                    
a_ia   23   32                                                      0.00299469792218457972                                                    
mvp2   23   26   77   92   26   23   77   92                        0.00346124644405341282    0.00470070857296633719                          
a_ia   23   26                                                     -0.01102652267457579494                                                    
a_ia   11   23                                                     -0.31015798884165990401                                                    
a_ia   11   26                                                      0.01482689942502496243                                                    
mvp2   23   36   76   88   36   23   76   88                        0.00542319117471425343   -0.09806832828432969495                          
a_ia   76   88                                                     -0.00229552164599716594                                                    
a_ia   21   25                                                     -0.06898182398103328006                                                    
op     13   28   66   80   28   13   66   80                       -0.00464217892018889324                                                    
a_ia   13   28                                                      0.00191467444822921535                                                    
op     16   28   61   80   28   16   61   80                        0.00316683148399049411                                                    
a_ia   66   67                                                      0.26711000578231497427                                                    
op     15   28   61   80   28   15   61   80                       -0.00241649110647640646                                                    
op      8   29   60   81   29    8   60   81                       -0.00747064992978940974                                                    
a_ia   79   81                                                      0.01832660402131118874                                                    
op      8   26   60   78   26    8   60   78                       -0.00884576781374958772                                                    
a_ia   76   84                                                     -0.00193025863684864350                                                    
mvp2   25   26   60   82   26   25   60   82                        0.01205912117617159024   -0.03686612165255180595                          
a_ia   22   26                                                      0.00211110866032704564                                                    
op      8   31   60   83   31    8   60   83                       -0.00842414397622010154                                                    
a_ia   60   83                                                     -0.00256497167022173801                                                    
a_ia    8   31                                                     -0.00260626666797955393                                                    
a_ia   78   81                                                      0.01017127530468613789                                                    
op     19   29   71   81   29   19   71   81                       -0.00434143948153502615                                                    
op     19   29   70   81   29   19   70   81                        0.00492054658487168974                                                    
a_ia   71   81                                                     -0.00155436631411537125                                                    
a_ia   19   29                                                     -0.00153474071008297130                                                    
op     14   29   66   81   29   14   66   81                       -0.00719950905648335943                                                    
op     18   29   70   81   29   18   70   81                       -0.00467996124914993924                                                    
a_ia   14   29                                                      0.00117318246049506725                                                    
a_ia   75   89                                                      0.00294905545424255407                                                    
a_ia   18   29                                                      0.00164295935988426978                                                    
a_ia   24   37                                                     -0.00039169663112318721                                                    
op      7   29   59   81   29    7   59   81                       -0.00749099277798087257                                                    
a_ia   59   81                                                     -0.00135337262778525199                                                    
a_ia   61   81                                                      0.00164956587307104685                                                    
a_ia    7   29                                                     -0.00151482567027837298                                                    
a_ia   13   29                                                     -0.00237446912044724867                                                    
om     13   29   65   81   29   13   65   81                       -0.00800977841359031516                                                    
a_ia   65   81                                                     -0.00234475899917715438                                                    
a_ia   65   80                                                      0.00161280162372625258                                                    
op      9   29   61   81   29    9   61   81                       -0.00509663583098770353                                                    
a_ia    9   29                                                      0.00164697106101526999                                                    
a_ia   66   80                                                      0.00290296005723294321                                                    
a_ia   63   78                                                     -0.00048396088649648415                                                    
mvp2   14   26   25   31   14   25   26   31                       -0.01489816099679945952    0.10877155600718232953                          
a_ia   25   31                                                      0.00038816692908787083                                                    
mvp2   14   31   66   83   31   14   66   83                       -0.00933658198546736921    0.77303889895386068698                          
a_ia   14   31                                                      0.00064422785961242327                                                    
mvp2   23   26   66   82   26   23   66   82                        0.01099818400538434340   -0.13586386963835056507                          
a_ia   66   82                                                     -0.00161203931252386010                                                    
a_ia   66   83                                                     -0.00009090688876246781                                                    
op      8   37   60   89   37    8   60   89                       -0.00489653472992504502                                                    
a_ia   89   92                                                     -0.28733813404514924050                                                    
a_ia   77   92                                                      0.02451614718638765386                                                    
a_ia   77   89                                                      0.00493758402571312354                                                    
a_ia    8   37                                                      0.00107134509109958688                                                    
op      8   34   60   86   34    8   60   86                       -0.00551451023727737074                                                    
a_ia   36   37                                                      0.36451580611040917956                                                    
a_ia    8   34                                                     -0.00020708058922812430                                                    
a_ia   25   37                                                      0.00275789017278671575                                                    
a_ia   25   36                                                     -0.00099608015607838794                                                    
op      8   33   60   85   33    8   60   85                       -0.00345874250623231161                                                    
a_ia    8   33                                                     -0.00178436059842038640                                                    
a_ia   60   85                                                     -0.00207144885221563838                                                    
a_ia   24   27                                                     -0.00172404286764106865                                                    
op      8   39   60   91   39    8   60   91                       -0.00419474649144651549                                                    
a_ia   27   41                                                     -0.08085796967149988523                                                    
op      8   35   60   87   35    8   60   87                       -0.00294261016338346042                                                    
a_ia    8   39                                                     -0.00065739121366280133                                                    
op      8   38   60   90   38    8   60   90                       -0.00288438895201814562                                                    
a_ia    8   35                                                      0.00044303829156932558                                                    
op      8   45   60   97   45    8   60   97                       -0.00426361409474023279                                                    
op     14   45   66   97   45   14   66   97                       -0.00880154986490366310                                                    
op     14   38   66   90   38   14   66   90                       -0.00660343917197381107                                                    
a_ia   14   33                                                     -0.00135078489610598635                                                    
a_ia   14   38                                                      0.00243711805406473300                                                    
a_ia   66   90                                                      0.00409811199676612774                                                    
op      8   45   66   97   45    8   66   97                        0.00574979275300339671                                                    
op     14   45   60   97   45   14   60   97                        0.00604938865087085911                                                    
om     14   34   66   86   34   14   66   86                       -0.00632105412858060840                                                    
om     14   37   66   89   37   14   66   89                       -0.00604368639183064729                                                    
a_ia   66   89                                                     -0.00098558052200474543                                                    
mvp2   14   27   25   38   14   25   27   38                       -0.01125923477693418009    0.14396345365078835887                          
a_ia   25   27                                                      0.01247624485213532156                                                    
a_ia   25   38                                                      0.00178120231030508736                                                    
mvp2   25   27   66   90   27   25   66   90                        0.01163178751495765398   -0.14181169440742941168                          
a_ia   14   38                                                      0.00020248704080633057                                                    
a_ia   66   90                                                      0.00016616737940832458                                                    
a_ia   66   85                                                     -0.00145872158827360632                                                    
mvp2   25   27   66   91   27   25   66   91                        0.01192336060582996349   -0.17861900003580380436                          
a_ia   66   91                                                      0.00248459812357369660                                                    
mvp2   14   39   66   91   39   14   66   91                       -0.00586846910352442457   -0.78611266347874164673                          
a_ia   25   39                                                     -0.00470714831333032824                                                    
a_ia   24   35                                                      0.00074611862590810913                                                    
a_ia   25   40                                                      0.00859317398437884489                                                    
a_ia   25   41                                                      0.00300323800908547725                                                    
mvp2    8   39   66   91   39    8   66   91                       -0.00422107086852411845   -0.50818805265666733284                          
a_ia   25   35                                                      0.00183106866791805218                                                    
a_ia   75   87                                                     -0.00130915454403853371                                                    
a_ia   77   84                                                     -0.00437971949418166067                                                    
mvp2   14   39   60   91   39   14   60   91                       -0.00416253410617748419    0.49647086846598620369                          
a_ia   60   91                                                     -0.00066349176972002252                                                    
mvp2   25   40   66   97   40   25   66   97                       -0.00813014066274914474    0.24132176286521336839                          
a_ia   66   97                                                     -0.00215285878479591457                                                    
mvp2   14   40   25   45   14   25   40   45                        0.00655872203749383823   -0.27750289830251467782                          
a_ia   14   45                                                     -0.00225569151316067171                                                    
a_ia   14   30                                                     -0.00479452011057974158                                                    
a_ia   66   87                                                      0.00151520994769356533                                                    
a_ia   27   39                                                     -0.03034924444500202920                                                    
mvp2   14   27   25   30   14   25   27   30                        0.00716450817202067894   -0.13810699496927267282                          
mvp2   25   40   60   97   40   25   60   97                        0.00543605326440103811   -0.08810843692928575777                          
op     14   35   66   87   35   14   66   87                       -0.00515665770065198460                                                    
a_ia   14   35                                                      0.00145665429493013407                                                    
op     14   43   66   95   43   14   66   95                       -0.00354046029721668491                                                    
a_ia   14   43                                                     -0.00051818542315767047                                                    
op     14   44   66   96   44   14   66   96                       -0.00306198714312515491                                                    
op     14   46   66   98   46   14   66   98                       -0.00268483248607898984                                                    
op     14   49   66  101   49   14   66  101                       -0.00315168510045225544                                                    
op     14   50   66  102   50   14   66  102                       -0.00297073824572478915                                                    
op     14   50   66  101   50   14   66  101                        0.00208349370584482883                                                    
op     14   51   66  103   51   14   66  103                       -0.00283792109169787865                                                    
a_ia   66  102                                                     -0.00041188274331452161                                                    
op     14   51   66  101   51   14   66  101                       -0.00154633482979673730                                                    
op     14   49   66  103   49   14   66  103                       -0.00157023526966043971                                                    
om     14   49   66  102   49   14   66  102                        0.00205940066334055205                                                    
op      9   29   65   81   29    9   65   81                        0.00495588525661073195                                                    
mvp2   23   26   70   83   26   23   70   83                        0.01051792664288546397   -0.12793475920183985939                          
mvp2   23   26   68   83   26   23   68   83                        0.00767840328119728105   -0.08514546600808457766                          
a_ia   68   83                                                      0.00137612254588572033                                                    
a_ia   73   78                                                      0.00166470517552987237                                                    
mvp2   18   26   23   31   18   23   26   31                       -0.00924634941428001227    0.13313585594734844708                          
mvp2   23   26   71   83   26   23   71   83                       -0.00714153154361217568    0.09584041500423344517                          
a_ia   68   82                                                     -0.00147891831418164280                                                    
op     14   50   66  103   50   14   66  103                        0.00157262263374091551                                                    
om     13   29   61   81   29   13   61   81                        0.00495970639837515527                                                    
op      2   29   54   81   29    2   54   81                       -0.00570655919192305117                                                    
a_ia   54   81                                                     -0.00082905136149014460                                                    
op      6   29   58   81   29    6   58   81                       -0.00311987152483648349                                                    
a_ia    2   29                                                     -0.00097379236314683098                                                    
op      1   29   53   81   29    1   53   81                       -0.00489680174138978474                                                    
a_ia   53   81                                                      0.00113170393436591988                                                    
a_ia    1   29                                                      0.00119775901512129122                                                    
op      4   29   56   81   29    4   56   81                       -0.00353431021690004538                                                    
op      6   29   56   81   29    6   56   81                       -0.00218426492247202021                                                    
a_ia   88   92                                                     -0.23671183179755478365                                                    
a_ia   77   88                                                     -0.00178414230336186499                                                    
a_ia   11   36                                                      0.00056977867428335382                                                    
mvp2    8   40   25   45    8   25   40   45                       -0.00407658531496291228    0.13248862471097128113                          
a_ia    8   45                                                      0.00112729405334942843                                                    
op      8   46   60   98   46    8   60   98                       -0.00352985693946894063                                                    
mvp2   25   27   75   89   27   25   75   89                       -0.00804890254453566670    0.05963791429168263658                          
a_ia   75   91                                                      0.00090734402393945202                                                    
a_ia   24   40                                                      0.00046239657796723197                                                    
op     25   40   75   89   40   25   75   89                       -0.00435930411582772809                                                    
mvp2   25   40   75   88   40   25   75   88                       -0.00643685073675068827    0.04889524074420903421                          
om     25   39   75   88   39   25   75   88                        0.00310542981857584929                                                    
op     14   48   66  100   48   14   66  100                       -0.00165407001047644772                                                    
a_ia   14   48                                                      0.00058069654768341675                                                    
a_ia   66  103                                                      0.00026723287793600130                                                    
a_ia   66  100                                                      0.00059643603103544504                                                    
op      4   29   58   81   29    4   58   81                       -0.00220912122126064271                                                    
op      4   29   53   81   29    4   53   81                       -0.00257714977370964663                                                    
mvp2   19   26   23   31   19   23   26   31                        0.00617961051096371262   -0.09572877069717569687                          
a_ia   70   83                                                      0.00079221724772886130                                                    
a_ia   71   83                                                     -0.00076878073002047023                                                    
mvp2   23   26   59   82   26   23   59   82                        0.00781721556280261416   -0.09815479509750367482                          
a_ia   59   82                                                      0.00194173919091191610                                                    
a_ia   79   92                                                      0.17334330740184275554                                                    
a_ia   79   84                                                      0.09113560692137724628                                                    
mvp2   18   37   77   79   37   18   77   79                        0.00527500907561123319    0.08755308413008025537                          
a_ia   18   36                                                     -0.00069246976365035674                                                    
a_ia   18   37                                                      0.00221727647732358236                                                    
a_ia   84   92                                                      0.13089170891828413867                                                    
mvp2   59   78   63   82   59   63   78   82                        0.00529913233908128629   -0.04833330910117365070                          
a_ia   75   84                                                      0.00424252359611786319                                                    
mvp2   18   38   77   78   38   18   77   78                       -0.00839496635348554315   -0.05335790680267646358                          
a_ia   18   38                                                     -0.00113783591337677376                                                    
a_ia   76   78                                                     -0.00252354293675064118                                                    
a_ia   74   78                                                      0.00300038777044926014                                                    
a_ia   77   78                                                      0.00217837726406982938                                                    
mvp2   70   78   77   90   70   77   78   90                        0.00761248700130502925   -0.06493801048382361052                          
a_ia   77   90                                                      0.00203664307583439202                                                    
a_ia   78   90                                                     -0.02399685076356570732                                                    
a_ia   70   77                                                      0.01378596610399443478                                                    
a_ia   70   90                                                     -0.00136067662115093419                                                    
op     18   38   70   90   38   18   70   90                       -0.00337061379999739532                                                    
mvp2   71   78   77   90   71   77   78   90                       -0.00632461022290803625    0.05378834996026292392                          
a_ia   71   77                                                      0.04646951264527390824                                                    
a_ia   71   90                                                      0.00123868893591568279                                                    
a_ia   74   90                                                      0.00068435009538316016                                                    
a_ia   71   78                                                     -0.00077295891844749332                                                    
mvp2   19   38   77   78   38   19   77   78                        0.00662418970966710974    0.04747161844857483715                          
a_ia   19   38                                                      0.00124995480902117769                                                    
op      2   31   54   83   31    2   54   83                       -0.00705644111404431229                                                    
a_ia   54   83                                                      0.00074886035994051149                                                    
a_ia    2   31                                                     -0.01058702420846838015                                                    
a_ia    9   31                                                      0.00219011784227913890                                                    
mvp2   23   26   54   83   26   23   54   83                       -0.00664641675207112894    0.10855053841223225031                          
a_ia   20   23                                                     -0.02178736019704278701                                                    
a_ia   63   77                                                      0.05632425342791918393                                                    
a_ia   77   78                                                      0.00132285493907824316                                                    
om      2   38   54   90   38    2   54   90                       -0.00500710717403686674                                                    
a_ia   54   90                                                      0.00097870918880179703                                                    
a_ia    2   38                                                      0.00098471379008269059                                                    
a_ia   59   90                                                      0.00043047805501905461                                                    
a_ia   80   83                                                      0.12665090078719012934                                                    
mvp2    2   38   77   78   38    2   77   78                        0.00674044810921321010    0.00782428283064333548                          
a_ia   78   82                                                      0.00992737851880363779                                                    
a_ia   73   90                                                      0.00060614166001911969                                                    
mvp2   16   26   23   31   16   23   26   31                       -0.00603458993529034336    0.09279201011378659936                          
a_ia   16   31                                                      0.00116034455855405067                                                    
mvp2   23   26   69   83   26   23   69   83                       -0.00431269718156490362    0.06304849743537868645                          
a_ia   69   83                                                     -0.00096095911353481387                                                    
mvp2    2   31   77   79   31    2   77   79                        0.00861168110026057018    0.08612998754818741720                          
a_ia    2   31                                                      0.01338893578817228897                                                    
a_ia   16   26                                                      0.00097201201695330602                                                    
mvp2    2   31   77   78   31    2   77   78                       -0.00511407579174934495    0.01830277452654073198                          
op     18   34   70   86   34   18   70   86                       -0.00373787461896796453                                                    
a_ia   18   34                                                      0.00048073262864643367                                                    
om     18   33   70   85   33   18   70   85                       -0.00477518945044360169                                                    
a_ia   18   33                                                      0.00074799777334143172                                                    
a_ia   70   86                                                      0.00060762085271448790                                                    
a_ia   32   39                                                      0.17303378331921065447                                                    
a_ia   25   39                                                      0.00098352058284187794                                                    
mvp2   25   36   75   92   36   25   75   92                       -0.00544709200438860119   -0.11645657123197671046                          
a_ia   32   37                                                     -0.14411879479231579082                                                    
a_ia   25   32                                                     -0.00042444482307015961                                                    
om     11   34   63   86   34   11   63   86                       -0.00384425235702586399                                                    
a_ia   19   22                                                      0.23378359980705734622                                                    
