E(ADAPT): -150.0325020936134308 Eh
E(FCI):   -150.034088110081  Eh
ERROR: 1.586 mEh
