op     21   29   65   73   29   21   65   73                       -0.01031580255671976989                                                    
op     21   30   65   73   30   21   65   73                       -0.00685267237989534844                                                    
op     21   25   65   73   25   21   65   73                        0.00367686966369209492                                                    
op     21   29   65   74   29   21   65   74                       -0.00678681432728532076                                                    
op     21   30   65   74   30   21   65   74                       -0.00557010436840670899                                                    
op     18   30   62   74   30   18   62   74                       -0.00926401075036122242                                                    
a_ia   62   74                                                      0.00216781515514882523                                                    
op     16   30   60   74   30   16   60   74                       -0.00862688446004815715                                                    
a_ia   60   74                                                      0.00098708301465397132                                                    
op     10   30   54   74   30   10   54   74                       -0.01394513540699477382                                                    
a_ia   54   74                                                     -0.00187210496255847745                                                    
a_ia   10   30                                                     -0.00196743640227686105                                                    
op     15   30   59   74   30   15   59   74                       -0.00469718489161109580                                                    
op     16   22   60   66   22   16   60   66                       -0.00747598120290840235                                                    
op     14   30   58   74   30   14   58   74                       -0.00462279750678313336                                                    
op     15   30   58   74   30   15   58   74                        0.00317387294162647287                                                    
a_ia   15   30                                                     -0.00138679733607397979                                                    
op     18   23   62   67   23   18   62   67                       -0.00346863184948882023                                                    
op     10   23   54   67   23   10   54   67                       -0.00984819836541937776                                                    
a_ia   10   23                                                     -0.00120994026037405636                                                    
op     21   26   65   73   26   21   65   73                       -0.00394052241773079626                                                    
op     10   29   54   73   29   10   54   73                       -0.00838291736625544279                                                    
a_ia   10   29                                                      0.00261224075650287428                                                    
a_ia   54   73                                                      0.00262901183448641107                                                    
a_ia   16   23                                                      0.00103148533237843983                                                    
om     16   23   60   67   23   16   60   67                       -0.00721642125963760719                                                    
op     10   27   54   71   27   10   54   71                       -0.01041850283762671067                                                    
a_ia   54   71                                                      0.00167291825951161512                                                    
a_ia   10   27                                                      0.00199547146977956461                                                    
om     10   25   54   69   25   10   54   69                       -0.01012850321530896561                                                    
op     10   36   54   80   36   10   54   80                       -0.00515215989586193836                                                    
op     10   28   54   72   28   10   54   72                       -0.00405523154779214700                                                    
op     10   33   54   77   33   10   54   77                       -0.00717488061705902434                                                    
a_ia   54   77                                                      0.00162029643828978426                                                    
a_ia   10   33                                                      0.00144736753895599222                                                    
a_ia   10   36                                                     -0.00075503620582653935                                                    
op     10   32   54   76   32   10   54   76                       -0.00382797710189463269                                                    
a_ia   10   31                                                     -0.00099051201219801910                                                    
op     10   38   54   82   38   10   54   82                       -0.00667980741200674584                                                    
a_ia   10   34                                                     -0.00075785894857790690                                                    
op     10   41   54   85   41   10   54   85                       -0.00610651529085480971                                                    
op     10   39   54   83   39   10   54   83                       -0.00218478269801346747                                                    
op     10   40   54   84   40   10   54   84                       -0.00350314416434355192                                                    
op     18   29   62   73   29   18   62   73                       -0.00540766794322263423                                                    
a_ia   18   29                                                     -0.00163250201427430665                                                    
op     10   43   54   87   43   10   54   87                       -0.00250759529539172762                                                    
om     16   27   60   71   27   16   60   71                       -0.01065659313630118454                                                    
a_ia   16   27                                                      0.00283674647055877664                                                    
om     16   29   60   73   29   16   60   73                       -0.00486562659052994402                                                    
a_ia   60   71                                                      0.00317253248697073635                                                    
a_ia   16   29                                                     -0.00131215032981101269                                                    
op     18   27   62   71   27   18   62   71                       -0.00623018396467999065                                                    
op     17   27   61   71   27   17   61   71                       -0.00840848396188998218                                                    
a_ia   17   27                                                      0.00443387258721840687                                                    
a_ia   61   71                                                      0.00359928945737778483                                                    
op     16   24   60   68   24   16   60   68                       -0.00672100803988210944                                                    
op     16   32   60   76   32   16   60   76                       -0.00970834075876113659                                                    
op     16   28   60   72   28   16   60   72                       -0.00641795857488566910                                                    
op     16   35   60   79   35   16   60   79                       -0.01136440098199250660                                                    
op     16   38   60   82   38   16   60   82                       -0.00590824607697054520                                                    
op     16   39   60   83   39   16   60   83                       -0.00816713684861353206                                                    
om     16   34   60   78   34   16   60   78                       -0.00340267729719796958                                                    
op     16   40   60   84   40   16   60   84                       -0.00360397770058681378                                                    
op     10   39   60   83   39   10   60   83                       -0.00414326283435431219                                                    
op     17   24   61   68   24   17   61   68                       -0.00844927864362809110                                                    
op     10   40   60   83   40   10   60   83                       -0.00295626299238859131                                                    
om     16   40   60   83   40   16   60   83                       -0.00391820871426627922                                                    
om     15   27   59   71   27   15   59   71                       -0.00790368301194236365                                                    
op     17   22   61   66   22   17   61   66                       -0.00368963992201859015                                                    
op     19   30   63   74   30   19   63   74                       -0.00267230116231413108                                                    
om     15   23   59   67   23   15   59   67                       -0.00632252919429140536                                                    
om     16   34   60   79   34   16   60   79                        0.00904466983640660020                                                    
op     16   35   60   78   35   16   60   78                        0.00659132264825798477                                                    
om     16   26   60   70   26   16   60   70                       -0.00978351286419412540                                                    
om     18   36   62   80   36   18   62   80                       -0.00442194536238303595                                                    
op     10   42   54   86   42   10   54   86                       -0.00227079922064833033                                                    
om     14   23   58   67   23   14   58   67                       -0.00822335834849788339                                                    
op     12   30   56   74   30   12   56   74                       -0.00275004778469051985                                                    
op      6   30   50   74   30    6   50   74                       -0.00464816475227525054                                                    
op     12   23   56   67   23   12   56   67                       -0.00489678824355325049                                                    
op      9   30   53   74   30    9   53   74                       -0.00210411102399443717                                                    
op     17   24   58   68   24   17   58   68                        0.00786541815923246131                                                    
a_ia   58   71                                                     -0.00148519714724503296                                                    
op     14   24   58   68   24   14   58   68                       -0.00963556216666030564                                                    
a_ia   14   27                                                     -0.00153527842355586871                                                    
op     14   24   61   68   24   14   61   68                        0.00753503299419789642                                                    
op     12   24   56   68   24   12   56   68                       -0.00995032006227934349                                                    
op     15   24   59   68   24   15   59   68                       -0.00355921993654485487                                                    
op     11   24   56   68   24   11   56   68                        0.00762363499861377393                                                    
op     12   24   55   68   24   12   55   68                        0.00846781764477896708                                                    
a_ia   11   27                                                      0.00213423563364846611                                                    
op     11   24   55   68   24   11   55   68                       -0.00764898339931867084                                                    
op     11   24   61   68   24   11   61   68                        0.00661037979750140822                                                    
op     11   24   58   68   24   11   58   68                       -0.00643769091640785870                                                    
op     12   24   61   68   24   12   61   68                       -0.00748646016066860636                                                    
op     12   24   58   68   24   12   58   68                        0.00542995193634305835                                                    
op     12   24   57   68   24   12   57   68                       -0.00471497238455277634                                                    
op     14   41   58   85   41   14   58   85                       -0.01272073770212986225                                                    
op     18   41   58   85   41   18   58   85                       -0.00520187157070432608                                                    
op     14   41   54   85   41   14   54   85                       -0.00874002785881882772                                                    
op     10   41   58   85   41   10   58   85                       -0.00871825366882384573                                                    
om     18   36   54   80   36   18   54   80                        0.00286756958806331109                                                    
om     14   40   58   84   40   14   58   84                       -0.00755276405432397675                                                    
om     10   40   58   84   40   10   58   84                       -0.00395284087254051640                                                    
op     18   41   54   85   41   18   54   85                       -0.00381596310789772799                                                    
op     15   41   58   85   41   15   58   85                        0.00825358090881072454                                                    
op     15   41   54   85   41   15   54   85                        0.00592426184873660108                                                    
op     15   32   60   76   32   15   60   76                       -0.00807749607494899491                                                    
op     18   38   54   82   38   18   54   82                        0.00571568311865614746                                                    
om     14   40   54   84   40   14   54   84                       -0.00387777400630749886                                                    
op     15   41   59   85   41   15   59   85                       -0.00641048737751947952                                                    
op     15   41   62   85   41   15   62   85                        0.00352774554637550744                                                    
op     15   32   59   76   32   15   59   76                       -0.00765935154389468711                                                    
op     16   32   59   76   32   16   59   76                       -0.00705586084433554046                                                    
a_ia   60   72                                                      0.00130518545002913738                                                    
op     14   41   59   85   41   14   59   85                        0.00811090198584508287                                                    
op     14   41   62   85   41   14   62   85                       -0.00528198021850064849                                                    
op     10   41   59   85   41   10   59   85                        0.00595598259753937504                                                    
op     10   36   62   80   36   10   62   80                        0.00154664203288974299                                                    
a_ia   59   72                                                      0.00035799828390804876                                                    
op     10   41   62   85   41   10   62   85                       -0.00386002817208876961                                                    
a_ia   56   71                                                     -0.00158815542622614417                                                    
op     18   41   59   85   41   18   59   85                        0.00358324807953317413                                                    
a_ia   63   71                                                     -0.00177043814575807363                                                    
om     11   27   55   71   27   11   55   71                       -0.00777789330649390331                                                    
a_ia   55   71                                                      0.00214155491769184390                                                    
om     15   35   59   79   35   15   59   79                       -0.02425481685370042828                                                    
mvp2   15   35   60   79   35   15   60   79                       -0.01292491419045361210   -0.56322938425252044858                          
om     16   35   59   79   35   16   59   79                       -0.01134728571100592290                                                    
op     17   24   55   68   24   17   55   68                        0.00618744641188140668                                                    
op     17   24   56   68   24   17   56   68                       -0.00632830701166372731                                                    
om     10   29   62   80   29   10   62   80                        0.00369492686177486226                                                    
mvp2   15   35   60   78   35   15   60   78                        0.01263066881706488911   -0.29245535855240412104                          
mvp2   15   35   54   80   35   15   54   80                       -0.02222764690903281451    0.42835945836527017372                          
a_ia   54   78                                                     -0.00073226452166779300                                                    
a_ia   54   60                                                     -0.10118103167478728621                                                    
om     14   25   58   69   25   14   58   69                       -0.01213079599367292323                                                    
om     10   25   58   69   25   10   58   69                       -0.00777027140498993442                                                    
om     14   41   58   69   41   14   58   69                       -0.00657560940215016609                                                    
a_ia   14   41                                                      0.00045614763489539782                                                    
om     10   41   58   69   41   10   58   69                       -0.00440951179024401223                                                    
op     14   25   58   85   25   14   58   85                       -0.00626421534225796422                                                    
op     10   25   58   85   25   10   58   85                       -0.00450201460624522105                                                    
mvp2   16   35   54   80   35   16   54   80                       -0.00370164883046171468    0.14403703716146465386                          
a_ia   54   80                                                      0.00155350290454043800                                                    
op     11   24   57   68   24   11   57   68                        0.00334099367615894004                                                    
om     17   27   55   71   27   17   55   71                       -0.00478835108855667300                                                    
op     11   24   53   68   24   11   53   68                        0.00372039854427698696                                                    
om     11   27   53   71   27   11   53   71                        0.00612133096823523366                                                    
om     14   25   59   85   25   14   59   85                        0.00458953261452415672                                                    
mvp2   10   36   59   79   36   10   59   79                       -0.00657371937006156690   -0.18467093679412116547                          
op     21   29   65   69   29   21   65   69                        0.00362066360808266071                                                    
mvp2   17   35   59   79   35   17   59   79                        0.01123065443372015318    0.67537472757354266584                          
a_ia   17   35                                                     -0.01121476348081587408                                                    
a_ia   58   79                                                      0.00096578387896308234                                                    
op     18   38   62   82   38   18   62   82                       -0.00547853392887893715                                                    
op     18   38   60   82   38   18   60   82                       -0.00314879021101657167                                                    
op     10   38   62   82   38   10   62   82                        0.00557166188582595631                                                    
op     16   38   62   82   38   16   62   82                       -0.00271816926266751479                                                    
op     16   38   54   82   38   16   54   82                        0.00345119575949101023                                                    
op     15   38   62   82   38   15   62   82                        0.00276626710272362408                                                    
op     15   38   54   82   38   15   54   82                       -0.00302127714359411246                                                    
mvp2   16   36   54   80   36   16   54   80                        0.00492720107000988762    0.36121529396190438232                          
mvp2   16   38   54   80   38   16   54   80                        0.00792291642952417004    0.61335119903654955476                          
mvp2   16   36   62   80   36   16   62   80                       -0.00291190738562863540    0.43498534671622207659                          
op     14   25   54   85   25   14   54   85                       -0.00451018537069968178                                                    
om     14   25   54   69   25   14   54   69                       -0.00788086835904892348                                                    
om     14   41   54   69   41   14   54   69                       -0.00479503706960907831                                                    
om     17   35   54   80   35   17   54   80                        0.00057989025918348740                                                    
a_ia   16   36                                                      0.00070646030710439292                                                    
a_ia   17   28                                                      0.00846676689286082404                                                    
op     17   35   62   80   35   17   62   80                       -0.00587199516601857787                                                    
a_ia   62   72                                                      0.00085455660481517399                                                    
a_ia   28   35                                                      0.17623155143465041306                                                    
a_ia   17   35                                                     -0.00933595037678029357                                                    
op     16   35   60   72   35   16   60   72                        0.00151152598854219981                                                    
mvp2   10   35   15   36   10   15   35   36                        0.01308518887517005208   -0.27673739877755282324                          
mvp2   15   35   18   36   15   18   36   35                        0.00997898195534463288   -0.29145942290685272758                          
mvp2   15   35   62   80   35   15   62   80                        0.01076650889080219518   -0.38892879577449546158                          
mvp2   10   36   60   80   36   10   60   80                        0.00274898973172343561   -0.49823124145391028961                          
op     17   35   60   79   35   17   60   79                        0.00646458127999093458                                                    
op     14   41   59   69   41   14   59   69                        0.00444426681250273750                                                    
a_ia   59   69                                                     -0.00183790875330120730                                                    
op     14   25   59   69   25   14   59   69                        0.00663551686834811579                                                    
mvp2   16   36   60   80   36   16   60   80                       -0.00335490774974640804   -0.17060817913912912358                          
mvp2   18   36   60   80   36   18   60   80                       -0.00292055471732048525   -0.19544926926998959504                          
om     11   27   61   71   27   11   61   71                       -0.00477595903732552438                                                    
op      9   27   53   71   27    9   53   71                       -0.00649643180063922288                                                    
a_ia   53   71                                                     -0.00085304555479748690                                                    
a_ia    9   27                                                     -0.00077582587930151849                                                    
op      6   27   50   71   27    6   50   71                       -0.00604771005715216362                                                    
a_ia   12   27                                                     -0.00147021684787378300                                                    
a_ia   50   71                                                     -0.00090983973681376133                                                    
op      6   23   50   67   23    6   50   67                       -0.00319783758994346802                                                    
a_ia   19   27                                                     -0.00171178665822757712                                                    
op      9   27   55   71   27    9   55   71                        0.00611245829847466456                                                    
op     10   33   62   80   33   10   62   80                        0.00623347981895107026                                                    
op     12   22   56   66   22   12   56   66                       -0.00513264070664868309                                                    
mvp2   12   35   59   79   35   12   59   79                       -0.00513350242958305128   -0.28154671609559933643                          
mvp2   12   35   60   79   35   12   60   79                       -0.00327823919065147124   -0.12973417455674396415                          
a_ia   12   35                                                      0.00598189574122298239                                                    
a_ia   12   28                                                      0.00143057777250744705                                                    
op     12   28   56   72   28   12   56   72                       -0.01075865510886616153                                                    
a_ia   56   72                                                      0.02219878620383760465                                                    
mvp2   12   35   56   79   35   12   56   79                       -0.00470525795508673714    1.04911944832601933264                          
mvp2   16   35   56   79   35   16   56   79                       -0.00673892335401496227    0.05641345766515357824                          
mvp2   17   35   56   79   35   17   56   79                        0.00528421712960268786   -0.24621118964833618725                          
mvp2   15   35   56   79   35   15   56   79                       -0.01136867827358052120    0.28861882002389738222                          
mvp2   17   28   56   72   28   17   56   72                        0.00670377423156657236   -0.50372041793341559845                          
a_ia   17   28                                                      0.00365930410591770033                                                    
mvp2   12   28   59   79   28   12   59   79                        0.00324872005337224854    0.13094735436681073648                          
mvp2   17   35   56   72   35   17   56   72                       -0.00214683507525263934    0.25554816925130890981                          
a_ia   17   35                                                      0.01742574706948428129                                                    
a_ia   72   79                                                      0.43005395448317257356                                                    
a_ia   56   72                                                     -0.00786318611742608566                                                    
mvp2   12   28   56   79   28   12   56   79                        0.00633139089880635931    0.24165463612229703960                          
mvp2   17   28   56   79   28   17   56   79                       -0.00165049634378939777   -0.43615944841255077646                          
op     12   39   60   83   39   12   60   83                       -0.00783478843450128790                                                    
om     12   39   56   83   39   12   56   83                       -0.00878295606044832665                                                    
om     16   39   56   83   39   16   56   83                       -0.00728229174077361235                                                    
om     12   39   54   83   39   12   54   83                       -0.00370021663428024301                                                    
op     10   39   56   83   39   10   56   83                       -0.00351098641411655811                                                    
om     16   39   62   83   39   16   62   83                       -0.00294791126883323876                                                    
op     18   39   60   83   39   18   60   83                       -0.00308561536082681059                                                    
op     16   39   54   83   39   16   54   83                       -0.00284051359452792149                                                    
mvp2   15   35   61   79   35   15   61   79                        0.00911217728501010141   -0.76036054879937164941                          
a_ia   61   79                                                     -0.01700555998796191362                                                    
a_ia   15   28                                                     -0.00195523911402920372                                                    
mvp2   17   35   61   79   35   17   61   79                       -0.00718537707338542161   -0.30734983017338146638                          
mvp2   17   28   61   72   28   17   61   72                       -0.00754097261106129787    0.69052338892244014001                          
a_ia   17   28                                                     -0.01638863094795052489                                                    
mvp2   17   35   61   72   35   17   61   72                        0.00633804739966423343   -0.24489581806192753377                          
a_ia   61   72                                                     -0.01408319741186361135                                                    
mvp2   12   35   61   79   35   12   61   79                        0.00304137242167561292    0.35511880579638011035                          
a_ia   12   35                                                     -0.00595552820913283418                                                    
op     12   28   61   72   28   12   61   72                        0.00556253446326046650                                                    
om     16   35   61   79   35   16   61   79                        0.00534356520716140239                                                    
a_ia   61   79                                                      0.00928257589185355059                                                    
mvp2   17   28   59   72   28   17   59   72                        0.00491497740322010320   -0.21688369527735132380                          
om     15   39   56   83   39   15   56   83                        0.00149992831847968553                                                    
op     17   39   56   83   39   17   56   83                       -0.00492363862023863751                                                    
a_ia   56   76                                                     -0.00039998054781120035                                                    
op     17   39   61   83   39   17   61   83                       -0.00437621284292485750                                                    
a_ia   61   76                                                      0.00032019749441537294                                                    
om     12   39   61   83   39   12   61   83                       -0.00545337028428883024                                                    
om     16   39   61   83   39   16   61   83                       -0.00326642589644043869                                                    
op     17   34   61   78   34   17   61   78                       -0.00313005031024017090                                                    
a_ia   17   34                                                     -0.00422636520873303015                                                    
a_ia   61   78                                                     -0.00491383942711607052                                                    
mvp2   17   34   62   80   34   17   62   80                       -0.00811790892385786181   -0.56289711482548321353                          
mvp2   61   78   62   80   61   62   80   78                       -0.00524475525401446162   -0.64198763847803508309                          
a_ia   62   80                                                     -0.00465626345330521704                                                    
om     17   31   61   75   31   17   61   75                       -0.00762296803254234115                                                    
a_ia   17   26                                                     -0.00251400465429465645                                                    
op     17   40   61   84   40   17   61   84                       -0.00421770328678892827                                                    
a_ia   61   70                                                     -0.00251336378465086795                                                    
op     17   37   61   81   37   17   61   81                       -0.00368492214043784601                                                    
om     17   26   61   70   26   17   61   70                       -0.00635279351176475018                                                    
mvp2   54   80   60   82   54   60   82   80                        0.00628334850676788223   -0.24903084804370906324                          
om     18   39   56   83   39   18   56   83                       -0.00273680938256049477                                                    
mvp2   17   34   54   80   34   17   54   80                        0.00610294485264226486    0.17771647157167794195                          
mvp2   16   34   59   79   34   16   59   79                        0.00582598454365451830    0.34769594787180291284                          
a_ia   59   76                                                     -0.00048078834286157285                                                    
a_ia   28   35                                                      0.19217895905882612095                                                    
om     12   39   59   83   39   12   59   83                        0.00394495158615052171                                                    
a_ia   15   34                                                      0.00141465447102928112                                                    
om     16   39   59   83   39   16   59   83                        0.00281435022034846145                                                    
om     14   41   63   85   41   14   63   85                       -0.00340558544753962649                                                    
op      9   22   53   66   22    9   53   66                       -0.00280291219303654840                                                    
op      9   24   55   68   24    9   55   68                        0.00361001314965962413                                                    
mvp2   17   34   60   78   34   17   60   78                       -0.00139674492564628586   -0.06285473862606746898                          
mvp2   10   33   54   80   33   10   54   80                       -0.00321412380122138974   -0.15378429929053763492                          
mvp2   17   34   56   78   34   17   56   78                        0.00411756585248242764   -0.63588761853922781686                          
mvp2   12   34   56   78   34   12   56   78                       -0.00303881235063639807   -0.60058977847593675303                          
a_ia   56   78                                                      0.00002445942036367833                                                    
a_ia   12   15                                                     -0.23785142044597165634                                                    
a_ia   76   79                                                      0.19125684218606209264                                                    
om     12   31   56   75   31   12   56   75                       -0.00548676896968963365                                                    
a_ia   54   75                                                     -0.00084800516988761752                                                    
op     12   40   56   84   40   12   56   84                       -0.00342762250406046303                                                    
a_ia   10   26                                                     -0.00119052016578589416                                                    
op     12   37   56   81   37   12   56   81                       -0.00360666213126403443                                                    
a_ia   54   84                                                     -0.00039096429472601198                                                    
op     12   26   56   70   26   12   56   70                       -0.00611220225635229330                                                    
a_ia   12   26                                                      0.00206957492681947991                                                    
a_ia   56   70                                                      0.00204269185857187258                                                    
a_ia   12   33                                                      0.00049522196709114133                                                    
op     17   39   60   83   39   17   60   83                       -0.00329315461353984129                                                    
a_ia   38   39                                                     -0.25750842322773082049                                                    
op     16   38   60   83   38   16   60   83                        0.00331302655580614650                                                    
op      6   22   50   66   22    6   50   66                       -0.00478800595645620213                                                    
a_ia    6   27                                                     -0.00093365798546386975                                                    
mvp2   14   41   50   85   41   14   50   85                        0.00415523775669211781   -0.28002277290997884540                          
a_ia   63   72                                                     -0.00093637111608058619                                                    
mvp2   16   38   50   82   38   16   50   82                        0.00528402818844661299   -0.97646276987901892142                          
a_ia   82   83                                                     -0.26706180246083910390                                                    
op      6   24   55   68   24    6   55   68                        0.00294599704218616136                                                    
op      6   41   58   85   41    6   58   85                        0.00415527018759436102                                                    
mvp2    6   38   50   82   38    6   50   82                       -0.00590105934168393045   -0.85045499905760257864                          
op      6   28   50   72   28    6   50   72                       -0.00709288735330669030                                                    
