op     27   28   83   84   28   27   83   84                       -0.09191523393698090849                                                    
op     24   29   80   85   29   24   80   85                       -0.07704399412499261801                                                    
op     23   28   79   84   28   23   79   84                       -0.03853338684441255657                                                    
a_ia   79   84                                                      0.00714295345099315131                                                    
op     24   30   80   85   30   24   80   85                        0.00133765288622345979                                                    
op     26   32   82   88   32   26   82   88                       -0.03012087327867585956                                                    
op     24   32   82   88   32   24   82   88                       -0.01111767609653098454                                                    
om     27   28   79   84   28   27   79   84                        0.03370740001997083596                                                    
a_ia   26   27                                                      0.15253519445530211440                                                    
op     25   28   81   84   28   25   81   84                       -0.01611705800635625935                                                    
a_ia   81   84                                                      0.00603042697583387050                                                    
a_ia   25   28                                                      0.00606118497915574678                                                    
op     25   32   82   88   32   25   82   88                        0.01215612259302950061                                                    
op     24   32   80   88   32   24   80   88                       -0.00652007760608751177                                                    
op     24   29   80   86   29   24   80   86                        0.00050733467270218607                                                    
op     24   30   80   86   30   24   80   86                       -0.00484561807237475668                                                    
a_ia   23   27                                                      0.28815291662729364264                                                    
op     18   28   79   84   28   18   79   84                        0.01946908256931194348                                                    
a_ia   18   28                                                     -0.00357922995911210892                                                    
op     26   32   81   88   32   26   81   88                        0.01114218985061465363                                                    
a_ia   26   32                                                     -0.00159617755624237839                                                    
om     23   28   74   84   28   23   74   84                        0.02423372417208696783                                                    
a_ia   74   84                                                     -0.00197249444715518482                                                    
om     18   28   74   84   28   18   74   84                       -0.01532569516804009602                                                    
a_ia   82   88                                                     -0.00158304346838166366                                                    
op     22   35   78   91   35   22   78   91                       -0.01761035348819830343                                                    
a_ia   22   35                                                      0.00571841673936264450                                                    
a_ia   78   91                                                      0.00529429496477384302                                                    
op     22   36   78   92   36   22   78   92                       -0.01267342057345320974                                                    
a_ia   22   36                                                      0.00351609355886960736                                                    
a_ia   78   92                                                      0.00354328569479377738                                                    
op     22   31   78   87   31   22   78   87                       -0.00811613831827103643                                                    
op     22   34   78   90   34   22   78   90                       -0.01147367859018658294                                                    
a_ia   22   34                                                     -0.00345562781491414719                                                    
a_ia   78   90                                                     -0.00312079832039410332                                                    
op     22   44   78  100   44   22   78  100                       -0.01309463778202364995                                                    
a_ia   22   44                                                      0.00385595049650871557                                                    
a_ia   78  100                                                      0.00172975611177074613                                                    
op     24   29   80   93   29   24   80   93                       -0.01987681761511829459                                                    
op     24   37   80   93   37   24   80   93                       -0.01717704287149664222                                                    
op     24   37   83   93   37   24   83   93                        0.02373119713090114311                                                    
mvp2   24   37   80   85   37   24   80   85                       -0.02064653029925460001    0.65438072331990004837                          
op     24   38   80   94   38   24   80   94                       -0.01847864720776735623                                                    
om     24   38   80   93   38   24   80   93                        0.02353886087617311842                                                    
mvp2   24   38   80   85   38   24   80   85                        0.02169115199535554331    1.09678664024165861690                          
op     22   33   78   89   33   22   78   89                       -0.00592990625672049770                                                    
a_ia   22   33                                                     -0.00257255612224780751                                                    
op     24   29   80   94   29   24   80   94                        0.01801542643263577895                                                    
mvp2   24   37   80   94   37   24   80   94                        0.01346547464551751429   -0.75184225943760374378                          
om     22   44   78   92   44   22   78   92                       -0.00835031770383343371                                                    
a_ia   25   32                                                     -0.00021104684965442705                                                    
mvp2   27   37   83   93   37   27   83   93                       -0.01376758158998185252   -0.76823481704856322327                          
a_ia   79   81                                                      0.30884014407530208102                                                    
op     26   37   82   93   37   26   82   93                       -0.00655413150930958359                                                    
mvp2   27   37   80   93   37   27   80   93                        0.01162426486236764998    0.44153310756995906017                          
op     26   39   82   95   39   26   82   95                       -0.00679623156294742806                                                    
op     24   39   82   95   39   24   82   95                       -0.00744238487956200290                                                    
mvp2   24   38   82   95   38   24   82   95                       -0.01727231595825385810    0.37954566019165769664                          
mvp3   24   38   26   39   24   26   39   38   24   26   38   39   -0.01692696182715272557    0.62496527157146897213    0.69949043581360603739
om     26   29   82   85   29   26   82   85                       -0.01631051912615453722                                                    
mvp2   24   37   26   39   24   26   39   37                        0.01622255733868737879   -0.19548866894590996579                          
mvp2   26   37   82   95   37   26   82   95                       -0.00228632493888654550   -0.21957231390643200397                          
mvp2   24   37   82   95   37   24   82   95                        0.01159644428063279047   -0.12644105785334602832                          
mvp2   26   39   82   93   39   26   82   93                       -0.02008329132383395582    0.49031483469347503235                          
a_ia   29   39                                                     -0.01302059122400156359                                                    
mvp2   26   39   80   95   39   26   80   95                       -0.00983720564927124431    0.34030203545446274793                          
a_ia   80   82                                                     -0.09400549504024775793                                                    
op     20   35   76   91   35   20   76   91                       -0.00941651220071564217                                                    
a_ia   20   35                                                     -0.00317917150952954589                                                    
a_ia   76   91                                                     -0.00361788271318471679                                                    
a_ia   86   88                                                      0.27444651219856752711                                                    
op     17   35   73   91   35   17   73   91                       -0.00854004960452295868                                                    
a_ia   17   35                                                      0.00196002293991312656                                                    
a_ia   73   91                                                      0.00204705362711688149                                                    
op     21   35   77   91   35   21   77   91                       -0.00556968387396517602                                                    
op     20   29   80   85   29   20   80   85                       -0.00020903182404529447                                                    
a_ia   83   93                                                      0.00266437197368007712                                                    
op     24   29   76   85   29   24   76   85                        0.00793887460964269424                                                    
a_ia   20   24                                                      0.30047984238275554647                                                    
a_ia   76   85                                                      0.00180842273546368243                                                    
mvp2   26   37   80   93   37   26   80   93                        0.00332292081006941350    0.16749262853527091544                          
op     22   41   78   97   41   22   78   97                       -0.00356087333747856461                                                    
op     22   42   78   98   42   22   78   98                       -0.00382658943614650176                                                    
op     22   45   78  101   45   22   78  101                       -0.00398617627236274273                                                    
a_ia   78  101                                                      0.00093809529030902488                                                    
a_ia   78   99                                                     -0.00205268424688464374                                                    
a_ia   22   43                                                     -0.00199123790762800084                                                    
op     22   46   78  102   46   22   78  102                       -0.00288394460338579515                                                    
op     22   47   78  103   47   22   78  103                       -0.00343641760577073760                                                    
a_ia   78  103                                                      0.00114448383201203605                                                    
a_ia   22   47                                                      0.00118147910389097572                                                    
op     22   49   78  105   49   22   78  105                       -0.00316211653574019003                                                    
op     22   48   78  104   48   22   78  104                       -0.00246032047402462142                                                    
op     22   53   78  109   53   22   78  109                       -0.00344164499235326314                                                    
op     22   50   78  106   50   22   78  106                       -0.00251060085463178026                                                    
op     22   50   78  105   50   22   78  105                       -0.00225506924461178369                                                    
op     22   52   78  108   52   22   78  108                       -0.00303720284856846302                                                    
op     22   49   78  106   49   22   78  106                       -0.00231394358011018748                                                    
a_ia   37   39                                                     -0.26180293359443601586                                                    
a_ia   24   29                                                     -0.00100519750637205561                                                    
mvp2   26   39   83   95   39   26   83   95                        0.00765296255704236029   -0.38006835117824339099                          
a_ia   82   95                                                     -0.00072422624161090090                                                    
a_ia   37   38                                                      0.17382904097305590385                                                    
mvp2   18   29   80   85   29   18   80   85                       -0.00265740704302372616   -0.02326880912279195510                          
a_ia   76   80                                                      0.30459321702112063246                                                    
a_ia   18   27                                                     -0.17198783577197274131                                                    
mvp2   24   29   76   85   29   24   76   85                       -0.00702272470576890875    0.10619846743563361724                          
op     25   28   79   84   28   25   79   84                       -0.01377720681255441108                                                    
a_ia   18   36                                                     -0.00065935233081665032                                                    
a_ia   27   30                                                     -0.00130764769343538951                                                    
mvp2   26   40   82   95   40   26   82   95                        0.00724225806374303310    0.46851563007648111547                          
mvp2   23   29   80   85   29   23   80   85                        0.00440076652198647701    0.09027184503379630243                          
a_ia   23   30                                                      0.00114117165421917955                                                    
a_ia   18   24                                                     -0.17842777987018249020                                                    
a_ia   24   36                                                      0.00216031216669049968                                                    
a_ia   23   29                                                     -0.00278235293163415663                                                    
a_ia   37   39                                                     -0.07940264650651571166                                                    
om     25   32   81   88   32   25   81   88                       -0.00488760590276869633                                                    
om     24   29   79   85   29   24   79   85                        0.00140101766666498955                                                    
a_ia   79   85                                                     -0.00160675111417603192                                                    
a_ia   79   86                                                      0.00099009347107468560                                                    
a_ia   23   24                                                      0.17499682036288963238                                                    
a_ia   27   32                                                      0.00237255537442455748                                                    
a_ia   81   88                                                     -0.00021602916672094268                                                    
om     24   29   74   85   29   24   74   85                       -0.01840974707796287982                                                    
a_ia   79   80                                                      0.16979714379450888684                                                    
om     17   35   77   91   35   17   77   91                       -0.00511325295780151040                                                    
a_ia   24   27                                                      0.02265302838000773228                                                    
a_ia   27   29                                                      0.00425941504977464351                                                    
a_ia   24   32                                                     -0.00294523416106209999                                                    
a_ia   29   32                                                     -0.13965568289781732370                                                    
a_ia   85   88                                                     -0.15725977050276035429                                                    
a_ia   82   94                                                     -0.00073332963325964742                                                    
op     27   28   74   84   28   27   74   84                       -0.02193061388452621774                                                    
a_ia   27   28                                                     -0.01243668014039655580                                                    
a_ia   84   88                                                     -0.03886217936787281224                                                    
mvp2   24   28   27   29   24   27   28   29                        0.01596231424029367213    0.02729863811413030944                          
a_ia   79   80                                                      0.05436784490087966104                                                    
a_ia   24   28                                                      0.00535349294820621630                                                    
a_ia   28   29                                                     -0.06373073118087424493                                                    
a_ia   20   39                                                      0.00120399624379222115                                                    
op     17   31   73   87   31   17   73   87                       -0.01253434878125022668                                                    
om     17   30   73   86   30   17   73   86                       -0.00602614444127104725                                                    
a_ia   79   93                                                     -0.00092866895722828059                                                    
op     10   32   66   88   32   10   66   88                       -0.00906277306024519565                                                    
a_ia   66   88                                                      0.00168897640541239812                                                    
a_ia   85   86                                                     -0.14321972561122861545                                                    
om     10   32   65   88   32   10   65   88                       -0.00857267388642788015                                                    
op      9   32   65   88   32    9   65   88                       -0.00917317400899222458                                                    
a_ia   65   88                                                      0.00149357999245596190                                                    
op      9   32   66   88   32    9   66   88                       -0.00857828539772075883                                                    
a_ia   10   32                                                      0.00163083715181648299                                                    
a_ia    9   32                                                      0.00147856860377001509                                                    
op      8   32   64   88   32    8   64   88                       -0.00464849098123500636                                                    
op      8   32   65   88   32    8   65   88                        0.00430462158274879519                                                    
op      0   32   56   88   32    0   56   88                       -0.00581496521318694039                                                    
op      5   32   61   88   32    5   61   88                       -0.00319247853448785838                                                    
op      4   32   61   88   32    4   61   88                        0.00215313981662550950                                                    
op      0   32   65   88   32    0   65   88                       -0.00479366731328360191                                                    
a_ia   85   86                                                     -0.12433337105993867711                                                    
a_ia   26   40                                                      0.00083430604174908427                                                    
a_ia   17   29                                                     -0.00165150134119011337                                                    
a_ia   29   30                                                     -0.13670747643282588069                                                    
mvp2   26   39   82   96   39   26   82   96                        0.00707035916381559479   -0.39818393864574902485                          
a_ia   82   96                                                      0.00114185091338126930                                                    
mvp2   26   40   82   96   40   26   82   96                       -0.00637332553784793199    0.09174860582703465994                          
a_ia   20   38                                                     -0.00099781075032471167                                                    
a_ia   20   34                                                      0.00250037450546665213                                                    
a_ia   23   28                                                      0.00826154063303465892                                                    
a_ia   28   31                                                      0.06590690430594321747                                                    
a_ia   84   85                                                     -0.07385376453979709821                                                    
a_ia   25   27                                                      0.17761544641254126131                                                    
a_ia   24   25                                                      0.08222520956116846635                                                    
a_ia   29   30                                                     -0.11774362614187899867                                                    
a_ia   79   83                                                      0.22884727068420571139                                                    
mvp2   26   39   83   96   39   26   83   96                       -0.00627180165974972146    0.40741145957392010946                          
a_ia   83   90                                                     -0.00113395369644768234                                                    
mvp2   26   40   83   96   40   26   83   96                        0.00476163625474872350    0.07615739162112682148                          
a_ia   77   91                                                      0.00086245602477617205                                                    
a_ia   21   35                                                      0.00080938481473364341                                                    
a_ia   74   91                                                     -0.00042789830403709109                                                    
op      0   32   66   88   32    0   66   88                       -0.00489463595863292786                                                    
om     10   32   56   88   32   10   56   88                       -0.00489879324902401866                                                    
om      9   32   56   88   32    9   56   88                       -0.00479984036908442414                                                    
om      9   32   64   88   32    9   64   88                        0.00432079087121320544                                                    
mvp2   24   29   77   85   29   24   77   85                       -0.00980712218070289854    0.02192581006669643701                          
a_ia   77   85                                                     -0.00169907062303856151                                                    
a_ia   84   86                                                      0.03194629662865599434                                                    
op     24   29   69   85   29   24   69   85                       -0.00383887849052849282                                                    
a_ia   69   85                                                     -0.00074898057310296483                                                    
a_ia   21   24                                                     -0.18014768525762106521                                                    
a_ia   19   35                                                     -0.00098553551099851634                                                    
op      8   35   64   91   35    8   64   91                       -0.00583423557192443674                                                    
om      8   29   64   85   29    8   64   85                       -0.00693069146021230501                                                    
a_ia   64   85                                                      0.00445976334116465842                                                    
a_ia    8   29                                                      0.00362517746073590932                                                    
a_ia   69   74                                                     -0.44065959532528509168                                                    
op     12   35   68   91   35   12   68   91                       -0.00444825634703667309                                                    
a_ia   70   91                                                     -0.00144328456719815474                                                    
a_ia   68   91                                                      0.00165755951173753198                                                    
a_ia   12   35                                                      0.00175321920717458140                                                    
a_ia   14   35                                                     -0.00148722516805681066                                                    
mvp2   24   29   64   85   29   24   64   85                        0.00794533204991142335    0.12115278965539519329                          
a_ia   24   29                                                      0.00208322493105347201                                                    
om      8   30   64   86   30    8   64   86                       -0.00715476357127994931                                                    
a_ia   64   86                                                     -0.00212851747744549060                                                    
a_ia    8   24                                                      0.09839041053981223417                                                    
a_ia   21   29                                                     -0.00070055295816453048                                                    
a_ia    8   30                                                     -0.00164372472008509295                                                    
a_ia   81   85                                                     -0.00066905639986982639                                                    
mvp2   24   30   64   86   30   24   64   86                       -0.00462480997326737350    0.42778864626653295700                          
mvp2   27   28   77   84   28   27   77   84                        0.01229400329120969304   -0.10103977589463815356                          
a_ia   77   84                                                      0.00016074434964301980                                                    
om     23   28   77   84   28   23   77   84                       -0.00645328255187419160                                                    
a_ia   73   80                                                     -0.10958411963185002436                                                    
op     17   52   73  108   52   17   73  108                       -0.00492877057964894501                                                    
om     17   33   73   89   33   17   73   89                       -0.00880620839087334698                                                    
op     17   52   82  108   52   17   82  108                        0.00255899879411496068                                                    
op     17   42   73   98   42   17   73   98                       -0.00384060167246358603                                                    
op     17   41   73   97   41   17   73   97                       -0.00438575612297980449                                                    
om     17   47   73  103   47   17   73  103                       -0.00581880508650719878                                                    
op     17   48   73  104   48   17   73  104                       -0.00413323501716143273                                                    
op      8   52   73  108   52    8   73  108                        0.00652479167972174964                                                    
op     26   52   73  108   52   26   73  108                        0.00267535798514963652                                                    
op      8   52   64  108   52    8   64  108                       -0.00543009140371497005                                                    
op      8   34   64   90   34    8   64   90                       -0.00739596945355179818                                                    
a_ia    8   34                                                     -0.00106949589431216312                                                    
op     17   52   64  108   52   17   64  108                        0.00660809873357631750                                                    
a_ia    8   38                                                     -0.00145964812069164919                                                    
a_ia   17   26                                                     -0.13784299814901740389                                                    
a_ia    8   37                                                      0.00084251716034894374                                                    
op     22   51   78  107   51   22   78  107                       -0.00175294228158099524                                                    
om      8   33   64   89   33    8   64   89                       -0.00639083644813563580                                                    
a_ia   34   37                                                     -0.11409391300782316392                                                    
a_ia   73   82                                                     -0.12550325584399840695                                                    
op     22   52   73  108   52   22   73  108                        0.00508268807987587602                                                    
op     22   52   64  108   52   22   64  108                       -0.00310480517374746388                                                    
mvp2   22   44   73  100   44   22   73  100                       -0.00379502422912744546    0.50649009692130142479                          
op     17   52   78  108   52   17   78  108                        0.00464327687098282406                                                    
a_ia   17   44                                                      0.00104789173502889215                                                    
op     17   52   73  108   52   17   73  108                       -0.00487420899036913099                                                    
op     22   45   78  100   45   22   78  100                       -0.00687189238153620117                                                    
op     22   47   78  100   47   22   78  100                       -0.00417646910129470562                                                    
mvp2   73  100   78  101   73   78  100  101                       -0.00412151380512175598    0.24278741501966666361                          
op     22   44   78  101   44   22   78  101                       -0.00608604228680735462                                                    
a_ia   73  101                                                      0.00033896008380878724                                                    
mvp3   17   44   22   45   17   22   45   44   17   22   44   45   -0.00413567177008084246   -0.54004292486907923276    0.25081052308937623607
a_ia   22   45                                                      0.00128627148263068809                                                    
op     17   47   73  108   47   17   73  108                       -0.00295585963622264046                                                    
a_ia   17   45                                                      0.00076577326394535199                                                    
om     17   52   73  103   52   17   73  103                       -0.00295625075778481504                                                    
om     17   48   73  103   48   17   73  103                        0.00290796596010406937                                                    
op     22   43   78  100   43   22   78  100                        0.00544708320983871858                                                    
om     22   44   78  103   44   22   78  103                       -0.00401790134328266352                                                    
op     17   51   73  107   51   17   73  107                       -0.00348369039046569863                                                    
op     17   52   73  107   52   17   73  107                       -0.00349865304157158169                                                    
om     17   51   73  108   51   17   73  108                       -0.00349527906574286255                                                    
op      8   42   64   98   42    8   64   98                       -0.00241650516139374927                                                    
om     22   45   78   92   45   22   78   92                       -0.00414165466679972984                                                    
op     17   46   73  102   46   17   73  102                       -0.00227144547782434430                                                    
a_ia   20   33                                                      0.00181725035823700979                                                    
a_ia   20   40                                                      0.00121486617470918830                                                    
mvp2   20   44   78  100   44   20   78  100                        0.00382310127376115543    0.15989811552219135304                          
a_ia   20   44                                                     -0.00040960028655343070                                                    
mvp2   20   43   78  100   43   20   78  100                       -0.00425554018174336638   -0.33269174664320355639                          
a_ia   78  100                                                      0.00182492595468397231                                                    
op     17   47   73  104   47   17   73  104                        0.00290488527537989625                                                    
mvp2   27   28   80   93   28   27   80   93                       -0.01327615397253421869    0.06105301510408938509                          
a_ia   23   27                                                      0.14902294652760750271                                                    
a_ia   80   93                                                      0.00100413437731902374                                                    
a_ia   27   28                                                     -0.00632644711320081484                                                    
a_ia   76   95                                                      0.00134720534550060141                                                    
a_ia   76   90                                                      0.00263586750336001477                                                    
a_ia   76   94                                                     -0.00112319375409711004                                                    
mvp3   24   28   27   37   24   27   37   28   24   27   28   37    0.01240503447925584563    0.14394846798634133855   -0.02197507862074499912
a_ia   28   37                                                     -0.09020322665022549591                                                    
mvp3   25   28   27   37   25   27   37   28   25   27   28   37    0.00747057943728297955   -0.05230408831177299489   -0.08712311407718294209
a_ia   27   37                                                      0.00071373230960088477                                                    
mvp2   24   28   27   38   24   27   28   38                       -0.01112560662683738898    0.07298709397024089052                          
a_ia   28   38                                                     -0.05175155937184277438                                                    
mvp2   27   37   81   93   37   27   81   93                        0.00816335543688427763   -0.44712891321013803481                          
mvp2   25   37   81   93   37   25   81   93                       -0.00592912735828799928    0.04783863708657225267                          
mvp2   24   37   81   93   37   24   81   93                       -0.00719143279875184005    0.24415463096439554702                          
a_ia   23   37                                                     -0.00061538820423199896                                                    
mvp2   27   28   80   94   28   27   80   94                        0.01188651958360877926   -0.02231850035303212590                          
a_ia   76   96                                                      0.00122480902736123382                                                    
a_ia   76   89                                                      0.00201310320695743949                                                    
mvp2   22   44   76  100   44   22   76  100                        0.00612973898792444107   -0.43333499757031140875                          
a_ia   76   82                                                     -0.06435937166417958488                                                    
mvp2   20   44   76  100   44   20   76  100                       -0.00321386965749947918   -0.55757212333528538561                          
a_ia   76  100                                                     -0.00072505637869198171                                                    
a_ia   20   22                                                      0.15103383360005098734                                                    
mvp3   26   28   27   37   26   27   37   28   26   27   28   37   -0.01502514869472789012   -0.18437540470857807784    0.09008384514561094958
mvp2   26   37   81   93   37   26   81   93                        0.00807176366610842452   -0.06217378464452126552                          
a_ia   81   93                                                      0.00134133493462491112                                                    
a_ia   26   37                                                     -0.00117278125760738434                                                    
mvp3   26   28   27   39   26   27   39   28   26   27   28   39   -0.01126031841027761750   -0.23156364106353702348    0.06340088868653741272
a_ia   26   27                                                     -0.04111300747788990823                                                    
mvp2   27   28   82   95   28   27   82   95                        0.01445276218303730327   -0.05733413171944078124                          
a_ia   82   83                                                      0.08646152922391675544                                                    
