op     25   26   77   78   26   25   77   78                       -0.11320452754131871131                                                    
op     25   27   77   79   27   25   77   79                       -0.04944879940383833244                                                    
op     23   26   75   78   26   23   75   78                       -0.08290033446329854450                                                    
a_ia   75   78                                                     -0.01368931627270939325                                                    
a_ia   23   26                                                     -0.01447738827363437980                                                    
op     25   29   77   81   29   25   77   81                       -0.04127303912613970727                                                    
op     23   27   75   79   27   23   75   79                       -0.05968914316106134488                                                    
mvp2   25   27   75   78   27   25   75   78                       -0.07033686445521422637    0.12495911504935448832                          
mvp2   23   26   77   79   26   23   77   79                       -0.06995384902407282557    0.32706186945676496425                          
a_ia   75   76                                                     -0.62995169917499660439                                                    
op     23   29   77   81   29   23   77   81                       -0.01573133633371114753                                                    
op     23   29   75   81   29   23   75   81                       -0.00637898273522704944                                                    
op     25   29   75   81   29   25   75   81                       -0.01239053086249704456                                                    
a_ia   23   27                                                     -0.01751157306961458396                                                    
a_ia   26   27                                                     -0.33739055954058960740                                                    
mvp3   23   26   25   27   23   25   27   26   23   25   26   27   -0.05829492697292615322   -0.00862372917456264397   -0.30613701706683732473
a_ia   23   25                                                     -0.16473234147502741065                                                    
a_ia   25   26                                                     -0.04392707142982908014                                                    
a_ia   23   26                                                      0.00845869614176314281                                                    
a_ia   23   24                                                     -0.25623385397679038222                                                    
mvp2   25   29   75   79   29   25   75   79                       -0.00967015575916702411   -0.04354695260976671617                          
a_ia   77   81                                                      0.00422729989695397237                                                    
a_ia   74   76                                                     -0.45216647144768146172                                                    
mvp2   25   29   69   78   29   25   69   78                       -0.02452943772068852737    0.44522139406422472918                          
a_ia   69   78                                                     -0.01274773755701417467                                                    
mvp2   23   29   69   78   29   23   69   78                       -0.01288409980926919635    0.21294466965407971015                          
a_ia   24   26                                                      0.00574637362047223255                                                    
a_ia   24   29                                                     -0.00114015408184168056                                                    
mvp2   17   29   69   81   29   17   69   81                       -0.01616970368820233941    0.82980043027802985467                          
a_ia   17   25                                                      0.13265663285258033621                                                    
a_ia   17   29                                                     -0.00221297435167932925                                                    
a_ia   75   77                                                     -0.26762327758174175862                                                    
mvp2   25   29   69   81   29   25   69   81                        0.00525681952122408151   -0.43826186096459618380                          
mvp2   17   26   77   81   26   17   77   81                       -0.02230418665219599181   -0.46774827683080422158                          
a_ia   17   26                                                     -0.00166003926341310847                                                    
mvp2   17   26   75   81   26   17   75   81                       -0.01552477676084313904   -0.10234704600146257714                          
mvp2   17   27   75   81   27   17   75   81                       -0.00428436880007687735   -0.17480084483908092663                          
a_ia   25   29                                                     -0.00023042988305265247                                                    
mvp2   23   27   77   81   27   23   77   81                       -0.01148161176033025109    0.08888595313498769135                          
a_ia   77   78                                                     -0.02719097136470430970                                                    
mvp2   25   27   71   78   27   25   71   78                        0.00342152860500298962   -0.12807235098090996583                          
a_ia   17   23                                                      0.33124108493363813022                                                    
mvp2   25   29   76   81   29   25   76   81                        0.01191181295568504578   -0.17850070741504653338                          
mvp2   25   26   69   81   26   25   69   81                       -0.00981774185924585464   -0.04485569542567919427                          
a_ia   26   27                                                      0.12678622005384287963                                                    
mvp2   25   26   69   78   26   25   69   78                        0.02027033548885863110    0.09044505423016233059                          
a_ia   78   81                                                     -0.13765888808082402117                                                    
a_ia   17   27                                                     -0.00279309022696092295                                                    
mvp2   23   26   69   78   26   23   69   78                        0.00875255704736206848   -0.06148981097418212971                          
om     17   26   69   78   26   17   69   78                       -0.01094794504378659473                                                    
a_ia   69   81                                                     -0.00612756052984255936                                                    
a_ia   23   25                                                     -0.22867662379895567493                                                    
mvp2   23   26   69   81   26   23   69   81                       -0.00768602504471020947    0.02613759439265966183                          
mvp2   24   27   77   79   27   24   77   79                       -0.01055852393623446517   -0.12168018799475696645                          
mvp2   19   26   77   79   26   19   77   79                        0.00243575020208635761    0.01834730004320759070                          
a_ia   69   79                                                     -0.00538917250660063494                                                    
a_ia   19   26                                                     -0.00012930337824479374                                                    
a_ia   19   23                                                      0.43214162801540600967                                                    
a_ia   78   79                                                     -0.11469654115175290099                                                    
mvp2   19   27   77   79   27   19   77   79                       -0.01567251836976863918   -0.15946835435563128103                          
mvp2   23   27   77   79   27   23   77   79                        0.01687605592553219000    0.18730676501564441638                          
mvp2   19   26   77   81   26   19   77   81                       -0.00871155131382088908   -0.27750059068858456968                          
a_ia   69   78                                                      0.01894510849812579972                                                    
mvp2   22   26   77   79   26   22   77   79                        0.00683904885327081720    0.18865862075548622823                          
a_ia   22   25                                                     -0.05392082224174945398                                                    
a_ia   22   26                                                      0.00117400240850092205                                                    
mvp2   23   29   69   79   29   23   69   79                       -0.00977966386304993281    0.45241341560147457779                          
a_ia   71   76                                                     -0.59934621024773093723                                                    
a_ia   71   81                                                     -0.00093086166059056234                                                    
a_ia   26   29                                                     -0.11074067750408904398                                                    
a_ia   17   24                                                      0.22496042739611496475                                                    
mvp2   25   26   75   79   26   25   75   79                       -0.03904861159750149663    0.04849190713642304723                          
mvp2   25   26   71   79   26   25   71   79                        0.02257062467698358471   -0.05003916128087492615                          
mvp2   25   26   76   79   26   25   76   79                        0.02476433485427880291   -0.00384493393646821160                          
a_ia   76   79                                                      0.00635320277817654454                                                    
a_ia   76   77                                                      0.05608570730641396218                                                    
a_ia   74   81                                                     -0.00038760008539065211                                                    
mvp2   25   26   74   79   26   25   74   79                        0.01679868505416855923   -0.01434611210010448140                          
a_ia   74   79                                                      0.00159652779366181458                                                    
mvp2   25   27   66   79   27   25   66   79                        0.00945620209129040441   -0.01511454258231304665                          
a_ia   79   81                                                     -0.26573526933901198133                                                    
mvp2   19   27   71   79   27   19   71   79                       -0.00678479722698215309    0.14484115522861523706                          
mvp2   14   27   77   79   27   14   77   79                        0.00448159813336977859    0.03116236330737889165                          
a_ia   66   77                                                      0.11863008512943207240                                                    
a_ia   14   27                                                     -0.00200578634153826931                                                    
a_ia   69   75                                                      0.17280982065697955696                                                    
a_ia   14   25                                                      0.12817169505822842424                                                    
a_ia   66   79                                                     -0.00189768700689689680                                                    
mvp2   25   29   71   78   29   25   71   78                       -0.01271148269660974869    0.06294504556429185438                          
op     25   29   76   78   29   25   76   78                       -0.01270246508415522578                                                    
mvp2   22   27   77   79   27   22   77   79                       -0.00437718136100112738   -0.11862717141594890380                          
op     17   32   69   84   32   17   69   84                       -0.00387954301898313673                                                    
op     11   27   63   79   27   11   63   79                       -0.00916897970799183427                                                    
a_ia   11   27                                                     -0.00282276732151592489                                                    
mvp2   11   27   77   79   27   11   77   79                        0.01123283563526662927   -0.01814905094541103756                          
op     11   27   66   79   27   11   66   79                       -0.00624481525357570375                                                    
op     17   31   69   83   31   17   69   83                       -0.00284250029274017929                                                    
op     17   30   69   82   30   17   69   82                       -0.00198083732283755014                                                    
op     17   33   69   85   33   17   69   85                       -0.00254168272451855450                                                    
op     23   32   75   84   32   23   75   84                       -0.00289338765340375762                                                    
a_ia   23   24                                                     -0.12947704804456952599                                                    
op     23   30   75   82   30   23   75   82                       -0.00346167841562657584                                                    
mvp2   25   27   63   79   27   25   63   79                        0.01079810092906458886    0.01774111562225097818                          
a_ia   63   79                                                     -0.00187264155842485928                                                    
op     24   29   76   81   29   24   76   81                       -0.00496054469865257752                                                    
a_ia   14   19                                                      0.24210188438404212086                                                    
op     21   32   73   84   32   21   73   84                       -0.00472790807333361030                                                    
op     20   32   72   84   32   20   72   84                       -0.00462368399558215921                                                    
op     25   32   77   84   32   25   77   84                       -0.00586702575131274520                                                    
a_ia   19   25                                                     -0.07878832966437897267                                                    
op     12   32   64   84   32   12   64   84                       -0.00710280712102299983                                                    
a_ia   64   84                                                      0.00232960320968568502                                                    
a_ia   12   32                                                      0.00220102375287842137                                                    
op     16   32   68   84   32   16   68   84                       -0.00507635651194689435                                                    
op      9   32   61   84   32    9   61   84                       -0.00696570211460049819                                                    
op     13   32   65   84   32   13   65   84                       -0.00377696512891655036                                                    
op      6   32   58   84   32    6   58   84                       -0.00647961211662596587                                                    
op      5   32   57   84   32    5   57   84                       -0.00496469527398590502                                                    
op      3   32   55   84   32    3   55   84                       -0.00576014578635127526                                                    
a_ia   55   84                                                      0.00171649825892160887                                                    
a_ia    3   32                                                      0.00145936454721098323                                                    
op      6   32   57   84   32    6   57   84                        0.00364793188765947336                                                    
op      5   32   58   84   32    5   58   84                        0.00369687374203742612                                                    
op      9   32   58   84   32    9   58   84                        0.00393470102832948511                                                    
op      9   32   60   84   32    9   60   84                        0.00292978360108977001                                                    
op      8   32   60   84   32    8   60   84                       -0.00322528157941711930                                                    
op     10   32   62   84   32   10   62   84                       -0.00289210297816947957                                                    
op      6   32   61   84   32    6   61   84                        0.00400263000927514410                                                    
a_ia   73   78                                                     -0.00135334918338078061                                                    
a_ia   69   82                                                      0.00081743191389101937                                                    
op      6   32   59   84   32    6   59   84                        0.00239074552951883254                                                    
op      8   32   61   84   32    8   61   84                        0.00296127629813613697                                                    
op      8   32   59   84   32    8   59   84                       -0.00191823988277336653                                                    
a_ia   19   22                                                      0.31106142815507342725                                                    
a_ia   19   25                                                     -0.01921805300808972564                                                    
op     14   27   63   79   27   14   63   79                       -0.00635170075595339109                                                    
op     14   27   66   79   27   14   66   79                       -0.00524854026111145136                                                    
op     13   32   62   84   32   13   62   84                       -0.00253007876455577964                                                    
a_ia   62   84                                                      0.00078987844782856767                                                    
op      5   32   61   84   32    5   61   84                       -0.00242713713358282427                                                    
a_ia    5   32                                                      0.00054653734807745590                                                    
op     12   31   64   83   31   12   64   83                       -0.01035563249255703165                                                    
a_ia   64   83                                                     -0.00376371883203666449                                                    
a_ia   12   31                                                     -0.00356033683146431829                                                    
op     12   28   64   80   28   12   64   80                       -0.00750991767190851284                                                    
op     12   30   64   82   30   12   64   82                       -0.00933103693447347692                                                    
a_ia   12   30                                                     -0.00265710730273965336                                                    
a_ia   64   82                                                     -0.00260794697520389668                                                    
op     12   33   64   85   33   12   64   85                       -0.00681046352047129117                                                    
a_ia   12   33                                                      0.00085152485365941062                                                    
op     12   38   64   90   38   12   64   90                       -0.00647228424742752207                                                    
a_ia   12   38                                                     -0.00193789728317443058                                                    
a_ia   64   90                                                     -0.00202640923859999074                                                    
a_ia   64   87                                                      0.00209733874762325608                                                    
a_ia   64   88                                                     -0.00134855591532128619                                                    
a_ia   64   89                                                      0.00179714935201693042                                                    
a_ia   64   91                                                      0.00141878784522022662                                                    
a_ia   12   35                                                      0.00202884749950008264                                                    
a_ia   12   36                                                     -0.00134368489568314066                                                    
a_ia   12   37                                                      0.00174418566349031725                                                    
a_ia   12   39                                                      0.00139199132390494017                                                    
a_ia   17   38                                                      0.00080649056940975241                                                    
op     12   37   64   89   37   12   64   89                       -0.00307381505901640779                                                    
op     12   44   64   96   44   12   64   96                       -0.00340731567917040758                                                    
a_ia   12   40                                                     -0.00071326481106891604                                                    
a_ia   12   44                                                      0.00056932483405895424                                                    
a_ia   64   92                                                     -0.00072066249494831330                                                    
op     12   42   64   94   42   12   64   94                       -0.00236363539065019600                                                    
a_ia   12   42                                                     -0.00062513802545630559                                                    
a_ia   64   96                                                      0.00056775089952153333                                                    
op     12   41   64   93   41   12   64   93                       -0.00177330823961435236                                                    
a_ia   64   93                                                      0.00059824889683587760                                                    
a_ia   12   41                                                      0.00056837280560927985                                                    
a_ia   28   29                                                      0.08493191382014886326                                                    
a_ia   64   94                                                     -0.00064864646228303565                                                    
op     12   46   64   98   46   12   64   98                       -0.00210898244927463629                                                    
op     12   49   64  101   49   12   64  101                       -0.00277685963107163810                                                    
a_ia   12   49                                                     -0.00109538095563741400                                                    
a_ia   64  101                                                     -0.00109721471657186088                                                    
op     12   50   64  102   50   12   64  102                       -0.00205093761654581708                                                    
a_ia   12   47                                                     -0.00032522261354637686                                                    
op     12   51   64  103   51   12   64  103                       -0.00164551556888629935                                                    
op     13   31   65   83   31   13   65   83                       -0.00918676902649870862                                                    
a_ia   65   83                                                      0.00341084280619642112                                                    
a_ia   13   31                                                      0.00322808004461606771                                                    
a_ia   13   27                                                      0.00078064734150073457                                                    
op     16   31   68   83   31   16   68   83                       -0.00474823760072565042                                                    
a_ia   68   83                                                     -0.00118286553372010388                                                    
a_ia   16   31                                                     -0.00113957860258581678                                                    
a_ia   11   31                                                      0.00149822440928285808                                                    
op     13   30   65   82   30   13   65   82                       -0.00991121314781425421                                                    
a_ia   65   82                                                      0.00227942392017808264                                                    
a_ia   13   30                                                      0.00225724380595871332                                                    
om     13   28   65   80   28   13   65   80                       -0.01013663988752879636                                                    
a_ia   65   80                                                     -0.00222200625424246291                                                    
a_ia   13   28                                                     -0.00220350290993351393                                                    
a_ia   26   30                                                     -0.03899220264339282871                                                    
a_ia   72   82                                                      0.00117451205255184586                                                    
a_ia   13   26                                                     -0.00351483892756398715                                                    
a_ia   23   33                                                     -0.00044246813855097463                                                    
om     25   30   77   82   30   25   77   82                       -0.00649674284809183527                                                    
a_ia   20   30                                                      0.00117431019878778313                                                    
a_ia   77   82                                                     -0.00123169727439029859                                                    
a_ia   25   30                                                     -0.00189650575736660253                                                    
om      9   30   61   82   30    9   61   82                       -0.00934332052290699940                                                    
a_ia   16   30                                                     -0.00178515441284644665                                                    
a_ia   61   82                                                      0.00157069192214674778                                                    
a_ia    9   30                                                      0.00131355202216094208                                                    
a_ia    9   31                                                     -0.00176146205890225340                                                    
op      0   30   52   82   30    0   52   82                       -0.00794778788180142484                                                    
om      5   30   57   82   30    5   57   82                       -0.00641964616087713560                                                    
om      3   30   55   82   30    3   55   82                       -0.00470588963090721492                                                    
a_ia   55   82                                                      0.00123820190812575512                                                    
a_ia    6   30                                                      0.00145602768876950794                                                    
a_ia    3   30                                                      0.00104841368662555979                                                    
a_ia   56   82                                                     -0.00148660473377003680                                                    
op      0   30   57   82   30    0   57   82                       -0.00389449199759024211                                                    
om      5   30   52   82   30    5   52   82                       -0.00373820668410953334                                                    
a_ia    5   30                                                      0.00065069770066828261                                                    
a_ia   57   82                                                      0.00042172075277798995                                                    
om      9   31   61   83   31    9   61   83                       -0.00345672610814244316                                                    
a_ia   61   83                                                     -0.00176984953748499162                                                    
op      8   30   57   82   30    8   57   82                        0.00422295397484370814                                                    
a_ia    8   30                                                     -0.00074452709314121656                                                    
om      9   33   61   85   33    9   61   85                       -0.00926701768021213901                                                    
a_ia    9   33                                                      0.00242407109446213589                                                    
a_ia   61   85                                                     -0.00167947331270910266                                                    
a_ia   65   85                                                     -0.00149657029011501363                                                    
a_ia   13   33                                                     -0.00149175188038540513                                                    
op     13   28   61   80   28   13   61   80                        0.00465943167431750582                                                    
a_ia    9   26                                                     -0.00052575714378557824                                                    
mvp2    9   33   77   81   33    9   77   81                        0.00838386390453359914    0.12969782558609754819                          
mvp2   61   81   77   85   61   77   81   85                       -0.00659169428512696061    0.17996845533475808177                          
a_ia   76   78                                                      0.00328882909333386413                                                    
op     13   34   65   86   34   13   65   86                       -0.00540933783537295241                                                    
a_ia   65   86                                                     -0.00297466987715711180                                                    
a_ia   13   34                                                     -0.00302873383025232786                                                    
a_ia   13   24                                                     -0.17191395723791927375                                                    
a_ia   61   85                                                      0.00414299228676950730                                                    
a_ia   24   34                                                     -0.00096231832483550147                                                    
om      3   30   57   82   30    3   57   82                        0.00259282201017953023                                                    
op      6   31   58   83   31    6   58   83                       -0.00495723255288027520                                                    
a_ia   63   83                                                      0.00156726446781938985                                                    
a_ia   70   83                                                     -0.00078521715499127974                                                    
a_ia   18   31                                                     -0.00075562850282892102                                                    
a_ia    6   31                                                     -0.00075684101592042509                                                    
op     10   31   62   83   31   10   62   83                       -0.00463062749332919434                                                    
a_ia   58   83                                                     -0.00083656330278280753                                                    
a_ia   10   31                                                      0.00070510577437176585                                                    
op      5   31   57   83   31    5   57   83                       -0.00518781968097824751                                                    
a_ia    5   31                                                      0.00174710987678960246                                                    
a_ia   57   83                                                      0.00204863253276762677                                                    
op      3   31   55   83   31    3   55   83                       -0.00523704336286530837                                                    
a_ia    3   31                                                      0.00055802715523550024                                                    
a_ia   57   84                                                      0.00051336554049828524                                                    
a_ia   52   83                                                     -0.00032024427674336820                                                    
op      8   31   60   83   31    8   60   83                       -0.00671448715189875128                                                    
a_ia    8   31                                                      0.00081355372539769098                                                    
a_ia    7   30                                                     -0.00159659591349776129                                                    
a_ia    4   30                                                     -0.00152194388623699416                                                    
a_ia   54   82                                                     -0.00076112369597745714                                                    
op      7   31   60   83   31    7   60   83                       -0.00511153947715784884                                                    
a_ia   55   83                                                      0.00055826250738701187                                                    
a_ia   60   83                                                      0.00080648361467269185                                                    
a_ia    4   31                                                     -0.00080718754196232973                                                    
om      4   30   52   82   30    4   52   82                       -0.00320224399391688327                                                    
op      8   31   59   83   31    8   59   83                       -0.00510915381470521904                                                    
a_ia   67   84                                                     -0.00080274046575911685                                                    
op      7   31   59   83   31    7   59   83                       -0.00445316004950973513                                                    
a_ia   69   90                                                      0.00077554431649277369                                                    
a_ia   23   38                                                     -0.00115694306458408907                                                    
a_ia   65   75                                                      0.12087753323095751234                                                    
a_ia   65   90                                                      0.00191485389190912641                                                    
a_ia   65   87                                                      0.00129842194273688716                                                    
a_ia   65   88                                                      0.00123657208477111354                                                    
a_ia   75   86                                                      0.00103257227864995233                                                    
a_ia   69   87                                                     -0.00087189307785973981                                                    
a_ia   69   89                                                     -0.00197802776736673552                                                    
a_ia   69   92                                                     -0.00172019053192272496                                                    
a_ia   69   91                                                      0.00090884547899509839                                                    
a_ia   69   93                                                      0.00136240064802545984                                                    
a_ia   59   83                                                     -0.00027339911435573914                                                    
a_ia    0   32                                                      0.00013163927366926544                                                    
a_ia   69   96                                                     -0.00040611867915567388                                                    
a_ia   75   90                                                     -0.00116253596460693396                                                    
a_ia   13   38                                                      0.00179683977747222652                                                    
a_ia   13   35                                                      0.00125674381391516600                                                    
a_ia   13   36                                                      0.00120377380557573133                                                    
op     13   35   65   87   35   13   65   87                       -0.00323352568281391186                                                    
op     13   45   65   97   45   13   65   97                       -0.00524605978180789356                                                    
a_ia   65   97                                                      0.00089097900406632786                                                    
a_ia   13   45                                                      0.00084496108815064897                                                    
op     13   44   65   96   44   13   65   96                       -0.00319718260004589472                                                    
a_ia   65   96                                                     -0.00029149742093672676                                                    
a_ia   13   44                                                     -0.00029168945256628336                                                    
a_ia   75   89                                                      0.00243229326324724939                                                    
a_ia   75   91                                                     -0.00249770226403741311                                                    
a_ia   75   92                                                      0.00072262869353627562                                                    
a_ia   23   37                                                      0.00237002069601680541                                                    
a_ia   23   39                                                     -0.00240779825064105918                                                    
