op     24   28   80   84   28   24   80   84                       -0.03950853449797028794                                                    
op     24   28   80   85   28   24   80   85                        0.03056897940580902487                                                    
op     24   29   80   85   29   24   80   85                       -0.02714617424033171494                                                    
op     24   29   80   84   29   24   80   84                        0.02940609759410778984                                                    
op     25   28   81   84   28   25   81   84                       -0.01023595972267478740                                                    
op     21   31   77   87   31   21   77   87                       -0.02209175684356125616                                                    
op     24   31   77   87   31   24   77   87                       -0.00880181170896338419                                                    
op     24   31   80   87   31   24   80   87                       -0.00255419271640572060                                                    
op     21   31   80   87   31   21   80   87                       -0.00356178411989494827                                                    
op     21   34   77   90   34   21   77   90                       -0.01248006238889621047                                                    
op     21   36   77   92   36   21   77   92                       -0.00980245251469302227                                                    
a_ia   21   36                                                     -0.00175742029734610129                                                    
op     21   35   77   91   35   21   77   91                       -0.00826046831196489660                                                    
a_ia   77   92                                                     -0.00284348391387235534                                                    
op     21   33   77   89   33   21   77   89                       -0.00883534970189977717                                                    
op     21   40   77   96   40   21   77   96                       -0.00478914076826389076                                                    
op     21   44   77  100   44   21   77  100                       -0.01480079252302177878                                                    
op     21   39   77   95   39   21   77   95                       -0.00610024712096052680                                                    
op     21   43   77   99   43   21   77   99                       -0.00275682594007926451                                                    
op     21   43   77  100   43   21   77  100                        0.00697380121822053275                                                    
op     21   41   77   97   41   21   77   97                       -0.00486902367554113789                                                    
op     21   51   77  107   51   21   77  107                       -0.00943535125239782640                                                    
op     21   46   77  102   46   21   77  102                       -0.00574908697174872797                                                    
a_ia   77  101                                                      0.00069038397235761156                                                    
op     21   46   77  107   46   21   77  107                        0.00290059216284645595                                                    
op     20   34   76   90   34   20   76   90                       -0.01246937840164308309                                                    
a_ia   76   90                                                     -0.00141429142457551713                                                    
a_ia   20   34                                                     -0.00206327129304910342                                                    
op     21   51   77  102   51   21   77  102                        0.00286499936038056829                                                    
om     20   34   79   90   34   20   79   90                        0.00626907895071469531                                                    
op     19   34   75   90   34   19   75   90                       -0.00679512864999070026                                                    
op     19   28   75   84   28   19   75   84                       -0.00421863915726852518                                                    
op     16   34   72   90   34   16   72   90                       -0.00845260173723158537                                                    
a_ia   72   90                                                      0.00230666062177042799                                                    
a_ia   16   34                                                      0.00226726952674196182                                                    
mvp2   24   28   75   84   28   24   75   84                       -0.00438081298648105438   -0.12091559836321322252                          
om     24   28   75   85   28   24   75   85                        0.00741114697025269109                                                    
op     14   34   70   90   34   14   70   90                       -0.00647217270946906422                                                    
a_ia   73   90                                                     -0.00137087580644544940                                                    
op     13   34   69   90   34   13   69   90                       -0.00635255779427129023                                                    
a_ia   17   34                                                     -0.00134872180885646986                                                    
op      8   34   64   90   34    8   64   90                       -0.00808853111007208463                                                    
mvp2   19   28   80   84   28   19   80   84                       -0.02022838658157110822    0.08098025427317566416                          
mvp2   19   28   80   85   28   19   80   85                        0.01524566790645604832   -0.04415892485665323663                          
a_ia   19   28                                                     -0.00224661910791476224                                                    
a_ia   75   84                                                     -0.00125678638867808188                                                    
mvp2   19   29   80   84   29   19   80   84                        0.01752330386450999880    0.01627384825014218869                          
op     14   29   70   85   29   14   70   85                       -0.01517567841614857194                                                    
op     25   29   81   85   29   25   81   85                       -0.00636579591891972552                                                    
mvp2   14   29   75   85   29   14   75   85                        0.00654740168436294089    0.23534697297014248174                          
om     19   29   75   85   29   19   75   85                       -0.00789054917450865249                                                    
op     25   28   81   85   28   25   81   85                        0.00735629379230023483                                                    
mvp2   19   29   70   85   29   19   70   85                        0.00963551239190671774   -0.24184622211173378847                          
op     20   37   76   93   37   20   76   93                       -0.01104037491415332632                                                    
a_ia   20   37                                                      0.00229191650727842127                                                    
om     19   37   75   93   37   19   75   93                       -0.01384933130177129143                                                    
a_ia   20   36                                                     -0.00094613358976657178                                                    
a_ia   75   93                                                      0.00160863803850740551                                                    
a_ia   19   37                                                      0.00111258105307991944                                                    
op     19   30   75   86   30   19   75   86                       -0.01111473137981515771                                                    
op     19   35   75   91   35   19   75   91                       -0.01144239058033990654                                                    
a_ia   19   35                                                      0.00439703587392590699                                                    
a_ia   75   91                                                      0.00400534446732758991                                                    
op     19   40   75   96   40   19   75   96                       -0.00694727162318240204                                                    
op     19   33   75   89   33   19   75   89                       -0.00792308938349540158                                                    
om     19   43   75   99   43   19   75   99                       -0.02149359672431354687                                                    
op     20   33   76   89   33   20   76   89                       -0.00550252920109800189                                                    
op     19   32   75   88   32   19   75   88                       -0.00345239996380951536                                                    
om     19   36   75   92   36   19   75   92                       -0.00967351397234861993                                                    
op     20   40   76   96   40   20   76   96                       -0.00242853217142180184                                                    
op     21   44   77  102   44   21   77  102                       -0.00495189487099276671                                                    
op     21   51   77   95   51   21   77   95                        0.00482913616987413509                                                    
op     21   44   77   95   44   21   77   95                        0.00306921191829903888                                                    
om     19   43   75   96   43   19   75   96                       -0.01169902366302497110                                                    
a_ia   19   43                                                      0.00141066970850014942                                                    
op     19   40   75   99   40   19   75   99                       -0.01067935925018844573                                                    
a_ia   75   99                                                      0.00242037553076043278                                                    
op     21   49   77  105   49   21   77  105                       -0.00289877504619185777                                                    
op     21   50   77  106   50   21   77  106                       -0.00392702339129087988                                                    
op     21   53   77  107   53   21   77  107                        0.00489810246175098694                                                    
op     21   53   77  109   53   21   77  109                       -0.00369282836952421071                                                    
op     21   51   77  109   51   21   77  109                        0.00499156671114108722                                                    
op     21   50   77  107   50   21   77  107                       -0.00340057818994516075                                                    
op     21   50   77  105   50   21   77  105                       -0.00157300871115948707                                                    
op     19   42   75   98   42   19   75   98                       -0.00368534814603405829                                                    
op     19   38   75   94   38   19   75   94                       -0.00317552475208654570                                                    
om     19   44   75  100   44   19   75  100                       -0.00613938637266309237                                                    
a_ia   19   42                                                      0.00121765329009927942                                                    
op     21   52   77  108   52   21   77  108                       -0.00322137038557854423                                                    
op     21   52   77  107   52   21   77  107                       -0.00297797520940971169                                                    
op     21   51   77  108   51   21   77  108                       -0.00298593511500574180                                                    
op     25   29   81   84   29   25   81   84                        0.00731203990615159668                                                    
a_ia   70   84                                                      0.00047439301897381030                                                    
a_ia   14   28                                                      0.00091910211355732509                                                    
a_ia   25   28                                                     -0.00127428432182463821                                                    
op     14   37   70   93   37   14   70   93                       -0.00486791097566195187                                                    
a_ia   14   37                                                      0.00155260360689845581                                                    
op     14   33   70   89   33   14   70   89                       -0.01294656012673471232                                                    
a_ia   14   33                                                     -0.00083625170752338177                                                    
op     14   30   70   86   30   14   70   86                       -0.00680042455461429309                                                    
op     13   37   69   93   37   13   69   93                       -0.00896484931503296542                                                    
a_ia   78   93                                                      0.00054527217934100469                                                    
op     13   31   69   87   31   13   69   87                       -0.00931889500221922719                                                    
a_ia   16   37                                                      0.00205456150092414146                                                    
a_ia   13   31                                                      0.00185875742009331186                                                    
om     16   37   72   93   37   16   72   93                       -0.00489376094358757400                                                    
a_ia   72   93                                                      0.00192338978409306778                                                    
om     20   44   76  100   44   20   76  100                       -0.00453893113823658143                                                    
a_ia   75   98                                                      0.00142726297010200643                                                    
op     20   38   76   94   38   20   76   94                       -0.00513211592965563245                                                    
a_ia   20   38                                                     -0.00095105974866780188                                                    
op     19   44   76  100   44   19   76  100                        0.00512217070171245084                                                    
a_ia   19   20                                                     -0.26432824318765663074                                                    
op     18   37   74   93   37   18   74   93                       -0.00295350792886332411                                                    
a_ia   18   37                                                      0.00115817916515455351                                                    
mvp2   19   43   76  100   43   19   76  100                        0.00628735965208780927   -0.17140657626924898915                          
a_ia   76  100                                                      0.00039805417326908762                                                    
a_ia   20   44                                                      0.00067746284618366447                                                    
a_ia   19   44                                                     -0.00052417485482823562                                                    
om     20   44   75  100   44   20   75  100                        0.00368153903197241924                                                    
om     19   43   76   99   43   19   76   99                        0.00085351448615822055                                                    
op     14   43   75   99   43   14   75   99                       -0.00525338618597356952                                                    
a_ia   14   32                                                     -0.00234786782095614118                                                    
a_ia   75   76                                                     -0.20577681951343210209                                                    
a_ia   14   43                                                      0.00080667426431501688                                                    
op     24   33   80   89   33   24   80   89                       -0.00494625683491127510                                                    
op     21   51   77  106   51   21   77  106                       -0.00347336569553409859                                                    
op      6   34   62   90   34    6   62   90                       -0.00497410815417498754                                                    
a_ia   62   90                                                     -0.00123880127652690889                                                    
a_ia    6   34                                                     -0.00121216107739500101                                                    
op      2   34   58   90   34    2   58   90                       -0.00561770722171222800                                                    
op      4   34   60   90   34    4   60   90                       -0.00423390579150930303                                                    
a_ia   60   90                                                      0.00132076522277651902                                                    
a_ia    4   34                                                      0.00134226612689330093                                                    
op     13   28   69   84   28   13   69   84                       -0.00437444640875023910                                                    
a_ia   84   87                                                     -0.20861825557310037516                                                    
mvp2   24   33   70   85   33   24   70   85                       -0.00822527665197360543   -0.11544444888074172073                          
a_ia   24   33                                                     -0.00080921910421929456                                                    
a_ia   70   80                                                      0.15778625049398714575                                                    
a_ia   80   89                                                     -0.00109364232737402538                                                    
om     13   33   69   89   33   13   69   89                       -0.00663661541870650285                                                    
a_ia   13   33                                                      0.00207183268099872140                                                    
a_ia   28   31                                                     -0.22572892942220523782                                                    
a_ia   69   89                                                      0.00199731604616088139                                                    
op     24   30   70   85   30   24   70   85                       -0.00652712996170898025                                                    
op      8   28   64   84   28    8   64   84                       -0.00775002707150527267                                                    
a_ia   64   84                                                      0.00134258342738711903                                                    
a_ia    8   28                                                      0.00123935816753154297                                                    
op     21   50   77  109   50   21   77  109                        0.00255940304928916782                                                    
op     20   44   77  100   44   20   77  100                        0.01067058933791359930                                                    
mvp3   75   96   77   99   75   77   99   96   75   77   96   99    0.01039754370121345750   -0.38326186125129646509    0.33018426058292854597
a_ia   75   77                                                     -0.19451832035457167214                                                    
a_ia   77   99                                                     -0.00084995164681037918                                                    
mvp2   19   44   77  100   44   19   77  100                       -0.00482990458576502881   -0.87148696722818974614                          
mvp2   75   99   77  100   75   77  100   99                       -0.00935265070555080756   -0.12901094487431954971                          
a_ia   76   96                                                      0.00083115458377811761                                                    
a_ia   14   36                                                      0.00204975388459508216                                                    
mvp3   76   99   77  100   76   77  100   99   76   77   99  100    0.00490825372302599022    0.09059941466822157841   -0.04237948915607800404
op     21   44   76  100   44   21   76  100                        0.01016276360248415112                                                    
a_ia   21   44                                                     -0.00090585847627565851                                                    
mvp3   19   40   21   43   19   21   43   40   19   21   40   43    0.00902279150783062873   -0.49372127064485749059    0.54251082765318070500
a_ia   19   21                                                     -0.16886954059019024244                                                    
op     20   41   76   97   41   20   76   97                       -0.00224355998570018944                                                    
mvp2   20   45   76  100   45   20   76  100                        0.00409611050371835265    0.63179525909484490764                          
mvp2   20   45   76  101   45   20   76  101                       -0.00432194675618384917    0.78773969076818128876                          
mvp2   20   44   76  101   44   20   76  101                        0.00424573310742186027   -0.27594674936748608829                          
mvp2   19   43   77   96   43   19   77   96                       -0.00495003673656556429    0.15958455495920520484                          
om     19   43   77  100   43   19   77  100                       -0.00815328236952418510                                                    
mvp2   19   40   77  100   40   19   77  100                       -0.00557432572348844253   -0.07486533912274889735                          
om     14   36   75   91   36   14   75   91                       -0.00500611997552336332                                                    
mvp2   14   43   77  100   43   14   77  100                       -0.00482621241786406786   -0.21601723717691398430                          
op     20   47   76  103   47   20   76  103                       -0.00435573685027631097                                                    
op     20   49   76  105   49   20   76  105                       -0.00312998059204427394                                                    
mvp2   14   41   77  100   41   14   77  100                        0.00367784607188475230    0.27876410073469926054                          
mvp2   14   43   77   99   43   14   77   99                        0.00311173743113066746    0.27172212403541734504                          
a_ia   74   93                                                      0.00094027351340718866                                                    
om     13   36   69   92   36   13   69   92                       -0.00802256756003104712                                                    
a_ia   69   92                                                      0.00248497792929058435                                                    
a_ia   13   36                                                      0.00338358349074036231                                                    
a_ia   69   80                                                      0.09936400411506904340                                                    
a_ia   80   92                                                     -0.00088852226120829879                                                    
op     24   36   80   92   36   24   80   92                       -0.00421398173624045174                                                    
om     13   35   69   91   35   13   69   91                       -0.00699490130913044995                                                    
a_ia   70   92                                                      0.00218277631139993490                                                    
mvp2   13   43   75   99   43   13   75   99                       -0.00721474541010671492   -0.41441457291869077117                          
mvp2   13   43   69   99   43   13   69   99                       -0.00447338077476585987    0.85218385950170982834                          
a_ia   13   43                                                      0.00084763835587124573                                                    
om     13   32   69   88   32   13   69   88                       -0.00950310775230355821                                                    
mvp2   13   41   77  100   41   13   77  100                       -0.00367504751761015122   -0.27910821461621676542                          
om     13   45   69  101   45   13   69  101                       -0.00542586906349772080                                                    
a_ia   19   45                                                      0.00071625623313490848                                                    
a_ia   13   45                                                     -0.00119522842994760270                                                    
a_ia   69  101                                                     -0.00096693389074034759                                                    
mvp2   13   41   69   97   41   13   69   97                       -0.00378040137056445333    0.70384866423138692237                          
op     13   47   69  103   47   13   69  103                       -0.00361556675488375204                                                    
a_ia   13   21                                                     -0.24856663328340530827                                                    
op     13   47   76  103   47   13   76  103                       -0.00342674357496049534                                                    
a_ia   76   94                                                     -0.00118517794439247778                                                    
om     13   51   69  107   51   13   69  107                       -0.00560815838167153750                                                    
om     13   39   69   95   39   13   69   95                       -0.00439798211267588939                                                    
om     13   53   69  109   53   13   69  109                       -0.00418092051109570685                                                    
op     13   48   69  104   48   13   69  104                       -0.00382902187898685352                                                    
op     13   49   69  105   49   13   69  105                       -0.00270606273013899740                                                    
op     13   52   69  108   52   13   69  108                       -0.00319224630759968936                                                    
om     21   51   69  109   51   21   69  109                        0.00449220834925549966                                                    
om     21   51   69  107   51   21   69  107                       -0.00367960435978140080                                                    
om     21   53   69  107   53   21   69  107                        0.00425704745168151415                                                    
op     21   39   69  107   39   21   69  107                        0.00368938045667049300                                                    
mvp2   19   43   70   99   43   19   70   99                       -0.00328749309655006422    0.37613211974246107960                          
om     14   43   70   99   43   14   70   99                       -0.00328522301371554984                                                    
om     14   35   70   91   35   14   70   91                       -0.00487841107318702765                                                    
op     14   36   70   92   36   14   70   92                       -0.00517819830571456668                                                    
mvp2   19   43   75   91   43   19   75   91                       -0.00569749568132865356    0.17687069977872857396                          
a_ia   19   43                                                      0.00089088421196873541                                                    
a_ia   14   35                                                     -0.00056446774501435557                                                    
mvp2   19   35   75   99   35   19   75   99                       -0.00529073821746594251   -0.14062801950061082357                          
mvp2   14   35   75   99   35   14   75   99                       -0.00466493564703123788   -0.28978076769216731812                          
mvp2   19   43   70   91   43   19   70   91                       -0.00324146124587791499    0.31966009198007117043                          
a_ia   70   75                                                     -0.17834129209883212153                                                    
op      8   31   64   87   31    8   64   87                       -0.00597926172042369686                                                    
a_ia    8   31                                                     -0.00102418656334932147                                                    
op      8   33   64   89   33    8   64   89                       -0.00550389520654088506                                                    
a_ia   64   87                                                     -0.00099001870570864241                                                    
om     16   33   72   89   33   16   72   89                       -0.00735703932301382240                                                    
om     16   31   72   87   31   16   72   87                       -0.00611199349137004667                                                    
op      2   28   58   84   28    2   58   84                       -0.00578188660543755249                                                    
op      6   28   62   84   28    6   62   84                       -0.00547391657865787910                                                    
a_ia    6   28                                                     -0.00118511470008605350                                                    
op      2   33   58   89   33    2   58   89                       -0.00767642448419477569                                                    
a_ia    2   33                                                      0.00162843639769679892                                                    
a_ia   58   89                                                      0.00157854970266600053                                                    
op      4   28   60   84   28    4   60   84                       -0.00647376979534199353                                                    
a_ia    4   28                                                     -0.00113569979835947315                                                    
a_ia   60   84                                                     -0.00123965667506005040                                                    
mvp2   14   35   75   91   35   14   75   91                       -0.00517091349233663421    0.24795734314308431889                          
a_ia   14   35                                                      0.00163434889628206537                                                    
mvp2   14   35   75   92   35   14   75   92                       -0.00544632138115516435    0.17132484043370288518                          
mvp2   19   35   75   92   35   19   75   92                       -0.00511557898977439869    0.52108276943452580543                          
a_ia   75   92                                                     -0.00073162345629038800                                                    
a_ia   70   88                                                     -0.00201467712472357466                                                    
op     14   47   70  103   47   14   70  103                       -0.00359306211877222659                                                    
om     14   32   70   88   32   14   70   88                       -0.00533841975906331097                                                    
mvp2   14   41   70   97   41   14   70   97                       -0.00446652994767723650    0.76924270063500266303                          
op     14   49   70  105   49   14   70  105                       -0.00659643559927440472                                                    
op     14   50   70  106   50   14   70  106                       -0.00584471866049487889                                                    
op     14   48   70  104   48   14   70  104                       -0.00341633845837013058                                                    
op     14   46   70  102   46   14   70  102                       -0.00439875313658576791                                                    
om     14   52   70  108   52   14   70  108                       -0.00346772270888013462                                                    
op     14   55   70  111   55   14   70  111                       -0.00222809296180138429                                                    
op     21   50   69  107   50   21   69  107                       -0.00308327615030851198                                                    
om     19   43   75   92   43   19   75   92                       -0.00348763947618585968                                                    
op     14   54   70  110   54   14   70  110                       -0.00134604250214955326                                                    
om      8   29   64   85   29    8   64   85                       -0.00460321219033433746                                                    
a_ia   81   85                                                      0.00115483384175353696                                                    
op      8   30   64   86   30    8   64   86                       -0.00519998090473728150                                                    
a_ia   25   29                                                      0.00104094240631601664                                                    
mvp2   19   43   80   99   43   19   80   99                       -0.00005062058024926122   -0.23414333379530308243                          
a_ia   75   80                                                     -0.27655162868134297582                                                    
a_ia   24   36                                                     -0.00154003439409809142                                                    
mvp2   19   35   80   92   35   19   80   92                        0.00364685067343377845   -0.09268767710540098959                          
a_ia   62   84                                                     -0.00114521908326428268                                                    
op     24   47   80  103   47   24   80  103                       -0.00381032330028443795                                                    
mvp2   24   43   75   99   43   24   75   99                        0.00365280876427098765    0.21843773596894131006                          
mvp2   24   43   80   99   43   24   80   99                       -0.00185856436220308767   -0.24612295566815087233                          
mvp2   76   96   77   97   76   77   96   97                       -0.00375578693644004541    0.35921488908456078448                          
a_ia   77   97                                                     -0.00068664156976769601                                                    
om     24   32   80   88   32   24   80   88                       -0.00635811295985152982                                                    
op     24   42   80   98   42   24   80   98                       -0.00657398745950475705                                                    
a_ia   77   80                                                      0.14354109281856539115                                                    
op     24   49   80  105   49   24   80  105                       -0.00393049928468736012                                                    
mvp2   21   44   69  100   44   21   69  100                       -0.00370775931492852177    0.24966249712495569568                          
op     21   51   69  106   51   21   69  106                       -0.00283154454401229232                                                    
mvp2   19   43   75   88   43   19   75   88                        0.00355668458247372079   -0.16692485191196354544                          
om      8   36   64   92   36    8   64   92                       -0.00398473501259673842                                                    
a_ia    8   36                                                     -0.00094617196142166807                                                    
a_ia   79   92                                                      0.00076730605559628792                                                    
a_ia   64   92                                                     -0.00081475340689868747                                                    
om     16   36   72   92   36   16   72   92                       -0.00675767279647902265                                                    
om      8   32   64   88   32    8   64   88                       -0.00606682325886014236                                                    
a_ia    8   35                                                      0.00085631968716901844                                                    
op      8   47   64  103   47    8   64  103                       -0.00219689121195088856                                                    
om     21   51   64  107   51   21   64  107                        0.00533948317668981286                                                    
a_ia   64  101                                                      0.00084152243849845124                                                    
op      8   51   64  107   51    8   64  107                       -0.00530222732112054732                                                    
op      8   49   64  105   49    8   64  105                       -0.00358761113813673219                                                    
op      8   51   77  107   51    8   77  107                        0.00532828217291729175                                                    
op     24   51   77  107   51   24   77  107                       -0.00294178521665936551                                                    
om      8   50   64  106   50    8   64  106                       -0.00404648477951956992                                                    
a_ia    8   40                                                     -0.00074168168476542015                                                    
om      8   53   64  109   53    8   64  109                       -0.00392309889687880286                                                    
a_ia    8   45                                                      0.00087085314305776658                                                    
om     21   53   64  109   53   21   64  109                        0.00229736090502505406                                                    
op     24   50   80  106   50   24   80  106                       -0.00362146752373828902                                                    
om     24   49   80  106   49   24   80  106                        0.00261835392327831960                                                    
op     24   50   80  105   50   24   80  105                        0.00263275811229968151                                                    
a_ia   24   50                                                      0.00046466979935047120                                                    
om     24   51   80  107   51   24   80  107                       -0.00232309118822241530                                                    
mvp2   21   40   64  106   40   21   64  106                        0.00273015336697169471   -0.26709023479236748688                          
op     21   51   64  106   51   21   64  106                        0.00307115567995140887                                                    
om     21   51   64  109   51   21   64  109                       -0.00253862971405509948                                                    
