op     24   27   76   79   27   24   76   79                       -0.11114728353316714882                                                    
op     25   26   77   78   26   25   77   78                       -0.04856545463028005827                                                    
op     24   26   76   78   26   24   76   78                       -0.03319428833182010846                                                    
op     24   27   76   78   27   24   76   78                        0.03977715762318500409                                                    
op     22   26   74   78   26   22   74   78                       -0.06318045764403271147                                                    
a_ia   22   26                                                     -0.02055497315298211725                                                    
a_ia   77   78                                                     -0.01062407954861313217                                                    
a_ia   74   78                                                     -0.01472535805029765235                                                    
op     25   29   77   81   29   25   77   81                       -0.02785708740022373175                                                    
mvp2   24   27   74   78   27   24   74   78                       -0.02678394732053570107    0.05339217943312699749                          
a_ia   24   27                                                      0.00074728771110258438                                                    
op     25   29   76   81   29   25   76   81                        0.01362525870123067195                                                    
op     21   26   73   78   26   21   73   78                       -0.00450237006654145497                                                    
mvp2   24   27   73   78   27   24   73   78                       -0.04493419025592877702    0.26926824123230358454                          
op     25   29   74   81   29   25   74   81                        0.01351233303912278451                                                    
mvp2   22   26   73   78   26   22   73   78                       -0.03295196943661294481   -1.14767525888875532303                          
a_ia   73   78                                                     -0.02474583861407214647                                                    
op     24   29   77   81   29   24   77   81                        0.01529055520974908350                                                    
a_ia   24   29                                                      0.00128883372861562646                                                    
a_ia   24   25                                                     -0.06427421307539690765                                                    
mvp2   24   26   76   79   26   24   76   79                        0.03279595027768796023    0.57820174608544194772                          
a_ia   26   27                                                     -0.07147939415829250576                                                    
a_ia   21   22                                                     -0.43288787397994227257                                                    
mvp2   24   27   73   79   27   24   73   79                        0.04330310723609688550   -0.01426888496836725695                          
a_ia   24   26                                                     -0.01384326765208396433                                                    
mvp2   21   27   73   79   27   21   73   79                       -0.01763720781937049703    0.30843581134935171839                          
mvp2   21   27   76   79   27   21   76   79                        0.01161072256117201551   -0.07943723700988213066                          
a_ia   25   26                                                     -0.00944624736044171950                                                    
mvp2   22   27   74   79   27   22   74   79                       -0.01437781223536982629   -0.01933631027841006128                          
a_ia   74   79                                                     -0.01179389365166676369                                                    
mvp2   24   26   73   79   26   24   73   79                       -0.01329393028834759995   -0.04443502787161536516                          
om     24   29   76   81   29   24   76   81                       -0.00562357215388446102                                                    
om     25   26   77   81   26   25   77   81                        0.01720113164983995760                                                    
mvp2   24   29   76   79   29   24   76   79                        0.01740098493825349701    0.00211690538462690116                          
a_ia   26   29                                                     -0.12073386051667574226                                                    
mvp2   24   27   65   79   27   24   65   79                       -0.01762653456101143448    0.02286867760809460637                          
a_ia   21   24                                                      0.19004866773086179221                                                    
a_ia   78   79                                                      0.29279149632112250190                                                    
a_ia   65   78                                                      0.01123750541490004320                                                    
a_ia   65   79                                                      0.00388642610769196831                                                    
op     13   27   65   79   27   13   65   79                       -0.01204657709075959877                                                    
mvp2   13   27   76   79   27   13   76   79                       -0.01747859392524672012   -0.25508234104423921362                          
a_ia   75   76                                                     -0.12819878290156269673                                                    
a_ia   76   78                                                     -0.01375995342966071684                                                    
a_ia   74   81                                                      0.01613175898300303959                                                    
a_ia   22   29                                                      0.01288253351432503378                                                    
mvp3   22   26   25   29   22   25   29   26   22   25   26   29    0.02536860605718082098   -0.25475846858297573894   -0.16193330780432285687
mvp2   22   29   74   81   29   22   74   81                       -0.01045267490100197649    0.39124480709571002324                          
a_ia   22   26                                                     -0.01036938896693269559                                                    
mvp2   13   27   65   78   27   13   65   78                        0.00808512808734185816   -0.41440990142672612384                          
a_ia   23   24                                                     -0.15764672886245065242                                                    
mvp2   24   27   74   79   27   24   74   79                        0.02387105637424794327    0.20594528065194736555                          
mvp2   22   26   77   81   26   22   77   81                        0.01961320404895255248   -0.22372717563124963625                          
a_ia   73   81                                                      0.00204364065174552408                                                    
mvp2   13   26   76   79   26   13   76   79                        0.00182944238743122287    0.11200714467058008050                          
a_ia   13   24                                                     -0.16618463361609769890                                                    
a_ia   13   26                                                     -0.00210198736238174488                                                    
mvp2   21   29   77   81   29   21   77   81                        0.00707858129157207510    0.18111703559694594667                          
a_ia   22   23                                                      0.13979593890072661289                                                    
op     25   30   77   82   30   25   77   82                       -0.00429657448499137177                                                    
mvp2   24   27   76   81   27   24   76   81                       -0.00389862202843212690    0.05492600895637395758                          
a_ia   79   81                                                     -0.17412072960944099953                                                    
a_ia   76   81                                                      0.00228935634186747681                                                    
op     14   30   66   82   30   14   66   82                       -0.01300138086130782702                                                    
a_ia   66   82                                                      0.00236100870591051401                                                    
a_ia   14   30                                                      0.00220286181883463852                                                    
op     14   31   66   83   31   14   66   83                       -0.00851774745860941346                                                    
a_ia   14   31                                                     -0.00516352654021295238                                                    
a_ia   66   83                                                     -0.01646205016777612870                                                    
op     14   34   66   86   34   14   66   86                       -0.00551297353128672209                                                    
a_ia   14   34                                                     -0.00965502707488081514                                                    
a_ia   66   86                                                     -0.00712466619963493791                                                    
op     14   33   66   85   33   14   66   85                       -0.00434915373894588682                                                    
a_ia   66   85                                                     -0.00191652930851962796                                                    
a_ia   14   33                                                     -0.00132186945703460334                                                    
op     14   32   66   84   32   14   66   84                       -0.00467163754739328713                                                    
a_ia   79   81                                                     -0.06642789610536788125                                                    
op     14   38   66   90   38   14   66   90                       -0.00548971969256920132                                                    
a_ia   14   38                                                     -0.00256062193156349031                                                    
a_ia   66   90                                                     -0.00252154339231566021                                                    
op     14   28   66   80   28   14   66   80                       -0.00460757839573346269                                                    
op     25   32   77   84   32   25   77   84                       -0.00491225126937718665                                                    
a_ia   66   80                                                      0.00128881016511270849                                                    
a_ia   25   32                                                     -0.00071025162205074258                                                    
op     25   41   77   93   41   25   77   93                       -0.00631352737827582840                                                    
a_ia   25   41                                                      0.00281624663941971304                                                    
op     25   29   77   93   29   25   77   93                       -0.00962930185018956615                                                    
a_ia   66   93                                                      0.00060888736006059724                                                    
a_ia   77   93                                                      0.00226805299446470937                                                    
mvp2   25   29   77   80   29   25   77   80                        0.00832280344933416204   -0.11220430505976798641                          
op     12   30   64   82   30   12   64   82                       -0.00631432221822741425                                                    
a_ia   18   30                                                      0.00125884153631527595                                                    
a_ia   64   82                                                      0.00136463271105978718                                                    
op      9   30   61   82   30    9   61   82                       -0.00706359483972895767                                                    
a_ia   61   82                                                     -0.00222779298898002171                                                    
a_ia   68   82                                                     -0.00191076529680933669                                                    
a_ia    9   30                                                     -0.00216166500089975348                                                    
a_ia   16   30                                                     -0.00203683458314207842                                                    
op      0   30   52   82   30    0   52   82                       -0.00801016968307778111                                                    
op      8   30   60   82   30    8   60   82                       -0.00637727406926057172                                                    
op      8   30   52   82   30    8   52   82                       -0.00374012228092972937                                                    
op      5   30   57   82   30    5   57   82                       -0.00645270876960839148                                                    
a_ia   14   28                                                      0.00083885641503559662                                                    
op      8   30   57   82   30    8   57   82                       -0.00557721460019366521                                                    
a_ia   65   78                                                     -0.01426317921359617109                                                    
op      0   30   57   82   30    0   57   82                       -0.00321464268143033206                                                    
a_ia   75   78                                                     -0.00096861702218169730                                                    
op      5   30   60   82   30    5   60   82                       -0.00557479341906849668                                                    
op      0   30   56   82   30    0   56   82                        0.00331534978292851107                                                    
a_ia   56   82                                                      0.00149759239226374108                                                    
op      6   30   58   82   30    6   58   82                       -0.00349684434402728695                                                    
a_ia    4   30                                                      0.00148310677095572405                                                    
op      2   30   54   82   30    2   54   82                       -0.00428965143081632468                                                    
op      2   30   55   82   30    2   55   82                        0.00320243412947167046                                                    
a_ia    2   30                                                     -0.00069111517951336713                                                    
a_ia   54   82                                                     -0.00065113412768955201                                                    
a_ia   13   27                                                      0.00004524148959585551                                                    
a_ia   26   27                                                      0.37675691783711234839                                                    
a_ia    6   30                                                     -0.00101159455320609876                                                    
a_ia   22   27                                                     -0.00425019534052482710                                                    
om     12   31   64   83   31   12   64   83                       -0.00874967588086024255                                                    
a_ia   12   31                                                     -0.00312062327013242369                                                    
a_ia   64   83                                                     -0.00389443528747135002                                                    
mvp2   12   31   76   79   31   12   76   79                       -0.01219522734319330830   -0.10884090114415369277                          
mvp2   64   79   76   83   64   76   79   83                        0.00964081243225740556   -0.17106393396360275450                          
a_ia   64   76                                                      0.02658343324357003226                                                    
a_ia   23   27                                                     -0.00060797192572527509                                                    
op      5   30   52   82   30    5   52   82                       -0.00320858242799166270                                                    
a_ia   58   82                                                     -0.00096976161046832701                                                    
om      0   30   60   82   30    0   60   82                       -0.00374153352871037107                                                    
a_ia   25   29                                                      0.01379688607906292240                                                    
op     12   28   64   80   28   12   64   80                       -0.00981351715441111834                                                    
a_ia   27   28                                                     -0.21107993719247816755                                                    
a_ia   64   80                                                      0.00493002665171193150                                                    
a_ia   14   29                                                      0.00040374653614927316                                                    
om     12   32   64   84   32   12   64   84                       -0.00698565176518452235                                                    
a_ia   12   32                                                      0.00237258795687844345                                                    
a_ia   64   84                                                      0.00164349022364738561                                                    
a_ia   12   28                                                     -0.00306734666927626146                                                    
mvp2   25   29   66   86   29   25   66   86                       -0.01094747828404406265    0.16883246591831996275                          
mvp2   22   26   64   80   26   22   64   80                        0.01199722326968604910   -0.19571817823522377755                          
a_ia   73   84                                                      0.00055816483406148838                                                    
mvp2   12   26   22   28   12   22   26   28                       -0.01102961625256235027    0.19595066223729654120                          
a_ia   12   34                                                     -0.00170281085908384998                                                    
a_ia   64   80                                                     -0.00821865185655790143                                                    
a_ia   12   33                                                      0.00151299562586465312                                                    
om     12   33   64   85   33   12   64   85                       -0.00442778103798262702                                                    
a_ia   64   85                                                      0.00138651779024260842                                                    
a_ia   64   86                                                     -0.00178714571518397516                                                    
op     14   33   64   85   33   14   64   85                       -0.00279434370454809252                                                    
mvp2   25   41   66   86   41   25   66   86                       -0.00446066626351617965   -0.27278935570881546191                          
mvp2   66   86   77   93   66   77   93   86                       -0.00288351666353341574    0.14620090478594352512                          
mvp2   14   29   25   34   14   25   29   34                        0.00906017431860042625   -0.17532387352825465343                          
a_ia   64   93                                                      0.00129141287656966584                                                    
a_ia   64   90                                                     -0.00171142942030560021                                                    
a_ia   64   88                                                     -0.00228203336322135896                                                    
a_ia   64   89                                                     -0.00153375953326950125                                                    
om      4   30   52   82   30    4   52   82                        0.00331530715398891968                                                    
a_ia   52   82                                                     -0.00049287031960241589                                                    
op     20   31   72   83   31   20   72   83                       -0.00261257932269700916                                                    
a_ia   76   83                                                      0.00093961980281223015                                                    
a_ia   65   71                                                     -0.33516209687878201207                                                    
a_ia   72   83                                                     -0.00102721007459529974                                                    
a_ia   20   31                                                     -0.00118984410595918480                                                    
a_ia   72   76                                                      0.07781094847254611813                                                    
op     12   44   64   96   44   12   64   96                       -0.00484404345355659953                                                    
a_ia   12   36                                                     -0.00224735288429043188                                                    
a_ia   12   44                                                      0.00120023490025821314                                                    
a_ia   12   37                                                     -0.00156786009682425404                                                    
a_ia   64   96                                                      0.00151169866097165253                                                    
a_ia   21   33                                                     -0.00052926830604946306                                                    
op     12   40   64   92   40   12   64   92                       -0.00293984427852323621                                                    
a_ia   12   40                                                      0.00026032818069698325                                                    
op     12   35   64   87   35   12   64   87                       -0.00283366027515709286                                                    
a_ia   64   87                                                      0.00035985357874734414                                                    
op     12   36   64   88   36   12   64   88                       -0.00307880473901773685                                                    
a_ia   12   35                                                      0.00034759284014008362                                                    
a_ia   12   38                                                     -0.00144672593205413488                                                    
op     12   38   64   90   38   12   64   90                       -0.00312009871493706091                                                    
a_ia   22   28                                                     -0.00037610017188156831                                                    
a_ia   12   41                                                      0.00111106525914204729                                                    
mvp2   14   29   25   33   14   25   29   33                        0.00664806005730719362   -0.17389028897793948336                          
a_ia   21   34                                                     -0.00043173533607233721                                                    
mvp2   25   29   66   85   29   25   66   85                       -0.00542121641307880681    0.20682574900876879442                          
a_ia   77   86                                                      0.00053735116957546070                                                    
op      9   33   61   85   33    9   61   85                       -0.01044425672535421665                                                    
a_ia    9   33                                                      0.00150376411394913191                                                    
a_ia   61   83                                                     -0.00175176553106146451                                                    
op      9   31   61   83   31    9   61   83                       -0.00519951514464655692                                                    
a_ia    9   31                                                     -0.00195090835756773660                                                    
a_ia   21   29                                                      0.00213474163860637124                                                    
a_ia   14   21                                                     -0.10226519199047365283                                                    
om      9   32   61   84   32    9   61   84                       -0.00629506294075357284                                                    
a_ia    9   32                                                     -0.00116457747166072022                                                    
a_ia   61   84                                                     -0.00165685667785307137                                                    
mvp2   22   26   61   80   26   22   61   80                       -0.00640091490952301306    0.14921569276936225146                          
a_ia   61   80                                                      0.00090729448058653032                                                    
op      9   34   61   86   34    9   61   86                       -0.00546119508735372784                                                    
a_ia    9   26                                                     -0.00088798849505546454                                                    
mvp2   25   29   61   88   29   25   61   88                        0.00931607608216655607   -0.27029704409742399962                          
a_ia   61   88                                                      0.00079131032440216261                                                    
a_ia   66   88                                                     -0.00064029413871132120                                                    
a_ia   26   34                                                     -0.04219001211768986376                                                    
mvp2    9   36   61   88   36    9   61   88                       -0.00551638886669410852   -0.79369968625312314892                          
a_ia   61   90                                                      0.00184450462016841061                                                    
a_ia   61   93                                                     -0.00121827987222549632                                                    
a_ia   61   87                                                     -0.00301792424901858088                                                    
a_ia   61   92                                                     -0.00268883842551400753                                                    
a_ia   61   89                                                     -0.00176177571286996134                                                    
a_ia   61   91                                                      0.00130456125221882014                                                    
a_ia   61   94                                                      0.00127107537425423956                                                    
op      9   40   61   92   40    9   61   92                       -0.00558519785986782633                                                    
a_ia    9   40                                                     -0.00273428963312893729                                                    
a_ia    9   35                                                     -0.00295803485360542594                                                    
op      9   37   61   89   37    9   61   89                       -0.00452642456034554885                                                    
a_ia    9   37                                                     -0.00175286954231182283                                                    
op      9   37   61   92   37    9   61   92                       -0.00301537503964678091                                                    
op      9   39   61   92   39    9   61   92                        0.00335053630623031659                                                    
a_ia    9   39                                                      0.00132789154983559273                                                    
mvp2   14   26   22   34   14   22   26   34                        0.00834913498345658291   -0.16324126808984920634                          
a_ia   14   34                                                      0.00342603711120291476                                                    
op      9   35   61   87   35    9   61   87                       -0.00358348793287192489                                                    
op      9   35   61   92   35    9   61   92                       -0.00331588857868959789                                                    
op      9   40   61   87   40    9   61   87                       -0.00333088845083874584                                                    
a_ia   25   29                                                     -0.01668393523450263996                                                    
a_ia   22   34                                                      0.00071702587367942149                                                    
om      9   40   61   89   40    9   61   89                       -0.00299446632017441377                                                    
op      9   35   61   89   35    9   61   89                       -0.00306382708027208616                                                    
om      9   40   61   91   40    9   61   91                        0.00336073308285956282                                                    
op      9   39   61   91   39    9   61   91                       -0.00295896415457507682                                                    
om      9   35   61   91   35    9   61   91                        0.00248980503911374728                                                    
op      9   37   61   87   37    9   61   87                       -0.00308081482644169619                                                    
op      9   37   61   91   37    9   61   91                        0.00236750254003765138                                                    
op      9   39   61   87   39    9   61   87                        0.00244699748252609267                                                    
a_ia    9   38                                                      0.00183205085233781361                                                    
op      9   38   61   90   38    9   61   90                       -0.00334910636508482188                                                    
a_ia    9   42                                                      0.00135896031616784775                                                    
a_ia    9   43                                                      0.00073802501736484709                                                    
a_ia   28   29                                                      0.35102316167867286811                                                    
op      3   30   54   82   30    3   54   82                        0.00315382288362123274                                                    
om      3   30   55   82   30    3   55   82                       -0.00265436355813632044                                                    
a_ia    3   30                                                      0.00049172975988980667                                                    
om     20   33   72   85   33   20   72   85                       -0.00386004487042113662                                                    
mvp2   12   28   64   96   28   12   64   96                       -0.00504790596936604587    0.37488471836521436442                          
a_ia   64   96                                                     -0.00035554842084330808                                                    
a_ia   28   41                                                     -0.26796320854456956440                                                    
op      9   45   61   97   45    9   61   97                       -0.00232214523492752260                                                    
a_ia    9   45                                                      0.00037050706519711193                                                    
mvp2   22   26   66   86   26   22   66   86                       -0.00811651339865837422    0.14282428908537345147                          
a_ia   66   86                                                      0.00722486091793888858                                                    
a_ia   66   73                                                     -0.10034712524149259905                                                    
mvp2   25   26   66   86   26   25   66   86                        0.00643681902294371711   -0.10263183131873609977                          
mvp2   14   31   74   81   31   14   74   81                       -0.00961533532088631494   -0.31775352079168278641                          
a_ia   14   32                                                      0.00072238304532924790                                                    
a_ia   13   31                                                     -0.00062532495652234475                                                    
a_ia   14   31                                                     -0.00404385314641332160                                                    
mvp2   66   81   74   83   66   74   81   83                        0.00657484120731854135   -0.44381354492040064885                          
a_ia   66   83                                                      0.00271813101416631649                                                    
a_ia   74   81                                                     -0.02283901434369663141                                                    
op      9   42   61   94   42    9   61   94                       -0.00221607708444619429                                                    
op      9   42   61   92   42    9   61   92                        0.00207637471992867199                                                    
om      9   40   61   94   40    9   61   94                        0.00206416791743183883                                                    
op      0   33   52   82   33    0   52   82                       -0.00431231394704954113                                                    
a_ia    8   33                                                     -0.00118178642181809455                                                    
op      5   33   54   82   33    5   54   82                       -0.00328943144044823756                                                    
a_ia    5   33                                                     -0.00136537116910244796                                                    
a_ia   20   24                                                      0.08134655978957458511                                                    
a_ia   76   85                                                      0.00110879262949208557                                                    
om      5   33   57   85   33    5   57   85                       -0.00548684849946662247                                                    
a_ia   57   85                                                     -0.00137559972101406890                                                    
om      0   30   52   85   30    0   52   85                       -0.00428717574757414566                                                    
a_ia    0   30                                                     -0.00045610601776572369                                                    
a_ia   52   85                                                     -0.00035248310863040334                                                    
op      0   33   52   85   33    0   52   85                       -0.00226311098148188365                                                    
a_ia    7   30                                                     -0.00090742264909963934                                                    
om      6   33   58   85   33    6   58   85                       -0.00452284292617578798                                                    
a_ia   58   85                                                     -0.00095093530761748018                                                    
a_ia    6   33                                                     -0.00098422501263781942                                                    
a_ia   60   85                                                     -0.00115997592129185069                                                    
om      5   33   58   85   33    5   58   85                       -0.00358228592309204263                                                    
a_ia   60   82                                                     -0.00035797433130661902                                                    
om      2   33   54   85   33    2   54   85                       -0.00283997391182823139                                                    
op      6   33   57   85   33    6   57   85                       -0.00352728278572221133                                                    
om      2   30   57   85   30    2   57   85                       -0.00326449926088051524                                                    
a_ia   21   25                                                      0.08538150770802759026                                                    
mvp2   12   44   64   80   44   12   64   80                       -0.00480552402375559063   -0.37827049816466290499                          
a_ia   12   44                                                     -0.00012352456614064954                                                    
a_ia   27   34                                                      0.03011777967115030624                                                    
mvp2   14   26   25   34   14   25   26   34                       -0.00557544936629864388    0.09519403644688376187                          
a_ia   14   34                                                      0.00558056962899444210                                                    
op     20   32   72   84   32   20   72   84                       -0.00443724107685574201                                                    
a_ia   66   84                                                      0.00001191489342772002                                                    
mvp2   20   32   74   78   32   20   74   78                        0.00726137729875477467    0.15084960929234519922                          
a_ia   20   32                                                     -0.00078408651008872324                                                    
mvp2   72   78   74   84   72   74   78   84                       -0.00690931592932575011    0.17973323974463517594                          
a_ia   72   84                                                     -0.00120821674670050310                                                    
a_ia   65   76                                                     -0.16623001319251079488                                                    
a_ia   83   84                                                     -0.20090743902654162323                                                    
a_ia   71   79                                                      0.00264795944776292621                                                    
a_ia   71   76                                                      0.07853093271102969120                                                    
