op     25   26   77   78   26   25   77   78                       -0.13253101360519256580                                                    
op     23   27   75   79   27   23   75   79                       -0.09100243600734084226                                                    
op     25   27   77   79   27   25   77   79                       -0.00425120912254481776                                                    
op     23   26   75   78   26   23   75   78                       -0.09985321093717780538                                                    
a_ia   23   26                                                     -0.00090310781270467200                                                    
op     25   27   75   79   27   25   75   79                        0.02871814390905101308                                                    
mvp2   25   27   75   78   27   25   75   78                       -0.07154370274705430799   -0.70234005315935332803                          
mvp2   23   26   77   79   26   23   77   79                       -0.07410207837033776224    0.69515772129210806618                          
a_ia   75   77                                                     -0.16327234520320077493                                                    
a_ia   25   26                                                     -0.01722075691552569024                                                    
a_ia   23   25                                                     -0.13952265404360289502                                                    
mvp2   23   27   77   79   27   23   77   79                        0.02673510844979600301    0.31611519305929658419                          
a_ia   77   79                                                      0.00529416372431204801                                                    
mvp2   25   26   75   79   26   25   75   79                       -0.03316871131597315392   -0.03434955502732578436                          
op     15   34   67   86   34   15   67   86                       -0.02423921977007686274                                                    
a_ia   15   34                                                     -0.00234060400534462452                                                    
a_ia   67   86                                                     -0.00262795988716858992                                                    
op     15   33   67   85   33   15   67   85                       -0.01031941509973939401                                                    
mvp2   15   33   75   79   33   15   75   79                       -0.01719027865164397470   -0.10341691962939189575                          
a_ia   75   79                                                     -0.00991766322074193879                                                    
mvp2   67   79   75   85   67   75   79   85                        0.01314633462436251392   -0.09821737644513299503                          
mvp2   23   41   75   79   41   23   75   79                        0.03137920147508258678   -0.02904851168828670449                          
a_ia   76   77                                                      0.08179608503482033166                                                    
a_ia   74   77                                                     -0.13108928935522173864                                                    
mvp2   23   41   75   93   41   23   75   93                       -0.01118173655774677006   -1.08925930618895594471                          
a_ia   79   93                                                     -0.23496151603298331967                                                    
op     23   38   75   90   38   23   75   90                       -0.01027916003482207130                                                    
a_ia   23   32                                                     -0.00264492576488089106                                                    
a_ia   23   38                                                     -0.00418096473411030695                                                    
a_ia   75   90                                                     -0.00552422889913503634                                                    
a_ia   75   84                                                     -0.00556533621736002466                                                    
op     23   39   75   91   39   23   75   91                       -0.01226636387964317315                                                    
a_ia   23   36                                                     -0.00530203866423722189                                                    
a_ia   23   39                                                     -0.00554062424156298930                                                    
a_ia   75   91                                                     -0.00640666294872769496                                                    
a_ia   75   88                                                     -0.00533282727121305120                                                    
a_ia   75   89                                                     -0.00544376218078121248                                                    
a_ia   23   37                                                     -0.00691453249874950104                                                    
op     15   29   67   81   29   15   67   81                       -0.00716226392408618288                                                    
op     23   37   75   89   37   23   75   89                       -0.00547017698890056667                                                    
op     16   28   68   80   28   16   68   80                       -0.02830745014204371843                                                    
a_ia   16   28                                                      0.00107864115798946263                                                    
op     15   30   67   82   30   15   67   82                       -0.00545701729789994754                                                    
op     15   31   67   83   31   15   67   83                       -0.00649622855308594656                                                    
a_ia   67   83                                                     -0.00336934333031196475                                                    
a_ia   15   31                                                      0.01410143279952994107                                                    
a_ia   78   90                                                     -0.04210370922868421351                                                    
a_ia   78   84                                                     -0.14222361331373173376                                                    
a_ia   78   91                                                      0.09520542039156967840                                                    
a_ia   75   89                                                     -0.00166510829451672763                                                    
a_ia   68   80                                                      0.00139278202272988434                                                    
mvp2   23   32   75   78   32   23   75   78                       -0.01848636805009728351   -0.06225006556613648517                          
mvp2   23   39   75   78   39   23   75   78                       -0.01313672304164666300   -0.10886621206201120560                          
a_ia   79   84                                                      0.16040721567683874360                                                    
op     15   35   67   87   35   15   67   87                       -0.00412113941412084548                                                    
op     15   42   67   94   42   15   67   94                       -0.01028179335074993345                                                    
op     15   40   67   92   40   15   67   92                       -0.00488477362349515765                                                    
mvp2   15   42   75   78   42   15   75   78                        0.01016114412303152810    0.07518399706593224818                          
mvp2   15   40   75   78   40   15   75   78                       -0.00986582777797388212   -0.10507215776885046876                          
a_ia   15   40                                                      0.00127991901397102575                                                    
mvp2   67   78   75   94   67   75   78   94                       -0.01236123787414339717    0.11172778736828364865                          
mvp2   67   78   75   92   67   75   78   92                        0.01097469001906806532   -0.10117336527910905652                          
mvp2   15   42   75   79   42   15   75   79                        0.01700205991798982297    0.19948537499034074694                          
mvp2   67   79   75   94   67   75   79   94                       -0.01084212393133296946    0.09373504025086822067                          
mvp2   15   42   75   93   42   15   75   93                       -0.01364405674923344775    0.07475527852131559625                          
a_ia   26   38                                                      0.13079877694568725621                                                    
a_ia   26   41                                                      0.04232168692932580800                                                    
op     25   30   77   82   30   25   77   82                       -0.00760609603705695095                                                    
op     16   33   68   85   33   16   68   85                       -0.00543666396551849111                                                    
a_ia   68   85                                                      0.00037231466582995421                                                    
op     16   30   68   82   30   16   68   82                       -0.00418567299371433443                                                    
a_ia   25   41                                                      0.00473355865633764278                                                    
op     16   29   68   81   29   16   68   81                       -0.00440179534876921404                                                    
op     16   31   68   83   31   16   68   83                       -0.00724027714911884557                                                    
a_ia   68   83                                                      0.00376735625425488009                                                    
a_ia   16   31                                                      0.00370433543440137686                                                    
op     16   44   68   96   44   16   68   96                       -0.00929398611885634551                                                    
mvp2   16   44   75   93   44   16   75   93                        0.01665355706468222424    0.29167579558677164675                          
mvp2   68   93   75   96   68   75   93   96                       -0.01211698494813891018    0.35951473386233145924                          
mvp2   16   44   75   79   44   16   75   79                       -0.01216420467498073067   -0.05290519095410603501                          
mvp2   16   36   75   79   36   16   75   79                        0.01009701641472104776    0.11193182345464915139                          
mvp2   68   79   75   96   68   75   79   96                        0.01113140380253948257   -0.01198002895891449836                          
a_ia   77   90                                                     -0.00390884190410313841                                                    
a_ia   77   84                                                      0.00289166953566594121                                                    
a_ia   77   93                                                      0.00322351210529076091                                                    
mvp2   15   26   25   31   15   25   26   31                       -0.00893857011821815560    0.08082827554103945433                          
a_ia   15   31                                                     -0.01894771034600081089                                                    
mvp2   16   36   75   78   36   16   75   78                       -0.01006504383377929135   -0.10388522668928353021                          
op     17   33   69   85   33   17   69   85                       -0.00668813472412263261                                                    
a_ia   69   85                                                     -0.00167446861766312196                                                    
a_ia   17   33                                                     -0.00151110481985438998                                                    
op     16   40   68   92   40   16   68   92                       -0.00382604818559760789                                                    
mvp2   16   36   68   88   36   16   68   88                       -0.00438180931791930153    0.79909005349380668459                          
mvp2   25   41   75   78   41   25   75   78                        0.01918059644254074825    0.13872745083419851797                          
a_ia   78   90                                                      0.14317476396847939046                                                    
om     25   41   75   90   41   25   75   90                        0.00413010299272667612                                                    
a_ia   78   84                                                      0.21144657194618596274                                                    
mvp2   15   35   75   78   35   15   75   78                        0.00992171881399405223    0.14566474300801554587                          
op     16   45   68   97   45   16   68   97                       -0.00674689303655766435                                                    
op     16   49   68  101   49   16   68  101                       -0.00649200418935551131                                                    
op     16   47   68   99   47   16   68   99                       -0.00419979584187961906                                                    
op     16   47   68  101   47   16   68  101                        0.00333523069551717620                                                    
op     16   49   68   99   49   16   68   99                        0.00332791798650646778                                                    
a_ia   77   88                                                      0.00313487542832863826                                                    
a_ia   75   78                                                     -0.00373504714113494750                                                    
a_ia   15   35                                                     -0.00005087208716255983                                                    
a_ia   67   92                                                      0.00143852590026446298                                                    
a_ia   67   94                                                      0.00069578505734391844                                                    
om     16   39   68   91   39   16   68   91                       -0.00478164410712856713                                                    
a_ia   68   91                                                     -0.00091300925207795671                                                    
a_ia   16   49                                                      0.00041002957833580504                                                    
op     16   49   68   91   49   16   68   91                        0.00385381294765778024                                                    
op     16   39   68  101   39   16   68  101                        0.00385711050184044547                                                    
a_ia   16   39                                                     -0.00076096182064563445                                                    
a_ia   68  101                                                      0.00042695579755808763                                                    
mvp2   16   45   68   96   45   16   68   96                       -0.00743789762737285479   -0.19576410730386639703                          
mvp2   16   47   68   96   47   16   68   96                       -0.00450432560583509563   -0.39987381573776265009                          
a_ia   68   96                                                      0.00102434568479074914                                                    
mvp2   16   44   68   97   44   16   68   97                       -0.00754467375354707110    0.16790032611362901149                          
a_ia   25   36                                                      0.00340945036187988116                                                    
op     25   36   77   88   36   25   77   88                       -0.00521984313547560735                                                    
a_ia   25   32                                                     -0.00694743871497962347                                                    
a_ia   77   78                                                     -0.02101509417287368911                                                    
mvp2   16   44   67   97   44   16   67   97                        0.00676062146673723705   -0.49209389850386281440                          
a_ia   16   44                                                     -0.00026460590402077187                                                    
a_ia   67   97                                                     -0.00163066883618639296                                                    
a_ia   67   94                                                     -0.00106715874178836675                                                    
mvp2   16   44   68   99   44   16   68   99                       -0.00442392099722378751    0.38385188458977631543                          
mvp2   15   42   77   78   42   15   77   78                        0.01882026145736785672   -0.01560341377831352648                          
a_ia   15   42                                                     -0.00128420992694216747                                                    
mvp2   67   79   77   87   67   77   79   87                       -0.00817512882636457945    0.15048655732203558566                          
om     15   36   67   88   36   15   67   88                       -0.00378089213950021878                                                    
a_ia   67   88                                                      0.00093003792657038594                                                    
op     17   31   69   83   31   17   69   83                       -0.00622477997449137621                                                    
a_ia   69   83                                                     -0.00079435515725349848                                                    
op     17   30   69   82   30   17   69   82                       -0.00663002128730196590                                                    
op     17   29   69   81   29   17   69   81                       -0.00680200716949769246                                                    
a_ia   69   82                                                      0.00312678997906278618                                                    
a_ia   17   30                                                      0.00322254378309825337                                                    
a_ia   74   75                                                     -0.11939083385797272241                                                    
a_ia   69   86                                                     -0.00004976816816515057                                                    
a_ia   17   34                                                     -0.00113959216975161644                                                    
mvp2   17   42   75   78   42   17   75   78                        0.01699939567047652547    0.26504845723782782807                          
a_ia   17   42                                                      0.00076163580683165832                                                    
mvp2   17   42   75   90   42   17   75   90                        0.00727322225386896077   -0.01218199262970535469                          
op     17   35   69   87   35   17   69   87                       -0.00568842000350853593                                                    
mvp2   17   42   69   94   42   17   69   94                       -0.00680632132782426659    0.67890486472617994629                          
mvp2   17   31   75   78   31   17   75   78                        0.01601374240680628752    0.21262833928406396633                          
a_ia   69   87                                                     -0.00146405597753959020                                                    
mvp2   69   78   75   83   69   75   78   83                       -0.01444803226289095334    0.22913364665294427835                          
a_ia   17   31                                                     -0.00081970967343018993                                                    
a_ia   74   78                                                     -0.00279592957400548198                                                    
om     25   37   77   89   37   25   77   89                       -0.00939460702290183768                                                    
a_ia   25   37                                                      0.00528094725478067163                                                    
a_ia   77   89                                                      0.00528324200874097805                                                    
mvp2   15   45   67   97   45   15   67   97                       -0.00368608970526137451   -0.85179342838934968274                          
op     15   44   67   96   44   15   67   96                       -0.00257359344787344525                                                    
om     23   37   77   89   37   23   77   89                        0.00588243079311050188                                                    
om     17   40   69   92   40   17   69   92                       -0.00694190674126123931                                                    
om     17   36   69   88   36   17   69   88                       -0.00523852637255427939                                                    
a_ia   17   36                                                     -0.00001087474492678637                                                    
a_ia   69   88                                                     -0.00032794324271030848                                                    
mvp2   25   32   77   84   32   25   77   84                       -0.00899687845713715954   -0.60736759012270302716                          
a_ia   77   84                                                     -0.00938059417116219978                                                    
op     16   37   68   89   37   16   68   89                       -0.00292927758333510037                                                    
om     15   47   67   99   47   15   67   99                       -0.00435497974562195841                                                    
op     15   43   67   95   43   15   67   95                       -0.00549268727656844653                                                    
a_ia   67   95                                                      0.00023391939067208422                                                    
op     15   46   67   98   46   15   67   98                       -0.00412603061520900542                                                    
a_ia   15   46                                                     -0.00142649014511021582                                                    
op     15   48   67  100   48   15   67  100                       -0.00315123968586018995                                                    
a_ia   15   48                                                      0.00018009366434645343                                                    
a_ia   67   98                                                     -0.00108710411917568514                                                    
a_ia   67  100                                                     -0.00015845184472807036                                                    
op     15   50   67  102   50   15   67  102                       -0.00259153238474999674                                                    
op     15   51   67  103   51   15   67  103                       -0.00235475028137257548                                                    
op     15   51   67  102   51   15   67  102                       -0.00105148714789483335                                                    
om     17   45   69   97   45   17   69   97                       -0.00268329926787789098                                                    
op     17   43   69   95   43   17   69   95                       -0.00387649730217880196                                                    
a_ia   67  102                                                     -0.00029745487963413078                                                    
a_ia   15   50                                                     -0.00014464845244137385                                                    
op     12   26   64   78   26   12   64   78                       -0.01919448632350548301                                                    
op     12   27   64   78   27   12   64   78                        0.00770932422877666952                                                    
op     19   26   71   78   26   19   71   78                       -0.01083871773400167660                                                    
a_ia   19   26                                                      0.00417611786218290062                                                    
a_ia   71   78                                                      0.00294628501758659308                                                    
a_ia   64   75                                                      0.21457660070453046797                                                    
a_ia   31   35                                                     -0.05842151874519711102                                                    
mvp2   16   44   68   80   44   16   68   80                        0.01375741201519705380   -0.48432715647484270161                          
a_ia   16   44                                                      0.00112377017106256478                                                    
op     16   45   68   80   45   16   68   80                        0.00946063871315598430                                                    
mvp2   16   28   68   96   28   16   68   96                        0.01377171435302686903    0.46483191575114696237                          
om     16   28   68   97   28   16   68   97                        0.00946336436839276089                                                    
a_ia   68   94                                                      0.00087157541691848344                                                    
a_ia   16   42                                                      0.00057464422317886387                                                    
a_ia   79   92                                                     -0.02349283543784786571                                                    
op     16   38   68   90   38   16   68   90                       -0.00542751612867502058                                                    
op      8   33   60   85   33    8   60   85                       -0.00629080122475894100                                                    
op     14   33   66   85   33   14   66   85                       -0.00197734431979788416                                                    
op      8   33   59   85   33    8   59   85                        0.00433419634606218955                                                    
a_ia    8   33                                                     -0.00065651666848629442                                                    
op      6   33   58   85   33    6   58   85                       -0.00422832572811926953                                                    
op      9   33   61   85   33    9   61   85                       -0.00266392087754482821                                                    
a_ia   61   85                                                     -0.00072931739149039072                                                    
a_ia    6   33                                                     -0.00060103325957288657                                                    
op      3   33   55   85   33    3   55   85                       -0.00343648107709893782                                                    
op      7   33   55   85   33    7   55   85                       -0.00223582848658475343                                                    
a_ia    9   33                                                     -0.00073660372836585554                                                    
op      3   33   54   85   33    3   54   85                       -0.00241617221904181795                                                    
a_ia   54   85                                                     -0.00079252096468359257                                                    
op      2   33   55   85   33    2   55   85                       -0.00241836365129669472                                                    
a_ia    2   33                                                     -0.00072788591758637662                                                    
om      2   33   54   85   33    2   54   85                       -0.00224898535945675365                                                    
op     12   27   71   78   27   12   71   78                        0.00723495173548777907                                                    
a_ia   12   27                                                      0.00080079572411897060                                                    
mvp2   16   30   75   78   30   16   75   78                        0.01155631096645490241    0.15587879539515339666                          
a_ia   68   90                                                     -0.00002956575855564459                                                    
mvp2   16   29   75   78   29   16   75   78                       -0.00742167316528127233   -0.07634267193466236223                          
a_ia   16   30                                                      0.00011605419341766297                                                    
a_ia   16   29                                                      0.00191329459090360779                                                    
a_ia   75   76                                                     -0.10169785015711040044                                                    
a_ia   76   78                                                      0.00235266602433798757                                                    
mvp2   68   78   75   82   68   75   78   82                       -0.00983496909132199754    0.16738514008464114302                          
mvp2   68   78   75   81   68   75   78   81                        0.00616290994557620701   -0.08300218863948206904                          
a_ia   68   81                                                      0.00193665803538308335                                                    
op     25   47   77   99   47   25   77   99                       -0.00209186944434271768                                                    
om     17   46   69   98   46   17   69   98                       -0.00306416400051408083                                                    
a_ia   69   99                                                     -0.00095561676510890305                                                    
a_ia   17   46                                                      0.00267407171626161608                                                    
a_ia   69   98                                                      0.00233171936175236754                                                    
mvp2   17   46   77   79   46   17   77   79                        0.00366065592765459991    0.06027026021238659353                          
om     17   46   69   95   46   17   69   95                        0.00174436128277049044                                                    
mvp2   69   79   77   98   69   77   79   98                       -0.00391053894801787153    0.08891614265639191661                          
mvp2   15   42   69   95   42   15   69   95                       -0.00554293746433570308    0.43736908383526440502                          
a_ia   69   95                                                      0.00118864932091322282                                                    
mvp3   15   42   17   43   15   17   43   42   15   17   42   43   -0.00226851973751617149    0.55217524386231731093   -0.41622968383607061860
a_ia   17   43                                                      0.00089730803230936914                                                    
mvp3   15   42   17   44   15   17   44   42   15   17   42   44   -0.00326676664026218002    0.21679479100988469087    0.38509373855970052691
mvp2   15   46   77   79   46   15   77   79                       -0.00539939566612380496   -0.07821447347698165520                          
a_ia   17   46                                                     -0.00136288247453448998                                                    
a_ia   69   98                                                     -0.00069905935330483095                                                    
a_ia   15   17                                                     -0.20439742397776231031                                                    
op     15   46   69   98   46   15   69   98                        0.00288878997561471586                                                    
a_ia   42   44                                                     -0.08567998626135983620                                                    
op     15   42   69   95   42   15   69   95                       -0.00285734723301889334                                                    
op     15   43   69   95   43   15   69   95                        0.00218127865860398475                                                    
mvp2   17   43   69   98   43   17   69   98                        0.00190437791235067836   -0.22631007754353152372                          
mvp2   17   42   67   95   42   17   67   95                       -0.00605403673501609361    0.43020224619247471320                          
mvp2   17   46   67   95   46   17   67   95                       -0.00165513814731828757    0.17789355224108885367                          
mvp2   67   79   77   98   67   77   79   98                        0.00399595704950244258   -0.07216356626489332793                          
op      7   33   59   85   33    7   59   85                       -0.00379673593778921681                                                    
a_ia    7   33                                                      0.00055131153313418434                                                    
a_ia   75   78                                                     -0.00460423177639185909                                                    
a_ia   42   46                                                      0.12966221082421600097                                                    
mvp2   15   45   69   97   45   15   69   97                        0.00316825927552067885   -0.78326671305585704452                          
a_ia   42   43                                                     -0.15998285189195365907                                                    
a_ia   88   94                                                     -0.26163882098601726200                                                    
a_ia   69   97                                                     -0.00070779474488201466                                                    
mvp2   15   42   69   97   42   15   69   97                        0.00312600604332021435   -0.24550141861748686622                          
op      3   33   59   85   33    3   59   85                       -0.00233175890754497295                                                    
om     15   34   60   86   34   15   60   86                       -0.01045299234549479199                                                    
a_ia   60   86                                                     -0.00235978844318377552                                                    
a_ia   60   68                                                     -0.41806918376820756400                                                    
a_ia   60   83                                                     -0.00331154108457106877                                                    
om     15   34   68   86   34   15   68   86                       -0.00664170333023153970                                                    
a_ia   15   30                                                     -0.00168920579163595280                                                    
a_ia   68   86                                                     -0.00137921573606334335                                                    
op     15   30   60   86   30   15   60   86                        0.00476102764417153310                                                    
mvp2   60   78   75   83   60   75   78   83                       -0.00802713269024185605    0.14036405986827144021                          
op      8   34   60   86   34    8   60   86                       -0.00615622712015092589                                                    
a_ia    8   34                                                     -0.00192584548968930454                                                    
a_ia    8   29                                                      0.00026339456922900987                                                    
a_ia    8   16                                                     -0.40198335694617348679                                                    
mvp2    8   31   60   83   31    8   60   83                       -0.00576224297041042464   -0.78803358229998099471                          
a_ia    8   31                                                     -0.00192642257500397120                                                    
a_ia   16   34                                                     -0.00115401216394264857                                                    
om     16   34   60   86   34   16   60   86                       -0.00398462068668115846                                                    
a_ia   60   82                                                      0.00078430960604769647                                                    
a_ia   81   83                                                     -0.34295207843278691096                                                    
mvp2    8   36   75   78   36    8   75   78                        0.00769811562832021720    0.10985151431234696506                          
a_ia   64   78                                                      0.00245070798329928737                                                    
a_ia    8   30                                                      0.00083214985812872001                                                    
mvp2   60   78   75   88   60   75   78   88                       -0.00795522759278972577    0.11364366321429593409                          
a_ia   93   94                                                     -0.09461768640521149576                                                    
a_ia   60   88                                                     -0.00092895110700806204                                                    
om     15   34   60   88   34   15   60   88                        0.00583744932120733827                                                    
mvp2   15   34   60   83   34   15   60   83                       -0.00449494595088652509    0.07421770314150072378                          
op     15   36   60   86   36   15   60   86                        0.00495042929166352591                                                    
a_ia   74   75                                                     -0.01516764648763314731                                                    
a_ia   43   46                                                     -0.22522654711730949462                                                    
op      8   34   67   86   34    8   67   86                       -0.00910201896007328294                                                    
a_ia    8   35                                                     -0.00090095637742059419                                                    
op      8   36   67   86   36    8   67   86                        0.00570634438799279189                                                    
om     15   36   67   86   36   15   67   86                        0.00644023564643507549                                                    
mvp2    8   34   75   78   34    8   75   78                       -0.00572445848637302863   -0.07503676415463932103                          
op     15   30   67   86   30   15   67   86                        0.00638303709996180298                                                    
op     15   34   67   88   34   15   67   88                        0.00627696596342709832                                                    
op      8   34   67   88   34    8   67   88                        0.00453499032845324553                                                    
om     15   34   67   82   34   15   67   82                        0.00622468983275157716                                                    
a_ia   67   82                                                     -0.00116767191129699653                                                    
