op     33   34  101  102   34   33  101  102                       -0.12892597459743415644                                                    
op     33   34  101  104   34   33  101  104                        0.03867707003755654904                                                    
a_ia   33   34                                                     -0.00663670377559160037                                                    
op     29   35   97  103   35   29   97  103                       -0.06808270418537484825                                                    
op     33   36  101  102   36   33  101  102                        0.01404772795311311565                                                    
a_ia   33   36                                                      0.00390682542481713638                                                    
a_ia  101  102                                                     -0.01046027219710632915                                                    
om     33   36  101  104   36   33  101  104                       -0.01250959399213480774                                                    
op     32   36  100  104   36   32  100  104                       -0.00385302096428529871                                                    
a_ia  101  104                                                      0.00235622504679630120                                                    
op     32   36  100  102   36   32  100  102                       -0.00018613962211727950                                                    
op     32   38  100  104   38   32  100  104                        0.00477666355653834536                                                    
op     32   38  100  106   38   32  100  106                       -0.06739158493911115433                                                    
op     32   36  100  106   36   32  100  106                       -0.04299714511552218260                                                    
a_ia  102  103                                                      0.17466299116710498618                                                    
op     32   37  100  106   37   32  100  106                        0.03444687337216632839                                                    
op     32   38  100  105   38   32  100  105                        0.01143697442900230843                                                    
op     32   37  100  105   37   32  100  105                       -0.00642870729812604694                                                    
op     32   36  100  105   36   32  100  105                        0.00759626645493064953                                                    
a_ia  104  106                                                     -0.83081538151892231348                                                    
a_ia   34   39                                                     -0.10880030132546250621                                                    
op     29   35   97  104   35   29   97  104                       -0.01122035077258696362                                                    
op     29   37   97  103   37   29   97  103                       -0.02439969102749925400                                                    
op     29   36   97  103   36   29   97  103                       -0.01372417655879342585                                                    
a_ia   34   38                                                     -0.05754067307845241175                                                    
op     30   36   98  104   36   30   98  104                       -0.00043838549103695384                                                    
op     30   36   98  102   36   30   98  102                        0.00378922384496262112                                                    
op     30   34   98  102   34   30   98  102                       -0.03286206748453053550                                                    
a_ia   98  102                                                      0.00150221212059659494                                                    
op     31   36   99  104   36   31   99  104                       -0.01347204269841004512                                                    
a_ia   35   36                                                      0.34866798223602846196                                                    
mvp2   30   34  101  102   34   30  101  102                        0.05955443144035699882   -0.10802028505429250860                          
op     29   34   97  102   34   29   97  102                       -0.00116900447026208835                                                    
a_ia   98  101                                                      0.21060044423421425686                                                    
a_ia   97  102                                                     -0.00117836171671904908                                                    
op     27   34   95  102   34   27   95  102                        0.01513431765869723868                                                    
a_ia   95  102                                                      0.00821639144203823064                                                    
om     30   34   98  104   34   30   98  104                        0.00684593173612639029                                                    
a_ia   97  101                                                     -0.04360178235030169602                                                    
a_ia   34   35                                                      0.31262814708770969574                                                    
op     29   44   97  112   44   29   97  112                       -0.03748400433849384539                                                    
a_ia   29   33                                                     -0.05121116093839105793                                                    
a_ia   35   36                                                     -0.49364076574943493991                                                    
op     29   44   97  107   44   29   97  107                        0.00642566703468580407                                                    
mvp2   30   36  101  102   36   30  101  102                       -0.00565189233094370077    0.01317144702167932259                          
a_ia  102  104                                                     -0.39738569909377563505                                                    
om     27   34   95  104   34   27   95  104                       -0.00617727604314607937                                                    
om     29   44   97  103   44   29   97  103                       -0.02221476888078732781                                                    
mvp2   27   34  101  104   34   27  101  104                        0.01590310505474090350    0.43849919404463388872                          
a_ia   95  101                                                     -0.21284022898047461059                                                    
op     31   34   99  102   34   31   99  102                       -0.00444438523429856701                                                    
op     31   34   99  104   34   31   99  104                       -0.00090228553756639750                                                    
op     29   35   97  105   35   29   97  105                       -0.01818925372043322247                                                    
a_ia   97  100                                                     -0.06826451327128293944                                                    
mvp2   29   35   97  112   35   29   97  112                       -0.02736700540987503649   -0.40099491310213553064                          
a_ia   35   38                                                      0.25390896296543674637                                                    
a_ia   29   38                                                      0.00331445381563767304                                                    
om     29   37   97  105   37   29   97  105                       -0.01009756650340654441                                                    
mvp2   27   36   95  102   36   27   95  102                       -0.00762957517049491808   -0.64076252836766989240                          
mvp2   27   34   95  106   34   27   95  106                        0.01768139195076676162   -0.27233640112771873021                          
a_ia   34   36                                                     -0.40068625618555542278                                                    
mvp2   27   36   95  104   36   27   95  104                       -0.01416831629083478358   -0.00172501194582582156                          
a_ia   27   36                                                     -0.00657205628918520156                                                    
op     27   36   95  106   36   27   95  106                        0.01941083573216254021                                                    
mvp2   27   34  101  106   34   27  101  106                       -0.01575035802968229731   -0.02947479885871286814                          
a_ia   30   34                                                      0.00251729705642454726                                                    
a_ia   32   34                                                      0.00207452669815067414                                                    
mvp2   32   36   99  104   36   32   99  104                        0.00057488240809805457   -0.04627593069428458106                          
mvp2   32   36   99  106   36   32   99  106                       -0.00103513541082249166    0.12690672819811629757                          
a_ia   32   36                                                      0.00136188781243192728                                                    
a_ia   98  100                                                      0.03224036445513909360                                                    
mvp2   31   36  100  106   36   31  100  106                        0.00217867535777183617    0.01506038983379432046                          
a_ia   31   32                                                      0.38996490995267441004                                                    
a_ia  100  101                                                      0.10428892747256805762                                                    
a_ia   95   99                                                      0.08235359990329835234                                                    
a_ia  102  104                                                     -0.03435204063867088042                                                    
mvp2   27   36  100  106   36   27  100  106                       -0.00675731231721342709   -0.18369399093878252538                          
a_ia  103  107                                                     -0.15348439194765572946                                                    
op     29   39   97  112   39   29   97  112                        0.01162481813240601181                                                    
mvp2   31   43   97  112   43   31   97  112                       -0.03364565394974917967   -0.73048810882867498684                          
a_ia   29   31                                                      0.04836500556829198549                                                    
a_ia   31   38                                                     -0.00182437717806461261                                                    
mvp2   31   43   99  111   43   31   99  111                       -0.01668444666619121886    0.77424993030347610823                          
om     31   39   99  107   39   31   99  107                       -0.01126306510814733056                                                    
a_ia   31   39                                                     -0.00146031872212296684                                                    
op     31   45   99  113   45   31   99  113                       -0.01064224167905689772                                                    
op     31   40   99  108   40   31   99  108                       -0.00731011340238950889                                                    
mvp2   31   45   99  111   45   31   99  111                        0.01145496366490720425    0.56688238074027341717                          
mvp2   31   43   99  113   43   31   99  113                        0.01296912696144641997   -0.67173447215733106397                          
op     31   41   99  109   41   31   99  109                       -0.00501174179412969961                                                    
mvp2   29   39   97  107   39   29   97  107                       -0.00516050172940173482    0.95434342200537569667                          
om     27   38   95  106   38   27   95  106                       -0.00873141474968179218                                                    
mvp2   27   38   95  102   38   27   95  102                        0.00911936286704996546    0.30400531220602389215                          
a_ia   96  104                                                     -0.00092464694438613472                                                    
mvp2   32   38   95  102   38   32   95  102                       -0.00068600109759336752    0.10969844086567009933                          
mvp2   27   34  100  106   34   27  100  106                       -0.01391137701287736839   -0.17540536236798592862                          
mvp2   32   38   95  104   38   32   95  104                       -0.00290788245976110861    0.18627524680131613000                          
mvp2   30   34   98  106   34   30   98  106                       -0.00809006383024350045    0.04732483409269353652                          
a_ia   98  101                                                      0.11991013695766486458                                                    
a_ia  103  111                                                     -0.05963981368914482439                                                    
a_ia   33   40                                                      0.00101063656268261630                                                    
mvp2   29   35   97  106   35   29   97  106                       -0.00166468581608100914    0.15786145285675939887                          
a_ia   97  106                                                      0.00185775203140905835                                                    
mvp2   29   44   97  105   44   29   97  105                       -0.00548329598076654351    0.15441105706057170477                          
mvp2   32   38   91  104   38   32   91  104                        0.01084506257002534196   -0.05092194022108825768                          
op     32   36   91  104   36   32   91  104                        0.00564923071316433909                                                    
a_ia  100  102                                                      0.00304557749112109111                                                    
mvp2   27   34  100  102   34   27  100  102                        0.00901603639005975691   -0.14915642175913446099                          
om     27   35   95  102   35   27   95  102                        0.00196930117504873865                                                    
a_ia   27   35                                                     -0.00452746543893538765                                                    
mvp2   25   34   95  102   34   25   95  102                        0.00243563528895835834   -0.00420263081627689303                          
a_ia   25   38                                                      0.00055773851107341981                                                    
a_ia   25   36                                                      0.00073935494196500698                                                    
a_ia   30   35                                                      0.00088684574336726101                                                    
mvp2   27   34   95  102   34   27   95  102                       -0.03571109603770976360    0.38380644595589108459                          
mvp2   27   34   93  102   34   27   93  102                        0.01349239950820775580   -0.27846746447131781599                          
a_ia   93  102                                                      0.00139005045177371164                                                    
a_ia   25   27                                                      0.45530409090407142347                                                    
a_ia   25   34                                                     -0.00084418137694059901                                                    
a_ia   95  100                                                     -0.12459437958015723291                                                    
mvp2   29   44   97  113   44   29   97  113                       -0.00255883993810119593   -0.06159026054694760610                          
a_ia   97  113                                                     -0.00143225641347446975                                                    
a_ia  105  106                                                      0.19067384905807560624                                                    
mvp2   29   44  100  113   44   29  100  113                        0.00323036045628196603   -0.17487840852492747556                          
a_ia  100  113                                                      0.00144658397204343401                                                    
a_ia   25   35                                                     -0.00066663955445202987                                                    
mvp2   25   34   95  102   34   25   95  102                       -0.00306060412189690205   -0.14765070123180473738                          
a_ia   31   33                                                     -0.14582220794193218039                                                    
mvp2   29   40   97  112   40   29   97  112                        0.00496908926133428352    0.18817516058277097835                          
om     29   45   97  103   45   29   97  103                        0.01214594464190164869                                                    
a_ia  100  112                                                      0.00087103300861113080                                                    
a_ia   29   45                                                     -0.00165529119316851908                                                    
mvp2   29   45   97  113   45   29   97  113                       -0.00331209615082887678    0.01734486262426053818                          
mvp2   29   45   97  112   45   29   97  112                        0.01039741114086424612    0.29680240602506069436                          
a_ia  112  113                                                     -0.24155831918326914343                                                    
a_ia  105  106                                                      0.14579871261284235717                                                    
op     29   43   97  111   43   29   97  111                       -0.00429164763879589378                                                    
mvp2   29   43   97  103   43   29   97  103                        0.01179319897737667565    0.18250559455740267278                          
a_ia   97  112                                                      0.00023748339315279041                                                    
a_ia   91  104                                                     -0.00146614408170754953                                                    
a_ia   97  103                                                      0.00577991043341690748                                                    
a_ia   27   34                                                      0.00065280868717362329                                                    
a_ia   99  111                                                     -0.00231478989468886969                                                    
mvp2   29   43   97  112   43   29   97  112                        0.00884346124138632450    0.33884424352133052372                          
a_ia   95  102                                                     -0.00555480022366396098                                                    
a_ia   97  107                                                     -0.00082655022409622498                                                    
op     31   47   99  115   47   31   99  115                       -0.00454686332541742819                                                    
op     31   46   99  114   46   31   99  114                       -0.00205782658690665133                                                    
op     31   42   99  110   42   31   99  110                       -0.00281879939081821924                                                    
a_ia   33   47                                                      0.00252139714960848997                                                    
a_ia  107  111                                                      0.48062751177872575781                                                    
om     27   37   95  105   37   27   95  105                       -0.00545913530062034150                                                    
a_ia   27   30                                                      0.10959270836279427774                                                    
a_ia   95  105                                                     -0.00068114797332187904                                                    
a_ia   27   37                                                     -0.00086056292568891944                                                    
mvp2   27   47   97  112   47   27   97  112                       -0.00665809414561596875   -0.27132091100027844188                          
a_ia   27   29                                                      0.23869150073611569707                                                    
a_ia   43   47                                                      0.35186298782566927112                                                    
a_ia   97  112                                                      0.00155969522532553150                                                    
a_ia   27   44                                                     -0.00259578771043987230                                                    
a_ia   29   44                                                      0.00142991526817286209                                                    
mvp2   27   44   97  112   44   27   97  112                       -0.00880698175202279838   -0.30276348101139205493                          
mvp2   29   44  100  111   44   29  100  111                       -0.00129234689448609261    0.02735378053670820681                          
mvp2   31   43   99  115   43   31   99  115                       -0.00504955785906878972    0.24062330444659518758                          
a_ia   33   43                                                      0.00183484303609865538                                                    
a_ia   31   43                                                     -0.00127088949044724302                                                    
a_ia  100  111                                                     -0.00011866767353992672                                                    
mvp2   29   44   95  113   44   29   95  113                       -0.00535263996423932051    0.32777738562118502452                          
mvp2   29   44   95  103   44   29   95  103                        0.00379804554814359725   -0.14529099079556806462                          
a_ia   95  103                                                     -0.00199926871023266631                                                    
a_ia   95  112                                                     -0.00201653389580087102                                                    
a_ia   95   97                                                      0.18943258367174548029                                                    
op     27   41   95  109   41   27   95  109                       -0.00441990008131301279                                                    
mvp2   31   43   95  115   43   31   95  115                       -0.00584356269615254192    0.39261904084533644221                          
mvp2   29   44   98  112   44   29   98  112                       -0.00127259489672495595    0.03452470247625698263                          
a_ia  103  112                                                     -0.00418806126923055005                                                    
mvp2   29   35   96  103   35   29   96  103                        0.00119147533276935634   -0.05466452991435369335                          
a_ia   29   35                                                      0.00304362926617506458                                                    
a_ia  103  105                                                      0.09794357349739445107                                                    
mvp2   29   35   93  103   35   29   93  103                       -0.00430971961743142201    0.10719106145187795587                          
a_ia   29   30                                                      0.19870314531644145406                                                    
a_ia   96  103                                                     -0.00038329864543598647                                                    
a_ia   25   29                                                     -0.17550185742388602073                                                    
a_ia   25   30                                                     -0.10445573537716888735                                                    
a_ia   96  101                                                     -0.07673599418463399047                                                    
a_ia   36   38                                                     -0.37370354962183549574                                                    
mvp2   32   38   88  104   38   32   88  104                       -0.00820671890046500291    0.05303522122971119496                          
a_ia   88  104                                                      0.00157742779262288720                                                    
om     32   36   88  104   36   32   88  104                       -0.00945625561836460279                                                    
mvp2   29   35   88  103   35   29   88  103                        0.00255717733972814394   -0.08656117192251956693                          
op     26   36   94  104   36   26   94  104                       -0.00297418929058659246                                                    
a_ia   88  103                                                     -0.00105618945788168626                                                    
a_ia   28   29                                                      0.22028594719501387589                                                    
mvp2   29   35   92  103   35   29   92  103                        0.00037733479900831389   -0.03921158656786610797                          
a_ia   93  103                                                      0.00124574888094009396                                                    
a_ia   29   34                                                     -0.00329004279979549716                                                    
a_ia   23   32                                                      0.25219497491329168071                                                    
a_ia   23   36                                                     -0.00099597993773889513                                                    
a_ia   23   38                                                     -0.00143411533031615628                                                    
op     16   36   84  104   36   16   84  104                       -0.00716954836925330456                                                    
a_ia   20   36                                                      0.00164797419208190417                                                    
op     16   34   84  102   34   16   84  102                       -0.01216689800140217763                                                    
a_ia   84  102                                                      0.00233100121567259705                                                    
op     19   36   87  104   36   19   87  104                       -0.00247312934916710855                                                    
a_ia   86  104                                                     -0.00125415890685939965                                                    
a_ia   29   32                                                     -0.13738057942279338630                                                    
op     17   36   85  104   36   17   85  104                       -0.00262537966625484400                                                    
a_ia  107  108                                                      0.48241734234246774760                                                    
mvp2   31   40   99  107   40   31   99  107                       -0.00960336684893053731   -0.56866986151726828247                          
mvp2   31   41   99  107   41   31   99  107                       -0.00601816291286253607   -0.67246928018492013734                          
mvp2   25   47   97  112   47   25   97  112                        0.00465004358539749824    0.17217598023626379256                          
a_ia   25   44                                                      0.00139946277796903725                                                    
a_ia   97   98                                                      0.15557055110291523325                                                    
a_ia   88  105                                                     -0.00186802344724767370                                                    
a_ia   28   30                                                      0.11326443229357176234                                                    
a_ia   88  106                                                      0.00224772852228722220                                                    
a_ia   88  101                                                     -0.02597881031801197588                                                    
a_ia   99  100                                                      0.35484304565011898225                                                    
mvp2   16   34  101  104   34   16  101  104                        0.01695095036997348523    0.11069441311145487850                          
a_ia   84  101                                                     -0.22289573828865666405                                                    
a_ia   16   34                                                      0.00112381883404582823                                                    
mvp2   16   34  101  102   34   16  101  102                       -0.01731489980623753672   -0.04578837880933356308                          
a_ia   90  104                                                      0.00114456821520384899                                                    
mvp2   16   36  101  104   36   16  101  104                       -0.01283059279711508578   -0.07138513825566307480                          
a_ia   22   36                                                      0.00139095721334272279                                                    
om     16   36  101  102   36   16  101  102                        0.01427385314469623023                                                    
a_ia  101  102                                                      0.00632610454237792115                                                    
op     17   34  101  102   34   17  101  102                       -0.00501161263881854009                                                    
a_ia   99  100                                                      0.05496890219712988884                                                    
a_ia   16   17                                                      0.35796891631149707624                                                    
op     17   36   84  102   36   17   84  102                        0.00511241419255836251                                                    
a_ia   85  101                                                     -0.13951199201525024685                                                    
a_ia   85  104                                                     -0.00118901429038992040                                                    
mvp2   32   45   97  112   45   32   97  112                        0.00653722053493366144    0.34784460633429148402                          
a_ia   32   45                                                      0.00218359769167775653                                                    
a_ia   32   44                                                      0.00160054102759474444                                                    
op     32   40  100  108   40   32  100  108                       -0.00898095303972105789                                                    
a_ia   27   32                                                     -0.13893351002782752812                                                    
a_ia  106  112                                                     -0.16552824070479688068                                                    
a_ia  106  113                                                     -0.07134236894419011821                                                    
op     32   46  100  114   46   32  100  114                       -0.00657596407218544697                                                    
op     32   54  100  122   54   32  100  122                       -0.00631320422835195908                                                    
a_ia  100  122                                                     -0.00159267540308629567                                                    
a_ia   32   54                                                     -0.00159340206041280871                                                    
op     32   49  100  117   49   32  100  117                       -0.00294790551506980778                                                    
op     32   51  100  122   51   32  100  122                       -0.00308730593761712482                                                    
a_ia   32   51                                                     -0.00102926236119112733                                                    
op     32   52  100  120   52   32  100  120                       -0.00285973004347061513                                                    
a_ia   32   52                                                      0.00107591265737060028                                                    
a_ia  100  120                                                      0.00097612824364966765                                                    
op     32   56  100  124   56   32  100  124                       -0.00366642195068038641                                                    
a_ia  100  124                                                     -0.00156157164333781649                                                    
a_ia   32   56                                                     -0.00148553892178236854                                                    
a_ia  100  123                                                      0.00146564526245511863                                                    
op     32   58  100  126   58   32  100  126                       -0.00292083175973708708                                                    
a_ia   32   55                                                      0.00112271253221834068                                                    
a_ia  100  126                                                      0.00075202286754045384                                                    
a_ia   32   58                                                      0.00068303196900961339                                                    
a_ia   33   51                                                     -0.00272010904362370801                                                    
a_ia   33   52                                                      0.00287354483304966702                                                    
a_ia   33   55                                                     -0.00347571760098516844                                                    
a_ia   32   33                                                      0.07433867560160238586                                                    
a_ia   33   58                                                     -0.00058769318369577433                                                    
a_ia   33   59                                                      0.00167801479641239721                                                    
a_ia   33   57                                                     -0.00101708397958267822                                                    
mvp2   29   37   97  112   37   29   97  112                       -0.00735549743287017797   -0.17073786155065118209                          
a_ia   92  103                                                     -0.00017861926245988204                                                    
a_ia   96   97                                                      0.23122426379274318986                                                    
op     24   35   97  103   35   24   97  103                        0.01069331855016787160                                                    
a_ia   24   35                                                     -0.00069880288586616438                                                    
a_ia   92   97                                                      0.17532624322060755273                                                    
a_ia   42   43                                                     -0.30787928785681356603                                                    
a_ia   95  114                                                      0.00041482807083797688                                                    
mvp2   31   43   99  110   43   31   99  110                       -0.00441298541154212364    0.26522065901003211152                          
mvp2   31   43   99  109   43   31   99  109                        0.00341756820595980016   -0.45741698729507712651                          
op     32   60  100  128   60   32  100  128                       -0.00212349303762278136                                                    
a_ia  100  128                                                      0.00103780222154045351                                                    
a_ia   32   60                                                      0.00087597442981440842                                                    
a_ia   33   61                                                      0.00049107214952019023                                                    
mvp2   29   35   88  105   35   29   88  105                        0.00289645321488313928   -0.03348958192108995868                          
a_ia   93   97                                                     -0.13999485470974365464                                                    
a_ia   24   38                                                      0.00093486455374775011                                                    
a_ia   88   97                                                      0.13290631157371116111                                                    
mvp2   29   44   95  112   44   29   95  112                       -0.00545346125764476896    0.18203006136122945602                          
a_ia   31   54                                                      0.00112096940806900858                                                    
op     31   49   99  117   49   31   99  117                       -0.00263925235953579342                                                    
mvp2   31   43   99  117   43   31   99  117                        0.00351601524341306482   -0.24967624225014450889                          
a_ia   99  122                                                      0.00109831710445955875                                                    
om     27   44   95  112   44   27   95  112                       -0.00254973549901535337                                                    
mvp2   27   45   95  113   45   27   95  113                       -0.00310383366088915966   -0.44012424632382513012                          
a_ia   29   39                                                     -0.00101756866087281388                                                    
a_ia  112  113                                                     -0.18381706461498334426                                                    
mvp2   27   34   84  102   34   27   84  102                       -0.00995702136593087581    0.21020005915433392918                          
a_ia   27   38                                                      0.00120067177849417098                                                    
mvp2   27   38   84  102   38   27   84  102                        0.00621602276055178982    0.13705561818705253030                          
mvp2   27   34   88  102   34   27   88  102                       -0.00771334641270582030    0.22860781564820492617                          
op     27   38   88  102   38   27   88  102                        0.00473482745105964845                                                    
mvp2   27   34   93  106   34   27   93  106                       -0.00643119000294709985    0.15878684677697557648                          
a_ia   93  106                                                      0.00069784503087740664                                                    
a_ia  102  103                                                      0.13231121431165551727                                                    
