op     10   16   38   44   16   10   38   44                       -0.01744429347875928182                                                    
op     10   15   38   44   15   10   38   44                        0.01274711036574953382                                                    
op     10   15   38   43   15   10   38   43                       -0.01182388042815208859                                                    
op      5   16   33   44   16    5   33   44                       -0.00997297939063027106                                                    
op      5   15   33   44   15    5   33   44                       -0.00534404857296917786                                                    
op      5   15   33   43   15    5   33   43                       -0.02871977623975564484                                                    
op      9   16   37   44   16    9   37   44                       -0.00405116879836261469                                                    
op      5   16   33   43   16    5   33   43                       -0.02468256083401962342                                                    
a_ia   33   43                                                      0.00364032546243290428                                                    
op      5   25   33   53   25    5   33   53                       -0.02682390275608921570                                                    
op      5   22   33   50   22    5   33   50                       -0.01801231960486180186                                                    
op      5   22   33   46   22    5   33   46                        0.00625205261924275529                                                    
op      5   20   33   48   20    5   33   48                       -0.01326649371905805688                                                    
op      5   20   33   49   20    5   33   49                        0.00794133200871954131                                                    
op      5   21   33   48   21    5   33   48                        0.00918516916720225549                                                    
op      5   21   33   49   21    5   33   49                       -0.00647617173078983335                                                    
op      5   18   33   50   18    5   33   50                        0.00615126203177465865                                                    
op      5   18   33   46   18    5   33   46                       -0.00350935361392255667                                                    
op     10   16   38   43   16   10   38   43                        0.01479089019309359765                                                    
op      7   15   35   43   15    7   35   43                       -0.00728411850000765596                                                    
op      5   25   33   42   25    5   33   42                       -0.00070929067522209981                                                    
op      5   14   33   42   14    5   33   42                       -0.01975752887546787170                                                    
op      5   14   33   53   14    5   33   53                        0.01625890158151541143                                                    
op      5   22   33   42   22    5   33   42                       -0.00904715523953050424                                                    
mvp2   10   26   33   53   26   10   33   53                        0.08644645015486729367    0.86842891279955791717                          
mvp2    5   26   33   53   26    5   33   53                        0.01314707292598068546   -0.42841200390147327060                          
a_ia   10   22                                                      0.00162677931051276856                                                    
mvp2   10   26   38   54   26   10   38   54                       -0.02513625216674430368    0.61658939792120515122                          
mvp2   10   26   38   46   26   10   38   46                        0.00089249615663000031   -0.10307227595756639216                          
mvp2    5   25   33   54   25    5   33   54                        0.00049452292462393358    0.00239282579327899664                          
mvp2    5   16   33   53   16    5   33   53                       -0.04146591235023092820   -0.30371085895847582670                          
a_ia    5   25                                                      0.00737435146616036846                                                    
mvp2   10   16   33   53   16   10   33   53                        0.00842931518005752417    0.34525536559737046716                          
mvp2    5   26   38   54   26    5   38   54                        0.01853944822316459795    0.19594583506052137833                          
mvp2    5   26   33   54   26    5   33   54                       -0.00200375672771178339    0.04563315943783574635                          
mvp2   10   18   38   54   18   10   38   54                        0.00861433029690072960    0.15575710545122389838                          
a_ia    5   18                                                      0.00143195324739008381                                                    
mvp2   10   16   38   54   16   10   38   54                        0.03014057782173280159    0.69893904744417767461                          
op      4   15   32   43   15    4   32   43                       -0.00882319284701755385                                                    
a_ia    4   15                                                      0.00347787400515744928                                                    
a_ia   32   43                                                     -0.00781657280467072842                                                    
a_ia   32   44                                                     -0.00101291246509346996                                                    
op      4   19   32   47   19    4   32   47                       -0.01576591741794294149                                                    
a_ia   32   47                                                      0.00130979941174692209                                                    
a_ia    4   19                                                     -0.00074905749960301198                                                    
op      4   16   32   47   16    4   32   47                        0.00498331112085667952                                                    
a_ia    4   16                                                      0.00500559570112933932                                                    
mvp2    4   25   33   53   25    4   33   53                        0.00140630289915043586    0.00763063704700212876                          
a_ia   32   42                                                     -0.00579109551798041074                                                    
mvp3   32   53   33   54   32   33   54   53   32   33   53   54   -0.01340579587710404724   -0.40913185007235247648    0.15739603157362214159
a_ia   32   54                                                      0.00232162626462037230                                                    
a_ia   32   33                                                      0.07608582591770315928                                                    
mvp2   10   18   38   46   18   10   38   46                       -0.00066460601235534590   -0.21984949750202226193                          
op     10   24   38   52   24   10   38   52                       -0.01025487801881657876                                                    
a_ia   10   24                                                     -0.00196938317165229471                                                    
mvp2   10   26   38   52   26   10   38   52                       -0.01132453605546874034    0.44395072527642881477                          
a_ia    8   15                                                     -0.00447978895394413393                                                    
om      4   24   32   52   24    4   32   52                       -0.01072676732144836262                                                    
a_ia   32   52                                                     -0.00074377850870728404                                                    
a_ia    4   26                                                      0.00003709224841290023                                                    
a_ia    4   24                                                     -0.00208190957874314526                                                    
op     10   27   38   55   27   10   38   55                       -0.00418970969922407600                                                    
a_ia   38   49                                                      0.00130327180261502603                                                    
a_ia    4   20                                                      0.00171254587993495346                                                    
a_ia   24   26                                                     -0.37659881646861914639                                                    
a_ia   16   25                                                      0.57565633125967718975                                                    
op      5   16   33   50   16    5   33   50                       -0.00880578552555826358                                                    
a_ia   53   54                                                      0.01679226396552822853                                                    
op      8   17   36   45   17    8   36   45                       -0.01102329973000627274                                                    
op      1   15   29   43   15    1   29   43                       -0.00426468081301790460                                                    
a_ia   28   43                                                      0.00442466719649656400                                                    
a_ia    0   15                                                      0.00312374004034249092                                                    
a_ia   31   43                                                     -0.00207686388761084938                                                    
a_ia    3   15                                                     -0.00207501312234042784                                                    
op      0   15   28   43   15    0   28   43                       -0.00474155362832453207                                                    
op     11   17   39   45   17   11   39   45                       -0.00466254093546311296                                                    
mvp2    5   25   33   44   25    5   33   44                        0.00207462023466170337    0.09101566631060209467                          
a_ia   33   44                                                     -0.00221954144889023857                                                    
mvp2    5   22   33   44   22    5   33   44                       -0.00706590509718173915   -0.04293532912302278071                          
mvp2    4   26   38   52   26    4   38   52                       -0.00782389157680597400   -0.79683494368932539231                          
mvp2   10   26   38   44   26   10   38   44                        0.02111432209338691413   -0.50253604325196010727                          
a_ia    4   27                                                      0.00154014407371933513                                                    
a_ia   10   26                                                     -0.00261019707979997899                                                    
mvp2   10   24   32   44   24   10   32   44                        0.00595280392393108745   -0.51415620477006629407                          
a_ia   10   24                                                      0.00076776236966253752                                                    
mvp2   10   18   38   44   18   10   38   44                       -0.00646676763307398993    0.03160638664626325145                          
mvp2   10   16   38   46   16   10   38   46                       -0.00321479630582458291   -0.15174679020641806959                          
om      5   14   33   50   14    5   33   50                       -0.00851212916744937750                                                    
mvp2    4   26   38   54   26    4   38   54                       -0.00869417756524245959    0.04256821499687768462                          
mvp2    4   24   38   44   24    4   38   44                        0.01109269411458319032    0.20939458568219240786                          
mvp2    4   16   32   44   16    4   32   44                       -0.01015407507520506986   -0.58436712716723482330                          
op      4   19   32   44   19    4   32   44                        0.01798111178431666124                                                    
a_ia   16   26                                                      0.30550828553141740063                                                    
a_ia   10   19                                                     -0.00154267380146329205                                                    
mvp2   10   19   38   44   19   10   38   44                        0.01103559437380350131    0.21865167421905670753                          
mvp2   10   19   38   54   19   10   38   54                       -0.00740631224410660989   -0.22729388437653841315                          
mvp2    5   15   33   53   15    5   33   53                       -0.04299923603480258760   -0.42867227577901650948                          
a_ia    5   15                                                     -0.00301570464716235161                                                    
a_ia   42   53                                                      0.07639262104836540279                                                    
op      4   15   32   47   15    4   32   47                       -0.00583652982994163454                                                    
mvp2    4   15   32   44   15    4   32   44                        0.01155977675626265917    0.44568928023491222179                          
a_ia   32   44                                                      0.00418040664739737985                                                    
a_ia    4   15                                                     -0.01058290008193930182                                                    
a_ia    4   14                                                     -0.00638123559422625140                                                    
a_ia   33   41                                                      0.04563632131226237620                                                    
mvp2    5   25   35   53   25    5   35   53                        0.00020580275193878060   -0.18011814723325228482                          
a_ia   35   53                                                     -0.00295728416653174078                                                    
a_ia    5   13                                                      0.07875617382173988323                                                    
mvp2    5   25   29   42   25    5   29   42                        0.00911295892383587672   -0.49395297240779745263                          
a_ia   29   42                                                     -0.00066773349004516113                                                    
a_ia    5   11                                                     -0.11265227654004489333                                                    
mvp2    5   25   29   50   25    5   29   50                        0.00806289429579852383   -0.52027563725060166355                          
mvp2    5   25   35   50   25    5   35   50                        0.00346079685867420979   -0.16655704889242375910                          
mvp2   10   26   29   55   26   10   29   55                       -0.00499118640269968772    0.24590996596134359620                          
mvp2   10   24   29   55   24   10   29   55                       -0.00271031319711880153    0.08697515780513051520                          
mvp2   10   16   29   55   16   10   29   55                        0.00278735914522324586   -0.05647746339769087187                          
mvp2   10   18   29   55   18   10   29   55                        0.00130787970484058289    0.23528650836256820300                          
mvp2    1   22   33   53   22    1   33   53                        0.01992585393004655744    0.27313670367850562126                          
mvp2    1   14   33   53   14    1   33   53                        0.02598747399871811914    0.39000205884607330731                          
mvp2    1   27   29   55   27    1   29   55                       -0.00418612779482437081   -0.32514244603328579242                          
op      1   25   29   53   25    1   29   53                       -0.00462502024248736231                                                    
a_ia   33   40                                                     -0.02027804343089843406                                                    
a_ia   32   55                                                      0.00059404165945699575                                                    
mvp2    1   27   33   53   27    1   33   53                        0.01194879138884697919    0.16537555971202388960                          
mvp2    1   25   33   53   25    1   33   53                       -0.00628452592461718404   -0.09470164851142370832                          
mvp2   10   16   32   52   16   10   32   52                        0.00696072273619348977   -0.07473991530439097475                          
a_ia   10   16                                                     -0.00289252396622833793                                                    
mvp2   10   24   32   52   24   10   32   52                        0.00571290974426289129    0.06097810435494729897                          
mvp2    4   26   29   55   26    4   29   55                       -0.00282733449391219405   -0.16224421536710870173                          
op      9   17   37   45   17    9   37   45                       -0.00430922463729702457                                                    
om      1   26   29   54   26    1   29   54                       -0.00343549775454741460                                                    
mvp2    5   25   35   55   25    5   35   55                       -0.00031354892026333399   -0.04728800986102522225                          
om      5   27   33   55   27    5   33   55                       -0.00404259541221095326                                                    
a_ia    5   27                                                      0.00333818430431582092                                                    
a_ia    4    5                                                      0.14940181669676561027                                                    
a_ia    1    5                                                      0.07456620567183813719                                                    
mvp2    5   26   29   55   26    5   29   55                        0.00024817763133726310    0.08361817046925409946                          
mvp3   33   51   35   53   33   35   53   51   33   35   51   53    0.03147766782401816010    0.49274698789500770424    0.77898406711249656986
a_ia    4   25                                                     -0.00171092522161561114                                                    
a_ia   25   27                                                     -0.15436639098556609317                                                    
a_ia   44   47                                                     -0.40912251024520673859                                                    
a_ia   16   24                                                      0.01161644395119698636                                                    
mvp2    5   25   37   51   25    5   37   51                       -0.00397476828261258963    0.47749390968963989490                          
a_ia   44   51                                                      0.39674116433749950783                                                    
a_ia   37   51                                                     -0.00335932516093171698                                                    
a_ia   33   35                                                      0.29655107760891796786                                                    
mvp2    5   25   37   50   25    5   37   50                        0.00213760858865338996   -0.27864967349923741580                          
a_ia   47   50                                                     -0.26477346384732713958                                                    
a_ia   35   51                                                     -0.00224104409894889094                                                    
mvp2   10   26   35   54   26   10   35   54                        0.00596578446741504072   -0.15505640066849862846                          
mvp2    5   15   37   50   15    5   37   50                        0.00678577338556181440   -0.11726522874595288193                          
mvp2    5   25   37   53   25    5   37   53                        0.00161942735423478397   -0.03316365932933307281                          
a_ia   37   53                                                     -0.00022946141916726053                                                    
a_ia   16   20                                                     -0.18114514679029281030                                                    
a_ia   44   53                                                     -0.23080977133446872740                                                    
mvp3    5   25    7   26    5    7   26   25    5    7   25   26   -0.00052318405742849653    0.05573379721919011209   -0.02625553918362153599
a_ia    5    7                                                      0.03628747177457386508                                                    
a_ia   25   26                                                     -0.34908162932222847052                                                    
a_ia    7   26                                                     -0.00058262292948537862                                                    
mvp2    7   27   35   55   27    7   35   55                       -0.00214522696702902985   -0.39733519115722704118                          
mvp2    7   23   35   51   23    7   35   51                       -0.01521692309798435352   -0.70540196817597045076                          
mvp2    7   23   37   51   23    7   37   51                       -0.01358378195052093243    0.48666229215095330174                          
a_ia   33   37                                                     -0.20830334408286799164                                                    
mvp2    7   27   29   51   27    7   29   51                        0.00385697629447042702   -0.14784943509500086956                          
mvp2    5   25   33   53   25    5   33   53                       -0.00733797013849701689   -0.15143489177520841338                          
a_ia   15   26                                                     -0.32671955500940980111                                                    
mvp2    7   20   35   48   20    7   35   48                       -0.00542903882064225355    0.42125613898722846784                          
a_ia    7   10                                                      0.45053524965327373941                                                    
a_ia   53   55                                                     -0.25270228919177062377                                                    
mvp2    1   23   29   51   23    1   29   51                       -0.00306771883861479402    0.08671333976263714827                          
om      5   15   29   50   15    5   29   50                        0.00925641870952070150                                                    
a_ia   44   50                                                      0.09156541995616318541                                                    
a_ia   37   54                                                      0.00263499296601778406                                                    
mvp2    7   20   37   51   20    7   37   51                        0.00747458278607292248    0.32766046924387215444                          
a_ia   51   54                                                      0.24510258184225547362                                                    
a_ia   32   35                                                      0.20982415974082627153                                                    
mvp2    7   20   37   48   20    7   37   48                       -0.00100257411550219505    0.35921986436979808088                          
mvp2    7   20   35   51   20    7   35   51                        0.01048026813918066270    0.28963684782983456500                          
a_ia   48   51                                                      0.44218440351380583486                                                    
a_ia   46   51                                                     -0.45109143620324299029                                                    
mvp2    9   23   33   53   23    9   33   53                       -0.00953285765998288306   -0.62500263651181309221                          
a_ia    9   23                                                     -0.00393340209252436394                                                    
a_ia    5    9                                                     -0.26393282682887075907                                                    
op      6   17   34   45   17    6   34   45                       -0.00304945825957881472                                                    
mvp2   10   19   32   52   19   10   32   52                       -0.00504617440006062748    0.13119368964115860066                          
mvp2    9   23   37   51   23    9   37   51                       -0.00655573747015602420    0.15826224605963207237                          
a_ia   37   51                                                     -0.00207228879067997487                                                    
a_ia   23   25                                                      0.12977796016692871861                                                    
mvp2    9   27   37   55   27    9   37   55                       -0.00227578390294298945    0.09498104307261401313                          
a_ia    5   23                                                      0.00223909932137821444                                                    
mvp2    9   20   35   51   20    9   35   51                        0.00642001580253694429    0.43990665755296970429                          
mvp2    9   27   35   55   27    9   35   55                       -0.00220473830392732897   -0.15581150781833638663                          
mvp2    7   27   35   51   27    7   35   51                       -0.00039700134985784036   -0.00383129882932502566                          
mvp2    9   20   35   48   20    9   35   48                       -0.00641943490892988178    0.11511160159362388011                          
a_ia   46   54                                                      0.15009390062240518526                                                    
mvp2    7   23   35   55   23    7   35   55                       -0.00225538448597017212    0.25515019442259484483                          
a_ia    1    9                                                      0.29016760159031218524                                                    
mvp2    7   23   37   55   23    7   37   55                       -0.00240673756318658585    0.11406298603285713877                          
mvp2    9   18   38   54   18    9   38   54                        0.00207191625434225649    0.15637007791943219326                          
mvp2    7   23   29   55   23    7   29   55                        0.00289170861860968843   -0.07836392680995783733                          
a_ia   29   37                                                      0.17101132126666990230                                                    
mvp2    5   25   29   55   25    5   29   55                        0.00420858428764256734   -0.29203877976529929450                          
mvp2   10   18   38   52   18   10   38   52                        0.00207355085388703179    0.32048960814062177338                          
a_ia   32   49                                                      0.00198519912120152060                                                    
mvp2    5   27   29   53   27    5   29   53                        0.00311107879222270994    0.06593524176596340935                          
mvp2    7   27   37   55   27    7   37   55                       -0.00193238742128327284    0.10555049348933830122                          
mvp2    7   23   35   53   23    7   35   53                       -0.00515733812688773646   -0.13563272932677633564                          
a_ia   35   53                                                      0.00088656055208812933                                                    
mvp2    9   23   35   53   23    9   35   53                       -0.00398166164974873490   -0.06160359526106445882                          
mvp2    9   20   37   48   20    9   37   48                       -0.00512202307652022491   -0.17810338726953039989                          
op      9   20   37   51   20    9   37   51                        0.00514178059438129623                                                    
op      7   20   33   50   20    7   33   50                       -0.00701661432633897929                                                    
a_ia   23   27                                                      0.23264354776689102899                                                    
mvp2    7   27   29   53   27    7   29   53                        0.00038570017054635091    0.16472512914949594132                          
mvp2    5   20   35   50   20    5   35   50                       -0.00503245366227215128   -0.23355833504689532676                          
mvp2    5   20   29   50   20    5   29   50                       -0.00397484200158894005   -0.13381075578483425659                          
a_ia    5    7                                                      0.01765133694234746753                                                    
a_ia   29   33                                                      0.14016715241699678751                                                    
mvp2    7   20   35   50   20    7   35   50                       -0.00103276759201869142    0.30199133403615663340                          
a_ia   46   54                                                      0.23447082164338711729                                                    
mvp2    5   15   33   50   15    5   33   50                       -0.00692432544686836290    0.10722846548776432396                          
mvp2    7   27   35   53   27    7   35   53                       -0.00105963751071463377    0.08531520114626514606                          
mvp2    7   23   33   54   23    7   33   54                        0.00131834000396461584   -0.13866263969637521170                          
a_ia   53   54                                                     -0.24342489776547870939                                                    
mvp2    9   23   33   54   23    9   33   54                        0.00164400737620960411    0.00786057115146820973                          
op      1   20   33   50   20    1   33   50                       -0.00449748190028585910                                                    
a_ia   37   38                                                     -0.14731262753917950814                                                    
a_ia    9   23                                                      0.00072682069065515068                                                    
a_ia   53   55                                                      0.49855029001562711777                                                    
mvp2    9   24   33   53   24    9   33   53                        0.00400231475313892349    0.30113486236152064990                          
a_ia   16   19                                                      0.12496663389481069140                                                    
mvp2    7   18   33   53   18    7   33   53                       -0.00221417418650458973   -0.06841649099324426109                          
a_ia    9   18                                                     -0.00072676675258060461                                                    
a_ia    9   24                                                      0.00097746781074512304                                                    
a_ia   37   46                                                     -0.00025031225212811281                                                    
a_ia   38   46                                                     -0.00069925609642924533                                                    
a_ia   37   48                                                     -0.00030977974441252808                                                    
mvp2    7   24   33   53   24    7   33   53                        0.00430519891159370990    0.34000899517692240170                          
a_ia   37   51                                                      0.00327606472218903424                                                    
a_ia   38   51                                                     -0.00135200498924221242                                                    
a_ia   51   52                                                     -0.20575263229814944044                                                    
a_ia   49   51                                                      0.40387002315961939569                                                    
a_ia   32   51                                                     -0.00189880161816104783                                                    
mvp2    1   22   29   50   22    1   29   50                       -0.00365845742203220470    0.23804978668150733601                          
mvp2    5   22   35   50   22    5   35   50                        0.00852505069059073320    0.11993192396839232050                          
a_ia    1   27                                                     -0.00134718351108561118                                                    
a_ia    9   24                                                     -0.00055698688253737855                                                    
mvp2    1   22   35   50   22    1   35   50                       -0.00339666087472189097    0.31820003061387469590                          
a_ia    5   27                                                     -0.00278436615796133144                                                    
mvp2    7   22   29   50   22    7   29   50                       -0.00574223691802569838   -0.47988776661754534159                          
a_ia   15   25                                                      0.18665461307405176172                                                    
a_ia    4   25                                                      0.00025350745325415983                                                    
mvp2    5   22   35   44   22    5   35   44                        0.00581018238103502352   -0.04477331609243476868                          
a_ia   35   44                                                      0.00127833454417261984                                                    
mvp2    7   22   33   50   22    7   33   50                        0.00680780152724313938   -0.16806355575791753765                          
op      7   22   35   50   22    7   35   50                       -0.00565358244493685547                                                    
mvp2    1   25   33   50   25    1   33   50                        0.00397480841606362781    0.01038655593932725357                          
a_ia    5    7                                                     -0.01552120785860022084                                                    
om      5   15   29   42   15    5   29   42                        0.00991637922397067828                                                    
mvp2    1   25   33   42   25    1   33   42                        0.00612972660861206206    0.06968328563987884194                          
a_ia   35   42                                                     -0.00011560717354623442                                                    
mvp2    1   22   35   42   22    1   35   42                       -0.00391608542780273391    0.10254532963734289130                          
a_ia    1   22                                                     -0.00161435840004059720                                                    
mvp2    1   22   33   42   22    1   33   42                       -0.00497918314316007221    0.06907035656514599886                          
a_ia    7   25                                                     -0.00320140818449439349                                                    
mvp2    1   14   33   42   14    1   33   42                       -0.01070594546039150413    0.32714883953588469456                          
mvp2    1   14   29   42   14    1   29   42                       -0.00468687297085025080    0.11956118190044615068                          
a_ia   33   42                                                      0.00209018773507430857                                                    
a_ia    1   14                                                      0.00015897513610920190                                                    
om      5   14   29   42   14    5   29   42                       -0.00821057349129241526                                                    
a_ia    1    5                                                      0.16354112855532038084                                                    
mvp2    4   14   29   42   14    4   29   42                        0.00496855156167390864    0.35240065587551827608                          
a_ia   29   42                                                      0.00599967332535965119                                                    
mvp2    1   14   35   42   14    1   35   42                       -0.00555229409783846578    0.39705430802473629104                          
om      5   22   35   48   22    5   35   48                       -0.00677882831654208831                                                    
mvp2    7   22   33   48   22    7   33   48                       -0.00610203758133389101    0.27588898944400047641                          
a_ia   25   27                                                      0.35897445098510039063                                                    
mvp2    1   22   33   48   22    1   33   48                       -0.00389997328913969758    0.09650981781911351087                          
a_ia    5    7                                                      0.26223105705615729066                                                    
mvp2    1   20   33   48   20    1   33   48                       -0.00415859643174288848   -0.11060914794597602462                          
mvp2    1   20   35   48   20    1   35   48                       -0.00366869953541242282   -0.15479405418947636552                          
mvp2    1   20   29   48   20    1   29   48                       -0.00353676872070476933    0.28134250358722129315                          
a_ia   29   48                                                     -0.00096971084739623493                                                    
a_ia   33   35                                                      0.10606122743241747086                                                    
a_ia   44   50                                                     -0.27984597699934665727                                                    
mvp2    1   15   29   50   15    1   29   50                       -0.00146952925504829522   -0.17331434177675542063                          
om      5   15   33   48   15    5   33   48                        0.00637181843149977820                                                    
a_ia    5   20                                                      0.00005294184357414731                                                    
mvp2    5   22   29   48   22    5   29   48                       -0.00363693807534151009    0.00107500623801761136                          
op      7   25   35   53   25    7   35   53                       -0.00410656618970632083                                                    
a_ia   18   23                                                     -0.32310422397158655716                                                    
om     10   23   38   51   23   10   38   51                       -0.00546601298544891444                                                    
a_ia    5   22                                                     -0.00164446494644390111                                                    
a_ia    7   25                                                      0.00437179941431244633                                                    
a_ia   10   23                                                     -0.00166081516964170471                                                    
a_ia   29   50                                                      0.00095767674207582177                                                    
a_ia   33   53                                                      0.00180539787459975442                                                    
a_ia   37   55                                                     -0.00046505055751769006                                                    
a_ia   33   54                                                     -0.00095309402542055827                                                    
a_ia   35   53                                                      0.00374228992494543989                                                    
