op     14   18   50   54   18   14   50   54                       -0.14098138345308333652                                                    
op     15   18   50   54   18   15   50   54                       -0.01448886769502725352                                                    
op     17   19   53   55   19   17   53   55                       -0.04878373458800014384                                                    
a_ia   17   19                                                      0.00403335821228017598                                                    
op     14   18   51   54   18   14   51   54                       -0.06018621166128831218                                                    
a_ia   14   18                                                      0.08258112671085490741                                                    
a_ia   53   55                                                     -0.00273831542863210969                                                    
a_ia   15   18                                                     -0.03875585546138297921                                                    
om     15   18   51   54   18   15   51   54                       -0.00772075260370307624                                                    
mvp2   15   19   50   54   19   15   50   54                       -0.07714187983797085590   -0.14830640539081446638                          
a_ia   50   54                                                      0.08601785273496985462                                                    
mvp2   16   19   50   54   19   16   50   54                        0.02900272479074198287    0.20601613153956779834                          
mvp2   15   19   51   54   19   15   51   54                       -0.00515464953997891648   -0.96140671547445610834                          
mvp2   14   18   51   55   18   14   51   55                       -0.02680411700085259807    0.24467405276182249696                          
a_ia   50   55                                                     -0.03691456744330718492                                                    
a_ia   14   19                                                     -0.02793585447313456233                                                    
a_ia   51   55                                                     -0.00531196305002059298                                                    
a_ia   13   19                                                     -0.00289180987366139015                                                    
a_ia   49   54                                                     -0.00374949707864673156                                                    
a_ia   18   19                                                      0.18292960614790967910                                                    
a_ia   13   14                                                      0.12601843365885939674                                                    
mvp3   13   18   14   19   13   14   19   18   13   14   18   19    0.03554231447605060018   -0.12763425871699737857   -0.36646054912206926790
mvp2   14   18   49   55   18   14   49   55                       -0.02413586093011323153    0.25268964184439857146                          
a_ia   49   55                                                     -0.00188684896289907601                                                    
op     10   19   46   55   19   10   46   55                       -0.01097580789489859161                                                    
a_ia   54   55                                                      0.22593649500186571699                                                    
a_ia   10   19                                                     -0.01504564615249324826                                                    
a_ia   46   55                                                      0.02482608385601406745                                                    
a_ia   46   54                                                      0.01326678910108775034                                                    
a_ia   50   52                                                     -0.12399156497763504092                                                    
a_ia   12   19                                                      0.00912966296500387735                                                    
a_ia   10   15                                                      0.11738666946572846872                                                    
a_ia   14   18                                                     -0.02044754746913234056                                                    
a_ia   12   15                                                     -0.21889287000345730716                                                    
a_ia   15   19                                                      0.10351670107818577993                                                    
mvp2   15   19   46   55   19   15   46   55                        0.03662350785175372964   -0.46173662390556846624                          
op     17   22   53   58   22   17   53   58                       -0.01262290965412304726                                                    
a_ia   53   58                                                      0.00425201236272256672                                                    
a_ia   17   22                                                      0.00439972714740692866                                                    
mvp2   13   19   46   55   19   13   46   55                        0.01742365602842429334   -0.38270132221577252141                          
a_ia   17   21                                                     -0.00005106289071024277                                                    
mvp2   14   18   52   55   18   14   52   55                        0.02368650253119959984   -0.25767124534708563122                          
a_ia   52   55                                                     -0.00070245251882786956                                                    
mvp3   10   18   15   19   10   15   19   18   10   15   18   19   -0.00705117582952936427   -0.49017865735374038794   -0.07735064180186330962
a_ia   10   15                                                      0.63289744934490277384                                                    
a_ia   10   18                                                     -0.04159931485637245047                                                    
a_ia   15   19                                                     -0.03456564221003763371                                                    
a_ia   11   19                                                      0.01862368713179607740                                                    
a_ia   11   15                                                     -0.30012640916392241408                                                    
a_ia   11   18                                                     -0.00481350002131744874                                                    
a_ia   10   11                                                      0.54672414623804033162                                                    
mvp2   10   18   46   54   18   10   46   54                       -0.01532490853172105427    0.04534655911192436717                          
op     17   23   53   59   23   17   53   59                       -0.00568881263304600853                                                    
a_ia   53   59                                                     -0.00109370895165935059                                                    
a_ia   17   23                                                      0.00050123208659140126                                                    
op     14   20   50   56   20   14   50   56                       -0.01004649481875442493                                                    
a_ia   52   54                                                      0.01874985667456659233                                                    
op     14   24   50   60   24   14   50   60                       -0.01260998315330184166                                                    
a_ia   14   17                                                     -0.04910639601985081204                                                    
op     14   24   51   60   24   14   51   60                       -0.00112417994576742672                                                    
a_ia   50   62                                                      0.01065952945917950784                                                    
op     14   29   50   65   29   14   50   65                       -0.01036028138960753270                                                    
a_ia   14   26                                                     -0.01809878163347484678                                                    
a_ia   14   29                                                     -0.24120908560006060206                                                    
a_ia   50   65                                                     -0.18843841031035638012                                                    
a_ia   50   61                                                     -0.00563166474558216001                                                    
om     14   26   50   62   26   14   50   62                       -0.00795496740891264535                                                    
op     14   27   50   63   27   14   50   63                       -0.00449041669875758793                                                    
a_ia   14   27                                                     -0.00202176842956542854                                                    
a_ia   17   24                                                      0.00081353015948003977                                                    
a_ia   54   60                                                     -0.15299311583985925056                                                    
a_ia   51   60                                                      0.00061078140643821069                                                    
a_ia   54   65                                                     -0.17451655330917753561                                                    
a_ia   54   61                                                      0.05059225192233216678                                                    
mvp2   14   29   50   54   29   14   50   54                       -0.05969727836043414032   -0.27676467963689477259                          
a_ia   14   29                                                      0.21320110297571678859                                                    
a_ia   50   54                                                     -0.15110447810492580456                                                    
a_ia   54   62                                                      0.00474363001037015567                                                    
a_ia   50   65                                                      0.19451566952138196753                                                    
a_ia   54   64                                                     -0.08957485273081637611                                                    
a_ia    9   15                                                      0.48979194112606516676                                                    
a_ia    9   19                                                      0.00032735514597500036                                                    
mvp2   14   29   51   65   29   14   51   65                       -0.00435541204819058555    0.07853360497667626061                          
a_ia   51   65                                                      0.00345893748874359424                                                    
a_ia   51   62                                                     -0.18919857416295285391                                                    
a_ia   51   61                                                     -0.00196299915013877684                                                    
mvp2   14   26   50   54   26   14   50   54                        0.01188698128664953009    0.07311780922249060122                          
a_ia   54   63                                                     -0.05220173663901233468                                                    
mvp2   14   29   51   54   29   14   51   54                       -0.00429927213485323430    0.19765306262007883986                          
op     12   20   48   56   20   12   48   56                       -0.01116658612213480145                                                    
a_ia   12   20                                                     -0.00254676242266216931                                                    
op      1   20   37   56   20    1   37   56                       -0.00991871550507297459                                                    
a_ia   37   56                                                     -0.00350721776917981053                                                    
a_ia    1   20                                                     -0.02989547436620793724                                                    
op      5   20   41   56   20    5   41   56                       -0.00750362055724555777                                                    
a_ia   41   56                                                      0.00281909744628426736                                                    
a_ia    5   20                                                      0.00236073003303845274                                                    
op      4   20   40   56   20    4   40   56                       -0.00631397406560035325                                                    
mvp2   12   19   48   55   19   12   48   55                       -0.00994015385946081000    0.45893013535041216056                          
mvp2   10   19   47   55   19   10   47   55                        0.00480715021204602792   -0.03450413484614545112                          
a_ia   48   55                                                      0.00112869421626122894                                                    
a_ia   10   19                                                      0.03631404496786998226                                                    
a_ia   18   24                                                     -0.15995277960694051500                                                    
a_ia   17   18                                                     -0.00127054095540663045                                                    
a_ia   18   23                                                     -0.11294199634515821040                                                    
a_ia   18   22                                                      0.08757160858489547450                                                    
a_ia   52   60                                                      0.00226117955085480132                                                    
om      1   19   37   55   19    1   37   55                       -0.00743309418878606871                                                    
a_ia   45   55                                                      0.00082414737718170038                                                    
op      4   19   40   55   19    4   40   55                       -0.01013376824717614373                                                    
a_ia   42   56                                                     -0.00200282785722248873                                                    
a_ia    6   20                                                     -0.00223230833951674687                                                    
op      2   20   38   56   20    2   38   56                       -0.00387934600164288297                                                    
op      0   20   36   56   20    0   36   56                       -0.00297261362102158163                                                    
a_ia   36   56                                                      0.00117143689326594590                                                    
a_ia    0   20                                                      0.00079811501762233801                                                    
mvp2   14   27   50   54   27   14   50   54                        0.00892616148117689710    0.04630425239550271105                          
mvp2   14   26   51   54   26   14   51   54                        0.00160728104538781298   -0.04631647814476234915                          
mvp2   14   26   51   62   26   14   51   62                       -0.00668826945138869221    0.14188983490820067379                          
a_ia   14   26                                                      0.03162812653365270482                                                    
a_ia   51   62                                                      0.19058205039750675258                                                    
mvp2   14   29   51   62   29   14   51   62                        0.00414722224025786644   -0.12483897670082938491                          
a_ia   54   59                                                     -0.10484763058848528550                                                    
mvp2   15   29   50   54   29   15   50   54                       -0.00628656831359647623   -0.05570926687168493291                          
a_ia   15   29                                                     -0.01423357957545874630                                                    
mvp2   15   29   50   65   29   15   50   65                       -0.00020793161601734067   -0.01425767388459473796                          
a_ia   15   26                                                      0.06199568873283926168                                                    
a_ia   14   15                                                      0.45460385974394168507                                                    
a_ia   53   54                                                     -0.00068788589527130507                                                    
a_ia   15   25                                                     -0.00019668597584502663                                                    
mvp2   15   29   51   65   29   15   51   65                       -0.00049880545158132329    0.07419627431691283581                          
a_ia   50   58                                                      0.00239860530293973910                                                    
a_ia   54   58                                                      0.03494720133895811570                                                    
a_ia   50   53                                                     -0.04469739724932412367                                                    
a_ia   14   25                                                     -0.00269612008256940984                                                    
mvp2   15   29   51   54   29   15   51   54                       -0.00102348878643547373    0.06142530260885571691                          
mvp2   15   26   50   54   26   15   50   54                        0.00713032803057349514    0.04258245338043594591                          
a_ia   14   28                                                      0.00152675893314662206                                                    
a_ia   26   29                                                      0.06812804364010391356                                                    
a_ia   15   26                                                     -0.06703650524353749196                                                    
a_ia    9   11                                                      0.83289178846165989878                                                    
mvp2    1   32   50   54   32    1   50   54                        0.02338037061084961149    0.23265290981583769403                          
a_ia    1   23                                                      0.00094240435533956060                                                    
mvp2    1   23   50   54   23    1   50   54                       -0.00989156681985316026   -0.10198090070676446572                          
om      1   32   50   65   32    1   50   65                        0.00355002782743962407                                                    
mvp2    1   32   51   65   32    1   51   65                        0.00173561250349384979    0.01096392518302023895                          
mvp2    1   27   50   54   27    1   50   54                        0.00562913840074797615    0.05121252038908401250                          
mvp2    1   21   50   54   21    1   50   54                       -0.00742783640716574659   -0.11703474647405251452                          
mvp2    1   32   37   68   32    1   37   68                       -0.00734219183702217865    0.77155796577828805738                          
mvp2    1   21   37   57   21    1   37   57                       -0.00618591463187896304    0.58011187758846916029                          
mvp2    1   18   37   54   18    1   37   54                       -0.01115551536126071011   -0.19695908248255805661                          
mvp2    1   32   37   57   32    1   37   57                        0.00292074188702968812   -0.13281507332987685377                          
op      1   21   37   68   21    1   37   68                        0.00478595010481905510                                                    
mvp2    1   32   51   54   32    1   51   54                        0.00122663581594239764   -0.09334949910576170740                          
a_ia   50   51                                                      0.49678504098437015202                                                    
mvp2    1   27   37   63   27    1   37   63                       -0.00484484735166654853    0.75606806009569704763                          
op      1   29   37   65   29    1   37   65                       -0.00218496561753495685                                                    
a_ia   37   63                                                     -0.00967373317149504246                                                    
mvp2    1   23   37   59   23    1   37   59                       -0.00505717657705011692    0.88802303760705036950                          
op      1   35   37   71   35    1   37   71                       -0.00653882248826063647                                                    
op      1   34   37   70   34    1   37   70                       -0.00574738660899976831                                                    
a_ia    1   34                                                      0.00107889698803306962                                                    
a_ia   37   70                                                     -0.02876810452132871898                                                    
op      1   33   37   69   33    1   37   69                       -0.00338632258201941594                                                    
op      1   33   37   70   33    1   37   70                        0.00299925363357354422                                                    
om      1   34   37   71   34    1   37   71                       -0.00310255468017324367                                                    
op      1   35   37   70   35    1   37   70                       -0.00373355262909559095                                                    
mvp2   14   29   37   71   29   14   37   71                       -0.01163603780169115628    0.64451354335002852824                          
a_ia   37   71                                                     -0.00442681321794522169                                                    
a_ia    1   33                                                     -0.00007779758610075253                                                    
om     15   29   37   71   29   15   37   71                       -0.01050247447544513588                                                    
a_ia   37   61                                                      0.00018389323026692851                                                    
op     14   26   37   71   26   14   37   71                        0.00698416441429583219                                                    
mvp2    1   29   14   35    1   14   29   35                        0.00392563816955497028   -0.17936465926591610431                          
a_ia    1   35                                                     -0.00019676135102582757                                                    
om     15   26   37   71   26   15   37   71                        0.00517175088948346445                                                    
mvp2    1   34   37   68   34    1   37   68                        0.00409043695568732813    0.43006924563736265155                          
a_ia   37   68                                                     -0.00139649277040817957                                                    
mvp2   14   29   37   70   29   14   37   70                       -0.00239663837660274897   -0.20808499146784042999                          
a_ia   37   70                                                      0.02723668162007219715                                                    
mvp2    1   33   37   68   33    1   37   68                       -0.00416385976234330719   -0.41772980594023567669                          
mvp2    1   35   37   68   35    1   37   68                        0.00271900032117484850    0.42856586697350901316                          
mvp2    1   29   14   34    1   14   29   34                        0.00117556566245279287   -0.24258536350504547596                          
mvp2    1   28   37   68   28    1   37   68                        0.00358202292690194130    0.48674027044714857082                          
mvp2    1   28   37   64   28    1   37   64                       -0.00325148716038093678    0.73559186985965718808                          
a_ia   18   32                                                      0.04275172569408661194                                                    
mvp2    1   35   37   69   35    1   37   69                        0.00276836942618641614   -0.46287679620061461527                          
a_ia   53   57                                                     -0.00003574841386829997                                                    
op     17   21   53   57   21   17   53   57                       -0.00807971354530739178                                                    
mvp2    1   34   37   69   34    1   37   69                        0.00340861514127401271   -0.39133286783835524725                          
op     12   22   48   58   22   12   48   58                       -0.00705283587250144818                                                    
a_ia   10   22                                                      0.00111264843932534037                                                    
a_ia   46   47                                                      0.49161918574354845912                                                    
op      1   25   37   61   25    1   37   61                       -0.00393894131247085784                                                    
a_ia   25   29                                                     -0.17631214351427187959                                                    
mvp2    1   32   37   69   32    1   37   69                       -0.00449968303075104839    0.19520533850348745220                          
a_ia   14   25                                                      0.00437801812480942409                                                    
mvp2    1   32   37   70   32    1   37   70                        0.00623649341247792255   -0.83354137451453946817                          
om      1   32   37   71   32    1   37   71                        0.00193499667613656928                                                    
mvp2   15   29   50   62   29   15   50   62                        0.00294685346813210094   -0.05455378268182935891                          
mvp2    1   32   37   64   32    1   37   64                        0.00363422063623213085   -0.23257311147326900636                          
a_ia   53   60                                                      0.00086642083641735271                                                    
op      1   32   37   59   32    1   37   59                        0.00357356190831971442                                                    
mvp2    1   29   37   54   29    1   37   54                       -0.00615524485948288139    0.11884417136308782215                          
a_ia   43   55                                                      0.00162066449503339878                                                    
a_ia   50   63                                                     -0.00237606067834440077                                                    
mvp2    1   18   37   65   18    1   37   65                       -0.00078197287561329663    0.00137374354416285017                          
a_ia    1   18                                                      0.00167736159956482535                                                    
a_ia   37   50                                                      0.00211686969438904752                                                    
mvp2    1   23   51   60   23    1   51   60                        0.00472579307645352997   -0.38097435534943591140                          
mvp2    1   23   50   60   23    1   50   60                        0.00537927712328735343    0.18680164187098510786                          
a_ia    1   23                                                     -0.00103118308423212797                                                    
a_ia   50   60                                                      0.00626209037438262353                                                    
a_ia   54   62                                                     -0.11520362353052085447                                                    
a_ia   15   18                                                     -0.03110499817924177596                                                    
a_ia   37   54                                                     -0.00052278280007613648                                                    
op     15   18   37   71   18   15   37   71                       -0.00991017645499804069                                                    
mvp2   14   18   37   71   18   14   37   71                       -0.01130734738073154236    0.03590160246154008861                          
a_ia   14   32                                                     -0.00256750167710831454                                                    
mvp2    1   20   50   54   20    1   50   54                       -0.01376818152663289788   -0.13898740501105466549                          
mvp2    1   20   50   65   20    1   50   65                       -0.00021151301639843554   -0.04015932152589910681                          
a_ia    1   20                                                      0.02732361316748601471                                                    
mvp2    1   20   51   54   20    1   51   54                       -0.00877674033021371910    0.11058622438399277887                          
mvp2    1   20   51   65   20    1   51   65                       -0.00088485761133622520    0.03614376162952485233                          
a_ia   15   29                                                      0.00491031103060391404                                                    
a_ia   14   18                                                     -0.03767441080821436888                                                    
a_ia   18   28                                                     -0.12008224718645901796                                                    
a_ia   54   65                                                      0.37538675593838338740                                                    
mvp2   10   23   50   54   23   10   50   54                        0.00861168893871492973    0.12270029017346996414                          
a_ia   10   24                                                      0.00102332550283776129                                                    
a_ia   12   22                                                     -0.00083793139603726102                                                    
a_ia   48   58                                                     -0.00154570299658236690                                                    
a_ia   13   22                                                     -0.00198117509051183886                                                    
a_ia   46   58                                                      0.00134950407473138348                                                    
a_ia   46   48                                                     -0.16864735534803004802                                                    
mvp2   10   21   50   54   21   10   50   54                        0.00848468972725530991    0.08871603937734462431                          
mvp2    1   21   51   65   21    1   51   65                       -0.00071369279217309398    0.10848853574614157613                          
a_ia   17   20                                                      0.00207525284499191290                                                    
mvp2    1   20   37   71   20    1   37   71                       -0.00742248794194654178   -0.40985468942299724260                          
om      1   20   37   57   20    1   37   57                       -0.00440223099283673387                                                    
mvp2    1   21   37   71   21    1   37   71                       -0.00726692119733431466   -0.31178541018576555466                          
a_ia   18   31                                                      0.06941749276673675473                                                    
a_ia   18   30                                                      0.04117091234912229752                                                    
mvp2    1   20   50   62   20    1   50   62                        0.00478791165523751155   -0.23364438033051135313                          
a_ia   50   57                                                     -0.00170018820982957152                                                    
mvp2    1   21   50   65   21    1   50   65                       -0.00089938316853303238    0.21924609792122629059                          
a_ia   10   17                                                     -0.50502791466513075047                                                    
a_ia   11   22                                                      0.00222925445825536720                                                    
a_ia   37   63                                                      0.00931393787204101535                                                    
a_ia   51   54                                                      0.01148602942506958373                                                    
a_ia   16   23                                                     -0.00128087505213164352                                                    
a_ia   18   33                                                      0.02746443674580856600                                                    
om      1   20   37   70   20    1   37   70                       -0.00524177770682297210                                                    
om      1   21   37   70   21    1   37   70                       -0.00546832384561702495                                                    
op      1   20   37   68   20    1   37   68                        0.00557984791566601933                                                    
mvp2    1   20   37   69   20    1   37   69                        0.00405432386361900127    0.12290773416954511865                          
a_ia   10   27                                                     -0.00751186505663844865                                                    
a_ia   51   53                                                      0.04854427653714985663                                                    
a_ia   50   53                                                     -0.02267326898219664683                                                    
mvp2   10   27   37   71   27   10   37   71                        0.00373280793336097346    0.95652736413884209554                          
a_ia   37   71                                                      0.00703135158558025261                                                    
om      1   21   37   69   21    1   37   69                        0.00433912612393794715                                                    
mvp2   15   29   37   69   29   15   37   69                        0.00236748125198836534    0.10829518658784248464                          
a_ia   14   20                                                      0.00318310021894213993                                                    
mvp2   10   27   46   63   27   10   46   63                       -0.00747379488309059432    0.88212102388047375356                          
a_ia   46   50                                                     -0.07013284189315252548                                                    
a_ia   46   53                                                     -0.51790101437943358853                                                    
a_ia   10   27                                                     -0.00182496230031504200                                                    
mvp2   17   27   53   63   27   17   53   63                       -0.00479169391320783972   -0.76537384218568316196                          
a_ia   46   65                                                     -0.00078878229142647673                                                    
a_ia   51   54                                                     -0.00736552760501585184                                                    
mvp3   48   54   50   63   48   50   63   54   48   50   54   63    0.00608672880701563706    0.21881922688656774145   -0.10466775952558066143
a_ia   48   54                                                     -0.00115447463599317344                                                    
a_ia   51   63                                                     -0.00086463410611825337                                                    
a_ia   48   50                                                     -0.12282570948594666305                                                    
a_ia   48   63                                                     -0.00097253297419925611                                                    
a_ia    1   35                                                     -0.01717558042159472720                                                    
mvp3   48   54   50   58   48   50   58   54   48   50   54   58   -0.00483030076785342325    0.49725784415194357324    0.12012112317847654930
a_ia   50   58                                                      0.00316547837273319652                                                    
mvp2   12   22   50   54   22   12   50   54                        0.00682388902833686636    0.10191013604764694034                          
a_ia   45   50                                                      0.22168384123737472358                                                    
a_ia   43   50                                                     -0.21055873923193754726                                                    
a_ia   43   54                                                     -0.00198707869904225570                                                    
op      2   19   38   55   19    2   38   55                       -0.00411488641396995890                                                    
a_ia    5   19                                                     -0.00159169226097564671                                                    
om      5   19   41   55   19    5   41   55                       -0.00520131763791834012                                                    
mvp2   10   27   37   57   27   10   37   57                        0.00317047921612153725   -0.33495853402159037060                          
a_ia   53   60                                                     -0.00106390887133818793                                                    
a_ia   46   60                                                      0.00108080904264443362                                                    
a_ia   37   46                                                     -0.21721612661523831411                                                    
a_ia   46   57                                                      0.00043044723592740633                                                    
mvp2   15   29   46   71   29   15   46   71                       -0.00333774522048780903    0.26689160889435570301                          
a_ia   46   71                                                      0.00183165987618892330                                                    
a_ia   46   68                                                     -0.00179407324903316928                                                    
a_ia   46   69                                                     -0.00081949455532188216                                                    
a_ia   46   59                                                      0.00284741813091250262                                                    
a_ia   46   64                                                      0.00262645384872096498                                                    
a_ia   46   61                                                     -0.00063316580642162629                                                    
mvp2    1   35   46   61   35    1   46   61                        0.00265294161869442493   -0.17798390616102124917                          
a_ia    1   35                                                      0.01663349510535694006                                                    
