op     17   27   61   71   27   17   61   71                       -0.01769189472689499873                                                    
a_ia   17   27                                                     -0.00653008166440451846                                                    
a_ia   61   71                                                     -0.00697940247434007503                                                    
op     17   24   61   68   24   17   61   68                       -0.01022244583657412262                                                    
op     17   28   61   72   28   17   61   72                       -0.00719052735081006020                                                    
a_ia   17   28                                                     -0.00433497872606762071                                                    
a_ia   61   72                                                      0.00159340133124273998                                                    
op     17   31   61   75   31   17   61   75                       -0.00837276417522749179                                                    
op     17   34   61   78   34   17   61   78                       -0.00995566925971882143                                                    
a_ia   17   34                                                     -0.00605023171944165696                                                    
a_ia   61   78                                                     -0.00256133594979403084                                                    
op     17   35   61   79   35   17   61   79                       -0.01154489839554796032                                                    
a_ia   17   35                                                     -0.01233586177636550839                                                    
op     17   38   61   82   38   17   61   82                       -0.00605485339723262853                                                    
a_ia   61   79                                                      0.00432928757593538990                                                    
op     17   37   61   81   37   17   61   81                       -0.00483135156150534418                                                    
op     17   40   61   84   40   17   61   84                       -0.00381046357458698047                                                    
op     17   40   61   82   40   17   61   82                        0.00229239115289470901                                                    
op     18   27   62   71   27   18   62   71                       -0.00713239232973069889                                                    
op     16   27   60   71   27   16   60   71                       -0.00703679303437499716                                                    
a_ia   62   71                                                     -0.00062440577273634591                                                    
a_ia   16   27                                                      0.00332790571078934484                                                    
op     16   24   60   68   24   16   60   68                       -0.01208325520138829774                                                    
a_ia   18   27                                                     -0.00064592514514561416                                                    
op     15   27   59   71   27   15   59   71                       -0.00686659393986378819                                                    
a_ia   63   71                                                      0.00105233317621546791                                                    
a_ia   16   24                                                      0.00100842769802121667                                                    
op     16   30   60   74   30   16   60   74                       -0.01630367227219061549                                                    
a_ia   16   30                                                      0.00363071391610904739                                                    
op     16   26   60   70   26   16   60   70                       -0.01339064544284957956                                                    
a_ia   16   26                                                     -0.00108628598570283575                                                    
om     16   28   60   72   28   16   60   72                       -0.01069590538161495005                                                    
a_ia   60   72                                                      0.00028217479234867251                                                    
op     16   39   60   83   39   16   60   83                       -0.01430800037525309723                                                    
op     16   32   60   76   32   16   60   76                       -0.00758746554635411369                                                    
om     16   35   60   79   35   16   60   79                       -0.00924110908474793866                                                    
op     16   34   60   78   34   16   60   78                       -0.00459640397276442868                                                    
op     16   29   60   73   29   16   60   73                       -0.00453092640777250869                                                    
op     12   24   56   68   24   12   56   68                       -0.01348968811671768381                                                    
op     12   27   56   71   27   12   56   71                       -0.00764698454616903091                                                    
a_ia   56   71                                                      0.00263970324397919901                                                    
a_ia   12   27                                                      0.00245404201806201329                                                    
op     17   41   61   85   41   17   61   85                       -0.00290877713502140549                                                    
op     16   39   56   83   39   16   56   83                        0.01137632526241390447                                                    
op     12   39   56   83   39   12   56   83                       -0.01065937725587326468                                                    
op     12   39   60   83   39   12   60   83                        0.01114131565779662505                                                    
a_ia   12   28                                                      0.00296581745078052612                                                    
a_ia   56   72                                                      0.00161286766807554609                                                    
om     12   28   56   72   28   12   56   72                       -0.00639282528353339683                                                    
op     15   23   59   67   23   15   59   67                       -0.01252527762810288180                                                    
op     15   23   62   67   23   15   62   67                        0.00733515282299981169                                                    
op     14   24   58   68   24   14   58   68                       -0.00738620410929817939                                                    
a_ia   19   27                                                      0.00117661872192714322                                                    
op     17   36   61   80   36   17   61   80                       -0.00230172274172080107                                                    
op      9   27   53   71   27    9   53   71                       -0.00960009242847029154                                                    
a_ia   53   71                                                     -0.00139913069969772094                                                    
a_ia    9   27                                                     -0.00222357140120995949                                                    
op     12   31   56   75   31   12   56   75                       -0.00582827073538734475                                                    
a_ia   16   29                                                      0.00201887119124731637                                                    
op     15   30   59   74   30   15   59   74                       -0.00680857884138215234                                                    
op     18   23   62   67   23   18   62   67                       -0.00442554410365793641                                                    
om     18   30   62   74   30   18   62   74                       -0.00786172000107737343                                                    
a_ia   18   30                                                      0.00177222436025921870                                                    
a_ia   62   67                                                      0.00084928932493299016                                                    
op     15   22   59   66   22   15   59   66                       -0.00639500560773933330                                                    
om      9   30   53   74   30    9   53   74                       -0.01051048961200473121                                                    
a_ia    9   30                                                      0.00167377876953730942                                                    
a_ia   53   74                                                      0.00121968178124613118                                                    
op      9   23   53   67   23    9   53   67                       -0.00972460046998688786                                                    
om      9   30   62   74   30    9   62   74                       -0.00712720028741128508                                                    
a_ia   62   74                                                      0.00146665436004489989                                                    
om     15   28   59   72   28   15   59   72                       -0.00681434445522145424                                                    
a_ia   59   72                                                     -0.00193252336130802930                                                    
om     18   30   53   74   30   18   53   74                       -0.00676174703483960020                                                    
a_ia   18   23                                                      0.00081025820444548247                                                    
op     12   25   56   69   25   12   56   69                       -0.00640830437942763002                                                    
op     15   32   59   76   32   15   59   76                       -0.01032946416010108344                                                    
op     12   32   59   76   32   12   59   76                        0.00655151626123849119                                                    
op     15   39   56   83   39   15   56   83                       -0.00397092061904167574                                                    
op     15   25   59   69   25   15   59   69                       -0.00601233520247970287                                                    
a_ia   15   25                                                      0.00046788788662644072                                                    
a_ia   59   69                                                      0.00045919202363045743                                                    
op     12   32   60   76   32   12   60   76                        0.00435877038362966068                                                    
op     15   32   60   76   32   15   60   76                       -0.00437698552259529854                                                    
a_ia   15   32                                                     -0.00066706086167730950                                                    
op     15   35   59   79   35   15   59   79                       -0.02270194323029440034                                                    
op     16   35   59   79   35   16   59   79                       -0.01242710856125578238                                                    
om     15   35   60   79   35   15   60   79                       -0.01146509435325100516                                                    
om     15   26   59   70   26   15   59   70                       -0.00620738301671215891                                                    
mvp2   15   26   59   79   26   15   59   79                        0.01357982493395592377   -0.24480616064362645257                          
op     12   35   59   79   35   12   59   79                        0.01341072300583038765                                                    
om     12   35   60   79   35   12   60   79                        0.00583211439869155829                                                    
om     12   35   56   79   35   12   56   79                       -0.00595023104974750500                                                    
om     15   35   56   79   35   15   56   79                        0.00542827549038476381                                                    
a_ia   56   79                                                      0.00141090377218997020                                                    
op     15   41   59   85   41   15   59   85                       -0.00714503817500656939                                                    
om     15   40   59   84   40   15   59   84                       -0.00667256283481094861                                                    
op     15   40   59   85   40   15   59   85                       -0.00461374653878462472                                                    
op     15   33   59   77   33   15   59   77                       -0.00302093897226263317                                                    
op     17   42   61   86   42   17   61   86                       -0.00179738558081692155                                                    
om     15   41   59   84   41   15   59   84                       -0.00456201339497431559                                                    
op     10   27   54   71   27   10   54   71                       -0.00503706702905901225                                                    
a_ia   10   27                                                      0.00122191046245060894                                                    
a_ia   55   71                                                     -0.00079000911448242229                                                    
a_ia   54   71                                                      0.00130323464634248204                                                    
op      6   27   50   71   27    6   50   71                       -0.00489692042682460249                                                    
op      1   27   45   71   27    1   45   71                       -0.00730573824344496990                                                    
a_ia    1   27                                                     -0.00111303097407708385                                                    
a_ia   45   71                                                     -0.00117319683323852380                                                    
mvp2   16   34   59   79   34   16   59   79                       -0.01463466515602393145   -0.14530190695052583316                          
mvp2   17   35   59   79   35   17   59   79                       -0.01502458583129483681   -0.57324932213991564023                          
om     15   35   61   79   35   15   61   79                       -0.01281690649205146845                                                    
mvp2   17   34   60   78   34   17   60   78                        0.00538646092938925829   -0.83718477673960156604                          
a_ia   17   34                                                     -0.00016664686219835430                                                    
mvp2   17   35   60   78   35   17   60   78                       -0.00595281024289058200    0.33228056519359400189                          
a_ia   17   35                                                      0.01356390548451823393                                                    
om     17   35   60   79   35   17   60   79                       -0.00855407932067151801                                                    
op     16   33   60   77   33   16   60   77                       -0.00437588477726987956                                                    
om     16   38   60   82   38   16   60   82                       -0.00473042518135895207                                                    
om     17   34   56   78   34   17   56   78                        0.00327798078506459905                                                    
a_ia   56   78                                                      0.00046373190680456448                                                    
mvp2   17   35   56   79   35   17   56   79                        0.00475269062585659263   -0.75303393236366422681                          
mvp2   17   35   56   78   35   17   56   78                       -0.00235092484086312078    0.30454652455726849425                          
mvp3   15   33   16   35   15   16   35   33   15   16   33   35   -0.00614322136471671769   -0.28336090235701222317   -0.34358155865209427660
om     16   35   56   79   35   16   56   79                        0.00420481010901949722                                                    
a_ia   59   78                                                     -0.00316466741459102072                                                    
a_ia   56   79                                                     -0.00144576913623093730                                                    
mvp2   15   35   60   78   35   15   60   78                       -0.00673702050863327941    0.13939267148818407227                          
mvp3   59   78   61   79   59   61   79   78   59   61   78   79   -0.01292878481186710872   -0.36240407304166927238   -0.28884612975906182042
mvp2   17   34   59   79   34   17   59   79                        0.01155527413901881635    0.23377412687823148629                          
mvp2   16   35   61   79   35   16   61   79                       -0.00677399767670563199    0.13812538467149212962                          
a_ia   56   59                                                      0.20195822741879002060                                                    
op      4   27   48   71   27    4   48   71                       -0.00279250171020450780                                                    
op     16   34   61   79   34   16   61   79                       -0.00827667748984137371                                                    
mvp2   16   34   60   79   34   16   60   79                       -0.00618490344760974555   -0.26497342231054160644                          
op      2   27   46   71   27    2   46   71                       -0.00334758907813600829                                                    
mvp2   12   34   56   78   34   12   56   78                       -0.00410618429166562278   -0.28619156357662250967                          
mvp2   12   34   61   78   34   12   61   78                        0.00484734034346251570    0.27454541872221338572                          
mvp2   12   35   61   79   35   12   61   79                        0.00770620934104984754    0.32367541049356479688                          
om     17   34   61   79   34   17   61   79                        0.00984711750210821510                                                    
mvp2   12   34   60   78   34   12   60   78                       -0.00445758528685888302   -0.14701025005662038403                          
mvp2   12   35   60   78   35   12   60   78                        0.00322348104799248568   -0.19577413826733022773                          
om      1   27   48   71   27    1   48   71                        0.00302789533908870813                                                    
om      9   30   55   74   30    9   55   74                        0.00466250047589489031                                                    
op     17   31   59   76   31   17   59   76                        0.01242644392401436038                                                    
op     17   34   59   76   34   17   59   76                       -0.01051628058972424451                                                    
mvp2   16   32   59   76   32   16   59   76                       -0.00957658646985181869   -0.63238520403887787946                          
op     12   33   56   77   33   12   56   77                       -0.00447645457508536078                                                    
mvp3   59   77   60   79   59   60   79   77   59   60   77   79   -0.00857998121127922717   -0.27721038415820947742   -0.30549377290724016865
op     12   38   56   82   38   12   56   82                       -0.00321004520864729076                                                    
op     12   38   61   82   38   12   61   82                       -0.00267986368060577291                                                    
mvp3   59   77   60   78   59   60   78   77   59   60   77   78   -0.00393806018022576677   -0.09664194507539032586    0.12078813576475989910
op     12   37   56   81   37   12   56   81                       -0.00334429180703924326                                                    
op      6   30   50   74   30    6   50   74                       -0.00397360680470608321                                                    
op     11   30   52   74   30   11   52   74                       -0.00409028260095726810                                                    
a_ia   11   30                                                     -0.00089030592547575645                                                    
op      8   30   52   74   30    8   52   74                       -0.00418110246573315854                                                    
a_ia    8   30                                                     -0.00075941825098055804                                                    
om     11   30   55   74   30   11   55   74                       -0.00420723428090190223                                                    
a_ia   55   74                                                     -0.00076264624486570580                                                    
om      8   30   55   74   30    8   55   74                       -0.00409160324754243541                                                    
om     16   29   60   70   29   16   60   70                        0.00440489054538595846                                                    
om     17   34   60   76   34   17   60   76                       -0.00519527392763609926                                                    
mvp2   17   34   60   73   34   17   60   73                        0.00749031624419460064   -0.33796018589539122967                          
mvp3   16   29   17   34   16   17   34   29   16   17   29   34    0.00574012319027587641    0.35023131573904986436    0.26111194642396057253
a_ia   16   29                                                     -0.00216396993354459792                                                    
a_ia   17   29                                                     -0.00126437135490885841                                                    
om     16   28   17   31   16   17   28   31                       -0.00601460848366068210                                                    
a_ia   17   26                                                     -0.00087239775932555883                                                    
a_ia   17   32                                                     -0.00118776423450883900                                                    
a_ia   16   28                                                      0.00062971816113913874                                                    
mvp2   16   26   60   73   26   16   60   73                        0.00675857351946208135    0.53098010217408642131                          
a_ia   60   70                                                     -0.00137418460077195050                                                    
op     12   42   56   86   42   12   56   86                       -0.00209639355783334353                                                    
op     12   36   56   80   36   12   56   80                       -0.00200049035457594950                                                    
om     17   31   60   76   31   17   60   76                        0.00609530814395880822                                                    
om     16   31   60   75   31   16   60   75                       -0.00290301239579924186                                                    
mvp2   15   34   59   79   34   15   59   79                       -0.00504549210662774347   -0.24184857254003030991                          
mvp2   15   34   59   78   34   15   59   78                       -0.00341616069287930440   -0.26899977089164073263                          
mvp2   15   35   59   70   35   15   59   70                        0.00024438390491629943   -0.29078318021540811023                          
a_ia   59   70                                                     -0.00021866835813236761                                                    
a_ia   70   79                                                      0.32792241668292793078                                                    
mvp2   16   26   60   79   26   16   60   79                        0.00882442440193098934    0.22209162120540285046                          
op     15   39   60   83   39   15   60   83                        0.00454502500323066602                                                    
mvp2   15   31   17   32   15   17   31   32                       -0.00581713511609977495    0.18000472276058310239                          
mvp2   15   32   16   39   15   16   39   32                        0.00421945630894890716    0.04152540446572593885                          
mvp2   59   76   60   83   59   60   83   76                        0.00589484271072728688    0.06649459665054696655                          
mvp2   16   26   59   79   26   16   59   79                        0.00394313945275018805   -0.07188067535492717597                          
a_ia   15   28                                                     -0.00197489079943483905                                                    
mvp2   15   28   59   79   28   15   59   79                        0.01144661568027031950    0.12171252331897911003                          
mvp2   17   28   59   79   28   17   59   79                        0.00825229466993590392    0.13686719331342067640                          
mvp2   15   28   60   79   28   15   60   79                        0.00563868337135431472    0.02299546155739439282                          
om      1   30   45   74   30    1   45   74                       -0.00362254094843249969                                                    
a_ia   52   74                                                     -0.00063554903904531126                                                    
om      9   23   57   67   23    9   57   67                        0.00503227289697861201                                                    
op     13   23   57   67   23   13   57   67                       -0.00373376733657891386                                                    
mvp3   60   78   61   80   60   61   80   78   60   61   78   80    0.00529372293920558467   -0.39102652921098030037   -0.49924365255471964131
a_ia   60   80                                                      0.00150653175568032254                                                    
op     17   28   61   79   28   17   61   79                        0.01176289813249243102                                                    
a_ia   61   76                                                     -0.00063014610511815663                                                    
mvp2   15   28   61   79   28   15   61   79                        0.00746796859023160595    0.13098101593248276386                          
mvp2   15   26   61   79   26   15   61   79                        0.00693788131059370258    0.07314379980428703520                          
op     16   38   60   70   38   16   60   70                        0.00443582976172061851                                                    
mvp2   16   36   60   80   36   16   60   80                       -0.00353867553718237174   -0.74881237351317220252                          
mvp2   16   36   60   78   36   16   60   78                        0.00264425106795028193    0.18297390054531600945                          
op     16   37   60   81   37   16   60   81                       -0.00240075883098234957                                                    
op     16   40   60   84   40   16   60   84                       -0.00387156875683744009                                                    
op     16   40   60   82   40   16   60   82                       -0.00298244295937988768                                                    
op     12   43   56   87   43   12   56   87                       -0.00107372300173181690                                                    
op     16   43   60   87   43   16   60   87                       -0.00215975384953856226                                                    
op     16   42   60   86   42   16   60   86                       -0.00203562289524243396                                                    
mvp3   15   32   17   34   15   17   34   32   15   17   32   34   -0.00344793955620334913   -0.17560540685847106368   -0.27043088781732321779
op     13   23   53   67   23   13   53   67                        0.00529480568959672313                                                    
om      1   27   44   71   27    1   44   71                        0.00330422657699097622                                                    
a_ia   44   71                                                      0.00058798230224922903                                                    
om      1   27   54   71   27    1   54   71                        0.00378575391760766497                                                    
om     11   30   53   74   30   11   53   74                        0.00440804126025143208                                                    
om      8   30   53   74   30    8   53   74                        0.00407421563553021435                                                    
op     10   27   53   71   27   10   53   71                        0.00560821620866259682                                                    
om      1   27   53   71   27    1   53   71                       -0.00397669365773381089                                                    
om     10   27   45   71   27   10   45   71                        0.00377988617617492674                                                    
om      9   30   52   74   30    9   52   74                        0.00430734699613346574                                                    
om      9   27   45   71   27    9   45   71                       -0.00494175125932902470                                                    
om      9   27   54   71   27    9   54   71                        0.00650048637244311171                                                    
mvp2    9   27   53   74   27    9   53   74                        0.00484166736577255116   -0.14098012403471890663                          
op      1   27   53   74   27    1   53   74                        0.00292817231559176685                                                    
op      9   30   53   71   30    9   53   71                        0.00492882489892677075                                                    
om     16   41   60   84   41   16   60   84                        0.00174304350417024407                                                    
mvp2   59   76   61   78   59   61   78   76                       -0.00579651648498826465    0.12331393253592715098                          
op     15   29   59   73   29   15   59   73                       -0.00403661845083569566                                                    
a_ia   15   26                                                     -0.00077546531775972069                                                    
op     15   29   59   85   29   15   59   85                        0.00342438315430930104                                                    
mvp2   15   29   59   76   29   15   59   76                       -0.00371972579646113587   -0.35962725867194489382                          
mvp2   59   75   61   76   59   61   75   76                       -0.00602644626621108483   -0.32282441400629524608                          
om     16   38   60   84   38   16   60   84                       -0.00298724083069767422                                                    
om     15   36   59   80   36   15   59   80                       -0.00264650855235245164                                                    
mvp2   16   33   60   82   33   16   60   82                        0.00221908971739875373   -0.41141063861765431175                          
op     16   40   60   70   40   16   60   70                        0.00393088980845300584                                                    
op     15   37   59   81   37   15   59   81                       -0.00187016069502279263                                                    
op     13   23   58   67   23   13   58   67                        0.00338816564141625936                                                    
op     14   23   58   67   23   14   58   67                       -0.00349175591767401927                                                    
om     14   23   57   67   23   14   57   67                        0.00331877972741013473                                                    
om     17   25   61   69   25   17   61   69                       -0.00614773604241151267                                                    
mvp2   17   34   61   72   34   17   61   72                       -0.00238491514615017447    0.31547837112039212037                          
a_ia   61   72                                                     -0.00265215905356371712                                                    
op     17   22   61   66   22   17   61   66                       -0.00462138674684595997                                                    
op     17   24   58   68   24   17   58   68                        0.00896073576892515884                                                    
op     14   24   61   68   24   14   61   68                        0.00838052109100842317                                                    
a_ia   61   68                                                     -0.00147508236933264775                                                    
op      6   23   50   67   23    6   50   67                       -0.00223893735677724477                                                    
op      9   27   61   71   27    9   61   71                       -0.01088742696734519913                                                    
a_ia   17   24                                                     -0.00140555133423123893                                                    
op      1   27   61   71   27    1   61   71                       -0.00625640622254473693                                                    
op     10   27   61   71   27   10   61   71                        0.00693019555142299765                                                    
om      9   30   61   74   30    9   61   74                       -0.00598557209603867157                                                    
a_ia   61   74                                                      0.00125390631313261028                                                    
mvp2   15   35   59   72   35   15   59   72                        0.00819015634502827557   -0.21435869319547498635                          
om     15   26   59   72   26   15   59   72                       -0.00242384075784077020                                                    
op     10   30   53   74   30   10   53   74                        0.00272205224608996132                                                    
om     14   24   57   68   24   14   57   68                        0.00415829676454796456                                                    
om     17   24   57   68   24   17   57   68                       -0.00500305639419541901                                                    
om     17   27   53   71   27   17   53   71                       -0.00698044969152225754                                                    
op     17   27   45   71   27   17   45   71                       -0.00559128680347935510                                                    
op     17   27   54   71   27   17   54   71                        0.00612675208965589302                                                    
op     17   30   53   74   30   17   53   74                       -0.00452868199070630313                                                    
a_ia   17   30                                                      0.00094259240188241701                                                    
a_ia   53   61                                                     -0.13701237588706705051                                                    
om     17   30   61   74   30   17   61   74                       -0.00375734705028007206                                                    
om      9   30   45   71   30    9   45   71                        0.00295614817541890729                                                    
om     16   26   60   82   26   16   60   82                        0.00444399305786133403                                                    
mvp2   16   26   60   84   26   16   60   84                        0.00393366638693292553   -0.25799155531642470329                          
mvp2   16   26   60   77   26   16   60   77                       -0.00442241021045107225   -0.19619178664373529419                          
a_ia   72   79                                                      0.43545061748785096611                                                    
mvp2   15   35   59   72   35   15   59   72                       -0.00860947766242269388    0.09772131627044518265                          
mvp2   15   35   59   69   35   15   59   69                       -0.00287409539156628559    0.06379594596243458315                          
a_ia   69   72                                                      0.22042011421996743348                                                    
a_ia   25   28                                                      0.27402553605596119413                                                    
mvp2   16   35   59   78   35   16   59   78                       -0.00392129383248908479    0.05041323580911338809                          
op     16   28   60   79   28   16   60   79                        0.00829056480615469361                                                    
mvp3   59   76   60   80   59   60   80   76   59   60   76   80   -0.00519760882808519356    0.13719849048019847060    0.28046757722803034030
a_ia   60   76                                                     -0.00089590905354632337                                                    
a_ia   59   60                                                      0.05724656684088043346                                                    
a_ia   76   79                                                      0.08284834426902837334                                                    
mvp2   16   36   59   76   36   16   59   76                       -0.00314395113825493384   -0.16268639362793405057                          
a_ia   73   75                                                      0.35452165549857767024                                                    
mvp2   16   28   59   76   28   16   59   76                        0.00347553941469115873    0.15605755360102743778                          
op     15   32   60   83   32   15   60   83                        0.00391365637753609413                                                    
mvp2   15   32   60   72   32   15   60   72                        0.00376938442495772024   -0.28433175155464840422                          
a_ia   31   34                                                     -0.10388867349571666299                                                    
op     16   28   59   79   28   16   59   79                        0.00380618230867862430                                                    
om     15   34   60   79   34   15   60   79                       -0.00425833676963880813                                                    
a_ia   72   79                                                      0.07198328211875676397                                                    
op     13   39   60   83   39   13   60   83                       -0.00226605357908781510                                                    
op     18   39   60   83   39   18   60   83                       -0.00306152968694086737                                                    
om     16   39   57   83   39   16   57   83                       -0.00216816431538787791                                                    
op     16   22   60   66   22   16   60   66                       -0.00648329480696524085                                                    
mvp2   16   24   60   83   24   16   60   83                        0.00618752517495133221    0.13781410914773900567                          
a_ia   57   60                                                     -0.14245554933981560697                                                    
op     16   39   60   68   39   16   60   68                        0.00603785136267573699                                                    
a_ia   13   16                                                     -0.13911750195165090149                                                    
