op     25   26   77   78   26   25   77   78                       -0.14722107159822572786                                                    
op     23   26   77   79   26   23   77   79                       -0.09592273148374827474                                                    
op     23   27   75   79   27   23   75   79                       -0.07671415027251442253                                                    
op     25   27   75   78   27   25   75   78                       -0.06708870593793922477                                                    
om     23   26   75   78   26   23   75   78                       -0.07960872866458763852                                                    
mvp2   25   27   77   79   27   25   77   79                       -0.04937935575407638444    0.18356133072738045620                          
mvp3   23   26   25   27   23   25   27   26   23   25   26   27   -0.09237242734167497304    0.22518384237689326177   -0.26146808956823269776
mvp2   25   26   75   79   26   25   75   79                       -0.06077605159727905021   -0.20091580729531710592                          
a_ia   24   25                                                      0.18480845710607668453                                                    
a_ia   23   24                                                      0.06863114387820799800                                                    
a_ia   75   76                                                      0.06440853824351788770                                                    
mvp2   25   26   76   78   26   25   76   78                        0.00093051433223596618   -0.01111262341336552786                          
op     15   33   67   85   33   15   67   85                       -0.02037643504928834948                                                    
op     15   33   68   85   33   15   68   85                        0.00798770428522849012                                                    
mvp2   23   27   75   93   27   23   75   93                        0.00070755246626843680   -0.00384787269106655208                          
mvp2   23   26   77   93   26   23   77   93                        0.00717882696677747678   -0.12581042258638078235                          
a_ia   77   93                                                     -0.00859229140151315622                                                    
mvp2   23   41   75   79   41   23   75   79                       -0.00735658947437625894    0.06609787791061547124                          
mvp2   23   41   75   93   41   23   75   93                       -0.00858387096843018192    0.06040785705814363804                          
a_ia   79   93                                                      0.14690742364043246626                                                    
op     23   39   75   91   39   23   75   91                       -0.01278391935934785999                                                    
a_ia   23   35                                                      0.00518707184488572792                                                    
a_ia   75   91                                                     -0.00834444008220480184                                                    
a_ia   23   39                                                     -0.01047616728981575797                                                    
a_ia   75   87                                                      0.00528711756341068619                                                    
a_ia   23   34                                                      0.00718185572628054873                                                    
op     23   38   75   90   38   23   75   90                       -0.00923572966906880018                                                    
op     23   37   75   89   37   23   75   89                       -0.00696268844565492429                                                    
a_ia   23   37                                                     -0.00469811763964057133                                                    
a_ia   75   89                                                     -0.00485371134469940371                                                    
op     16   28   68   80   28   16   68   80                       -0.01541829300270900274                                                    
op     16   33   67   85   33   16   67   85                        0.00820556912720535499                                                    
op     16   28   67   80   28   16   67   80                       -0.00697156904192835179                                                    
a_ia   68   80                                                      0.00089824198801575475                                                    
op     16   33   68   85   33   16   68   85                       -0.00385267250330742364                                                    
op     15   33   74   85   33   15   74   85                       -0.00327617137160206252                                                    
mvp2   25   41   77   79   41   25   77   79                        0.01008523536308062081    0.15087874436501652609                          
a_ia   25   41                                                     -0.12161508718492146375                                                    
mvp2   25   41   77   93   41   25   77   93                       -0.00530720550650589252   -0.11590206880113008980                          
mvp2   25   39   77   78   39   25   77   78                       -0.01575474087901773332   -0.08755989762156941858                          
a_ia   25   39                                                     -0.00001819594596088989                                                    
a_ia   78   93                                                      0.02496744862209901092                                                    
mvp2   25   26   77   91   26   25   77   91                       -0.01584074066680894732   -0.00053568485607672018                          
a_ia   77   91                                                      0.00435574072132409538                                                    
a_ia   78   91                                                     -0.25481951160700022641                                                    
a_ia   26   39                                                     -0.24821945726987112990                                                    
a_ia   27   41                                                      0.05896294341533353522                                                    
a_ia   76   79                                                     -0.00190685667884631246                                                    
a_ia   75   86                                                      0.00662145869999315739                                                    
a_ia   16   28                                                      0.00036988921467392120                                                    
a_ia   23   38                                                      0.00222613522767362579                                                    
a_ia   25   41                                                      0.12474073482735933971                                                    
op     15   28   68   80   28   15   68   80                       -0.00705018833806452319                                                    
a_ia   67   80                                                      0.00006850260074298001                                                    
mvp2   25   26   67   83   26   25   67   83                       -0.01618294996378856487    0.11621831701337660692                          
a_ia   67   83                                                      0.00237522555638745511                                                    
op     15   32   67   84   32   15   67   84                       -0.00743831641725697327                                                    
op     15   29   67   81   29   15   67   81                       -0.00736781611089762280                                                    
op     15   29   67   84   29   15   67   84                       -0.00393636530593552761                                                    
mvp2   15   31   67   83   31   15   67   83                       -0.00727524857821308484   -0.79306341958571902051                          
op     15   42   67   94   42   15   67   94                       -0.00824527741176011610                                                    
op     15   36   67   88   36   15   67   88                       -0.00545556929651000617                                                    
op     15   36   67   94   36   15   67   94                        0.00146799092970935634                                                    
op     15   40   67   92   40   15   67   92                       -0.00466304077235966778                                                    
op     15   43   67   95   43   15   67   95                       -0.00298594454318984025                                                    
op     15   44   67   96   44   15   67   96                       -0.00172790004240941874                                                    
op     15   45   67   97   45   15   67   97                       -0.00299039742799174328                                                    
op     15   46   67   98   46   15   67   98                       -0.00432007815121871787                                                    
op     15   47   67   99   47   15   67   99                       -0.00336254403748387264                                                    
op     16   32   68   84   32   16   68   84                       -0.00672290975761515378                                                    
op     15   48   67  100   48   15   67  100                       -0.00282148434014906253                                                    
mvp2   25   26   64   79   26   25   64   79                       -0.03022450273559829440   -0.10836311514154998992                          
mvp2   25   27   64   78   27   25   64   78                       -0.02200769657351382344   -0.15295858380459867454                          
om     12   26   64   78   26   12   64   78                       -0.02367161802742924134                                                    
a_ia   64   78                                                     -0.00054619620660764916                                                    
a_ia   16   25                                                     -0.02330420752727656655                                                    
mvp2   12   27   77   78   27   12   77   78                       -0.03068029288850013594    0.11996333491039981589                          
mvp2   12   26   77   79   26   12   77   79                       -0.02512287447364727061    0.10392698638566473524                          
a_ia   76   77                                                      0.15989340468840257392                                                    
a_ia   76   78                                                      0.00134125177067804862                                                    
a_ia   24   26                                                      0.00188389481783180195                                                    
op     16   44   68   96   44   16   68   96                       -0.00684520036957573814                                                    
op     16   30   68   82   30   16   68   82                       -0.00476067207874073667                                                    
om     16   36   68   88   36   16   68   88                       -0.00581521334412979200                                                    
a_ia   16   36                                                     -0.00159986446829846543                                                    
op     16   38   68   90   38   16   68   90                       -0.00559231001907891431                                                    
op     16   40   68   92   40   16   68   92                       -0.00487705821126622596                                                    
op     15   47   67   95   47   15   67   95                        0.00165005313906035011                                                    
mvp2   21   26   77   78   26   21   77   78                        0.00921455200024905684   -0.03374321503238944531                          
op     16   45   68   97   45   16   68   97                       -0.00275651518318611229                                                    
op     15   43   67   99   43   15   67   99                        0.00304779021814700901                                                    
a_ia   73   77                                                      0.14260131862796274205                                                    
a_ia   73   78                                                      0.00176402395932291839                                                    
a_ia   21   26                                                      0.00090508374540547974                                                    
mvp2   12   26   77   93   26   12   77   93                       -0.00215170480325316271    0.09577991304835686837                          
a_ia   79   93                                                      0.19804682615186811057                                                    
mvp2   18   31   77   79   31   18   77   79                       -0.01259546251393446614   -0.20274115442000206766                          
op     16   47   68   96   47   16   68   96                       -0.00384861706229677443                                                    
om     16   47   68   99   47   16   68   99                       -0.00368040921822025691                                                    
op     15   43   67   98   43   15   67   98                        0.00030513493925179232                                                    
op     15   45   68   96   45   15   68   96                       -0.00193610624399430105                                                    
op     15   42   68   96   42   15   68   96                       -0.00196168412708247345                                                    
op     23   48   75  100   48   23   75  100                       -0.00289781792110164983                                                    
om     15   45   68   99   45   15   68   99                       -0.00154285168068872482                                                    
op     18   32   70   84   32   18   70   84                       -0.00476845665737556188                                                    
a_ia   18   32                                                      0.00065171319895793113                                                    
a_ia   70   77                                                      0.03986355994293040717                                                    
mvp2   25   27   70   83   27   25   70   83                       -0.01807376292857980696    0.19072548115302270788                          
a_ia   70   83                                                     -0.00046588757908151181                                                    
mvp2   18   31   70   83   31   18   70   83                       -0.00645579174033462933   -0.05552962677170178440                          
a_ia   27   41                                                      0.05000906557142875686                                                    
op     23   49   75  101   49   23   75  101                       -0.00250958057477062820                                                    
op     16   49   68  101   49   16   68  101                       -0.00445501880537008468                                                    
a_ia   15   42                                                     -0.00017455114168083439                                                    
mvp2   18   27   25   42   18   25   27   42                        0.02273289579048131184   -0.31264014797453604233                          
a_ia   18   25                                                      0.03770044945299991235                                                    
a_ia   18   42                                                     -0.00071822847789560114                                                    
a_ia   18   30                                                     -0.00439341144717551781                                                    
a_ia   27   42                                                     -0.01860745360008654245                                                    
op     18   40   70   92   40   18   70   92                       -0.00650134319193290157                                                    
a_ia   70   82                                                     -0.00210923296346394095                                                    
op     18   36   70   88   36   18   70   88                       -0.00606276590299112492                                                    
a_ia   77   78                                                     -0.00875291812472139656                                                    
a_ia   77   79                                                      0.00917281620017184295                                                    
a_ia   67  100                                                      0.00019910494799267370                                                    
a_ia   25   27                                                      0.00260777387788799870                                                    
a_ia   70   92                                                     -0.00013555148043557926                                                    
a_ia   18   36                                                      0.00075845903380785231                                                    
mvp2   18   42   70   94   42   18   70   94                       -0.00969110018673084370    0.59577951189097377860                          
om     18   30   70   82   30   18   70   82                       -0.00662244964499813637                                                    
a_ia   18   42                                                     -0.00027274154498264978                                                    
a_ia   27   39                                                     -0.03089461980766048527                                                    
op     15   49   68  101   49   15   68  101                       -0.00186358868056095070                                                    
op     16   49   67  101   49   16   67  101                       -0.00184822039073722928                                                    
op     15   49   67  101   49   15   67  101                       -0.00194086536042080795                                                    
op      9   33   61   85   33    9   61   85                       -0.00590262325221336051                                                    
op      9   33   65   85   33    9   65   85                        0.00377608665081621874                                                    
a_ia    9   33                                                     -0.00063654852511720440                                                    
om     13   33   65   85   33   13   65   85                       -0.00330178468176416280                                                    
op     11   33   63   85   33   11   63   85                       -0.00243356345583672397                                                    
a_ia   63   85                                                      0.00073101423962736568                                                    
a_ia   11   33                                                      0.00078503740685195581                                                    
op      5   33   57   85   33    5   57   85                       -0.00465719292464325009                                                    
a_ia   60   85                                                      0.00170918383332969949                                                    
a_ia    8   33                                                      0.00181627079448998230                                                    
op      8   33   60   85   33    8   60   85                       -0.00335948680004282936                                                    
op      5   33   59   85   33    5   59   85                        0.00271859495083318949                                                    
a_ia   59   85                                                      0.00094533314118333360                                                    
a_ia    7   33                                                      0.00097716310975307021                                                    
op     13   33   57   85   33   13   57   85                        0.00268667816177230829                                                    
op      9   33   57   85   33    9   57   85                       -0.00439533850423741001                                                    
om     18   40   70   82   40   18   70   82                       -0.00353534825207067619                                                    
op     18   35   70   87   35   18   70   87                       -0.00381795794399092565                                                    
a_ia   18   35                                                      0.00123064850161355753                                                    
op     15   46   67   95   46   15   67   95                        0.00133034883591789358                                                    
a_ia   15   46                                                     -0.00000033899426173097                                                    
a_ia   21   24                                                     -0.43556385004271447325                                                    
op      9   33   60   85   33    9   60   85                        0.00303753330854547154                                                    
om     15   38   67   90   38   15   67   90                       -0.00382815281919720793                                                    
om     18   45   70   97   45   18   70   97                       -0.00184505965342548106                                                    
a_ia   70   88                                                      0.00040983111263460275                                                    
a_ia   70   87                                                      0.00108045945224507340                                                    
mvp2   15   42   70   95   42   15   70   95                        0.00598444192072470141   -0.26433370832961694541                          
mvp2   15   42   70   97   42   15   70   97                       -0.00222870138306858687    0.18442878981468735500                          
mvp2   18   43   70   95   43   18   70   95                       -0.00228401073326174034   -0.54706397929161476590                          
a_ia   70   99                                                     -0.00085493803612438643                                                    
a_ia   70   90                                                      0.00076036026997398562                                                    
a_ia   18   47                                                     -0.00122305951939235494                                                    
mvp2   18   42   67   95   42   18   67   95                        0.00749612635930132099   -0.32393560877121807540                          
mvp3   15   42   18   43   15   18   43   42   15   18   42   43   -0.00545187758524581095   -0.34285132985157984464    0.50349794301175843092
mvp2   18   42   67   99   42   18   67   99                       -0.00506061257096988154    0.21670361196543067028                          
mvp2   15   42   18   47   15   18   42   47                        0.00362539302622108235   -0.24234235032939782650                          
mvp3   15   38   18   42   15   18   42   38   15   18   38   42    0.00418415856474948361    0.31781153698795611140    0.28703326007319351909
a_ia   18   38                                                      0.00021321409690457682                                                    
mvp2   15   43   67   88   43   15   67   88                        0.00330886906629229314   -0.67030502853404660968                          
mvp2   18   42   67   88   42   18   67   88                       -0.00349380936055395568    0.22251514932665969471                          
mvp2   15   42   67   88   42   15   67   88                        0.00259255811210315967    0.33387951391385300992                          
mvp2   23   27   67   94   27   23   67   94                       -0.01594983206737699694    0.12347272238151148216                          
a_ia   67   94                                                     -0.00108014944289051514                                                    
mvp2   15   27   23   42   15   23   27   42                        0.01568720506004147100   -0.08264264455214978544                          
a_ia   23   27                                                     -0.00122296981642999758                                                    
mvp2   18   27   23   43   18   23   27   43                       -0.00857074555073850108    0.05634631655419768820                          
mvp2   23   27   68   96   27   23   68   96                       -0.01246386405276814040    0.08637689467852899261                          
mvp2   23   27   68   88   27   23   68   88                       -0.01066884467614164465    0.05329676884629788725                          
a_ia   38   42                                                      0.27942949675694228606                                                    
mvp2   23   27   68   99   27   23   68   99                       -0.00665917202001555138    0.02221221097612835135                          
mvp2   18   27   23   45   18   23   27   45                        0.00663099752991844378   -0.05509271455883413271                          
mvp2   23   41   67   94   41   23   67   94                       -0.00920578761761401375    0.09890164817001924347                          
a_ia   23   41                                                     -0.00259221651980248670                                                    
mvp2   23   41   68   96   41   23   68   96                       -0.00998147511871053453    0.05611727593450682727                          
mvp2   23   41   67   97   41   23   67   97                       -0.00396898882600602368    0.14150520597473759121                          
mvp2   23   27   70   97   27   23   70   97                       -0.00869429309229301575    0.04918988083184125393                          
mvp2   23   27   70   95   27   23   70   95                        0.00927987534913608629   -0.04594204293088225560                          
mvp2   23   27   68   90   27   23   68   90                        0.00746252028561531205   -0.04453345628014435814                          
mvp2   23   41   70   95   41   23   70   95                        0.00628055874387303294   -0.15420692570316069103                          
mvp2   23   41   68   99   41   23   68   99                       -0.00390800173058177425    0.06536931530691014736                          
om     23   41   70   97   41   23   70   97                       -0.00532987991752033926                                                    
mvp2   15   41   23   42   15   23   41   42                        0.00599375779283031328   -0.24365499813578184174                          
a_ia   87   94                                                     -0.19869645350274822704                                                    
a_ia   18   45                                                      0.00102735831124949875                                                    
mvp2   16   27   23   38   16   23   27   38                       -0.00839151718865368754    0.08279757918640605341                          
mvp2   15   42   70   90   42   15   70   90                       -0.00320862552659466164    0.37334325982082167128                          
a_ia   27   38                                                     -0.01229728346543321540                                                    
mvp2   25   39   77   91   39   25   77   91                       -0.00440787101888794487   -0.14850940179661109575                          
mvp2   25   34   77   78   34   25   77   78                        0.01353676561123621711    0.01310363275483420603                          
a_ia   78   81                                                      0.00997440466186613230                                                    
mvp2   18   40   77   78   40   18   77   78                       -0.01004300002312091995   -0.07175654599236221121                          
mvp2   70   78   77   92   70   77   78   92                        0.00919602621857116068   -0.07127566703955659499                          
mvp2   18   36   77   78   36   18   77   78                       -0.00608638551396943270   -0.03585055649419502388                          
mvp3   67   94   70   96   67   70   96   94   67   70   94   96    0.00341165994642444580   -0.20749182744044561422   -0.44675811204299215040
mvp2   15   42   68   90   42   15   68   90                        0.00313703836629319888   -0.11965622518883138603                          
mvp2   15   41   23   45   15   23   41   45                        0.00395992192014863256   -0.26956065241934307197                          
a_ia   15   23                                                     -0.01098445664878587406                                                    
op     25   35   77   87   35   25   77   87                       -0.00691717598419688481                                                    
a_ia   77   87                                                      0.00076141508181129395                                                    
op     25   30   77   82   30   25   77   82                       -0.00809064462586059872                                                    
mvp2   25   35   77   78   35   25   77   78                        0.00944776014732547943    0.01637194313726663200                          
a_ia   78   87                                                     -0.01055937049859710826                                                    
mvp2   25   39   67   94   39   25   67   94                        0.00681149583575860890    0.21785545081420340519                          
a_ia   67   94                                                      0.00015868669913853955                                                    
mvp2   25   39   70   95   39   25   70   95                       -0.00477438903785191299   -0.04177711426014012186                          
a_ia   25   37                                                     -0.00958319528190848882                                                    
a_ia   92   96                                                     -0.20850004869974786414                                                    
mvp2   25   27   68   88   27   25   68   88                       -0.00897388633567374958    0.12457657177838477036                          
a_ia   25   38                                                     -0.00184947812605872454                                                    
mvp2   16   27   25   36   16   25   27   36                        0.00981052361550783375   -0.13073564227314515840                          
mvp2   15   27   25   36   15   25   27   36                        0.00690937589720827527   -0.10240178605739599926                          
a_ia   25   36                                                     -0.00115985965155962771                                                    
mvp2   16   27   23   36   16   23   27   36                        0.00829445205897928403   -0.07157765174884270221                          
mvp2   18   41   23   43   18   23   41   43                       -0.00386054328719280786    0.20434090421245684754                          
mvp2   18   41   23   45   18   23   41   45                        0.00270091751431045810   -0.22339630654439970869                          
mvp2   16   27   23   44   16   23   27   44                        0.01224084243277978601   -0.05300718455403841123                          
a_ia   27   41                                                      0.24564342388764764946                                                    
mvp2   16   41   23   44   16   23   41   44                        0.00434432787421911229   -0.26649446978563762212                          
a_ia   16   44                                                      0.00566689822057826146                                                    
mvp2   16   44   67   97   44   16   67   97                       -0.00402052869008062870    0.14980948345363706564                          
op     23   39   67   96   39   23   67   96                        0.00477875760296290336                                                    
a_ia   16   18                                                     -0.10737277545227799647                                                    
mvp2   16   39   23   45   16   23   39   45                       -0.00387606783632351822    0.24921530087559748412                          
a_ia   16   45                                                     -0.00214938207827113266                                                    
mvp2   23   39   68   97   39   23   68   97                        0.00585232602641550144   -0.22851189975036745317                          
a_ia   68   97                                                     -0.00187325828469906645                                                    
mvp2   15   39   23   44   15   23   39   44                       -0.00379560562425504140    0.30443144197335880730                          
a_ia   15   44                                                     -0.00308986736891049074                                                    
a_ia   27   41                                                     -0.00966578207987117861                                                    
op     16   44   68   99   44   16   68   99                       -0.00288204090319267320                                                    
om     25   41   68   97   41   25   68   97                       -0.00328781646136088465                                                    
a_ia   36   42                                                      0.11381188754004424590                                                    
mvp2   16   39   23   44   16   23   39   44                       -0.00428922689047815317    0.11506482193024400451                          
a_ia   16   44                                                     -0.00467876406469169663                                                    
mvp2   23   39   68   96   39   23   68   96                        0.00414057733467531556   -0.14215269491435628124                          
om      7   33   60   85   33    7   60   85                       -0.00275082265830761197                                                    
a_ia   27   36                                                     -0.00947451749571546348                                                    
om      5   33   61   85   33    5   61   85                       -0.00452144880225365062                                                    
a_ia   61   85                                                     -0.00063997102016844420                                                    
om      5   33   60   85   33    5   60   85                        0.00246067400547970343                                                    
op     13   33   61   85   33   13   61   85                        0.00385199759764573262                                                    
om      7   33   61   85   33    7   61   85                        0.00291342268440692451                                                    
om      8   33   61   85   33    8   61   85                        0.00309854503758086319                                                    
op      8   33   59   85   33    8   59   85                       -0.00261398189726665337                                                    
om      7   33   59   85   33    7   59   85                       -0.00243937122545031648                                                    
op      4   33   56   85   33    4   56   85                       -0.00244147772291712986                                                    
op      1   33   53   85   33    1   53   85                       -0.00331616266555603660                                                    
a_ia   58   85                                                     -0.00097205382784794944                                                    
a_ia    1   33                                                      0.00067981698521851546                                                    
a_ia    6   33                                                     -0.00106573051516740481                                                    
mvp2   23   27   68   84   27   23   68   84                       -0.01326193295339946412    0.08214652405189626361                          
mvp2   23   27   70   84   27   23   70   84                        0.01511394608948630862   -0.12736581692488371798                          
a_ia   70   84                                                     -0.00181542392516808020                                                    
mvp2   23   27   67   84   27   23   67   84                        0.00830471737468872068   -0.06697983135935803300                          
a_ia   73   79                                                     -0.00189715827355433752                                                    
a_ia   68   84                                                      0.00083189301368417304                                                    
a_ia   23   27                                                     -0.00571429411012918439                                                    
mvp2   16   44   68   84   44   16   68   84                       -0.00378307938415279373    0.21214995287364488141                          
mvp2   25   39   68   96   39   25   68   96                        0.00400942868038402407    0.11660779196064360863                          
a_ia   25   39                                                      0.00416273279729629814                                                    
mvp2   18   27   23   32   18   23   27   32                       -0.01102452415703345477    0.17562376300396012607                          
mvp2   16   27   23   32   16   23   27   32                        0.01081196449339532142   -0.16486779189071537610                          
a_ia   16   32                                                      0.00112497909034804688                                                    
a_ia   18   32                                                     -0.00346466719769103265                                                    
mvp2   25   27   67   92   27   25   67   92                       -0.00663146134802717387    0.10195952540827471489                          
a_ia   67   92                                                     -0.00188165479059254864                                                    
mvp2   25   27   67   84   27   25   67   84                        0.00600432760788791996   -0.10320163060089203311                          
mvp2   15   27   25   40   15   25   27   40                        0.00837555675997663472   -0.11854814362654315929                          
a_ia   15   40                                                     -0.00180779792021256878                                                    
a_ia   25   27                                                     -0.00460710341555308975                                                    
mvp2   25   27   67   87   27   25   67   87                       -0.00734953580816702281    0.11291874010248233173                          
mvp2   15   27   25   35   15   25   27   35                        0.00616855968598060619   -0.12197222704108581781                          
a_ia   27   35                                                     -0.03664778645539618768                                                    
a_ia   15   35                                                     -0.00103463630204983937                                                    
mvp2   15   27   25   32   15   25   27   32                       -0.00445974582053099838    0.11447264733431684880                          
mvp2   15   27   23   32   15   23   27   32                       -0.00672571447636138332    0.08029996639246871071                          
mvp2   25   26   67   94   26   25   67   94                       -0.01143207049387933577    0.03818446073893339010                          
a_ia   25   26                                                     -0.01032571527027210771                                                    
a_ia   23   26                                                      0.00514670533595449394                                                    
mvp2   18   26   25   43   18   25   26   43                       -0.00609061489678502238    0.02581894366887998657                          
op     11   29   63   81   29   11   63   81                       -0.00960538310869777680                                                    
op     11   28   63   80   28   11   63   80                       -0.00340654087353559456                                                    
mvp2   16   26   23   30   16   23   26   30                       -0.00840938435952922302    0.10691401564416053160                          
mvp2   23   26   67   94   26   23   67   94                        0.00472691545629656557   -0.06209256308847035249                          
