op     30   32   94   96   32   30   94   96                       -0.14988897026289349501                                                    
op     30   33   94   97   33   30   94   97                       -0.05237976933940910462                                                    
op     28   32   92   96   32   28   92   96                       -0.03323367702210638236                                                    
op     30   34   94   98   34   30   94   98                       -0.02333940832051014519                                                    
op     28   33   92   97   33   28   92   97                       -0.10544486269872983819                                                    
op     27   32   91   96   32   27   91   96                        0.00936498765289535233                                                    
op     28   33   92   96   33   28   92   96                       -0.07795982834807660411                                                    
a_ia   30   31                                                     -0.00657373858957691331                                                    
op     28   32   92   97   32   28   92   97                        0.00987796103499042309                                                    
op     28   34   92   98   34   28   92   98                       -0.03910707927429342423                                                    
a_ia   94   95                                                      0.02006089998803107372                                                    
op     30   34   92   98   34   30   92   98                       -0.00311953766598437304                                                    
op     28   34   92   97   34   28   92   97                       -0.05481882368124215560                                                    
mvp2   30   33   92   97   33   30   92   97                       -0.01016937263715043949   -0.35747130307590169185                          
a_ia   92   97                                                     -0.00050454505543235881                                                    
a_ia   28   30                                                      0.54217568913888614102                                                    
mvp2   30   34   92   97   34   30   92   97                       -0.02524638916999790220   -0.59394733484109418775                          
mvp2   28   33   94   97   33   28   94   97                       -0.05186730990803317676    1.59619281470295004688                          
mvp2   28   33   94   98   33   28   94   98                       -0.01599618691600854237    0.32697401067684106479                          
mvp2   28   33   92   98   33   28   92   98                       -0.05509314500843214002   -0.08232653855161449485                          
a_ia   92   98                                                      0.00143543879880859049                                                    
a_ia   92   94                                                      0.33769119724543911198                                                    
op     28   32   94   98   32   28   94   98                       -0.02383294542168699556                                                    
mvp2   30   32   94   97   32   30   94   97                       -0.04032142171227381250    0.45137777808035123295                          
a_ia   30   32                                                     -0.01161357797505475041                                                    
a_ia   91   96                                                      0.00623150860227910785                                                    
mvp2   30   34   92   96   34   30   92   96                       -0.02830140256698110771    0.33622232501797766346                          
a_ia   94   95                                                     -0.21328147105248110305                                                    
a_ia   32   34                                                     -0.86029793724563496937                                                    
a_ia   92   97                                                     -0.00354047947708167280                                                    
a_ia   96   98                                                     -0.57486095586717445016                                                    
a_ia   92   96                                                     -0.02722256163799863932                                                    
mvp2   28   32   92   98   32   28   92   98                        0.01359957538118206945    0.72594871598725185802                          
a_ia   30   31                                                     -0.16333683308169905102                                                    
a_ia   94   96                                                     -0.00898898574731497001                                                    
a_ia   95   96                                                      0.00044279708140818042                                                    
mvp2   27   32   94   98   32   27   94   98                       -0.01606738700107523260   -0.21599238594581487982                          
a_ia   27   30                                                      0.19804346129062860848                                                    
op     31   32   95   96   32   31   95   96                       -0.03666108977288146803                                                    
mvp2   31   32   95   97   32   31   95   97                        0.02062597372349270208    0.16665365325168987609                          
op     31   32   95   98   32   31   95   98                       -0.01776950529075097679                                                    
a_ia   27   32                                                     -0.00351583626319433139                                                    
a_ia   30   33                                                      0.00224708623037975707                                                    
mvp2   30   34   91   96   34   30   91   96                       -0.00244893852160284805    0.07655437637346133861                          
a_ia   32   34                                                      0.29269463360802355778                                                    
mvp2   30   34   89   96   34   30   89   96                       -0.00733041869863635710    0.05033493723800157305                          
a_ia   92   94                                                      0.10049970020461711229                                                    
mvp2   27   32   89   96   32   27   89   96                       -0.01621746158398148022    0.37241343570015938980                          
a_ia   89   96                                                     -0.00339602546263654062                                                    
mvp2   25   32   89   96   32   25   89   96                       -0.01792473040795133574   -0.74699467769078908841                          
a_ia   31   32                                                     -0.00604670746587702024                                                    
mvp2   25   32   91   96   32   25   91   96                       -0.01642636852382086537   -0.00099031239481038851                          
a_ia   91   96                                                     -0.00867922943942284544                                                    
mvp2   27   32   91   96   32   27   91   96                       -0.02755526725300567331    0.29522021544297061268                          
a_ia   31   34                                                     -0.00094352906599683758                                                    
a_ia   25   30                                                      0.15500894980489252073                                                    
mvp2   27   34   91   96   34   27   91   96                       -0.00339406371900198090    0.19957502259064208161                          
op     27   33   91   96   33   27   91   96                        0.01069745661474445948                                                    
mvp2   28   32   89   98   32   28   89   98                        0.00212718676598020774    0.02243999878422491684                          
mvp2   30   33   94   96   33   30   94   96                       -0.03497959178529647106   -0.00248309657192288293                          
a_ia   91   94                                                      0.16728851303680319917                                                    
mvp2   30   33   89   96   33   30   89   96                        0.01024033086644092309   -0.00299087357343353830                          
op     31   33   95   96   33   31   95   96                        0.01944358964472368834                                                    
a_ia   29   30                                                     -0.15559515835875142864                                                    
op     14   56   78  120   56   14   78  120                       -0.03370409319877736704                                                    
op     14   56   92  120   56   14   92  120                       -0.01094721269266346261                                                    
op     14   35   78   99   35   14   78   99                       -0.01206648997346535315                                                    
op     28   56   78  120   56   28   78  120                       -0.00245263102638069736                                                    
op     28   56   92  120   56   28   92  120                       -0.00067035837315850184                                                    
a_ia   78   92                                                     -0.20271993459713905095                                                    
om     14   56   78   97   56   14   78   97                       -0.02858452290055805284                                                    
a_ia   14   28                                                      0.28607623174829244217                                                    
op     14   56   78   96   56   14   78   96                       -0.02602575479227063615                                                    
op     14   33   78  120   33   14   78  120                       -0.01279765618357547007                                                    
mvp2   14   33   78   97   33   14   78   97                       -0.01633790223131800085   -0.07728330834414894046                          
om     14   56   92   97   56   14   92   97                       -0.00273089367747718012                                                    
mvp2   14   33   78   96   33   14   78   96                       -0.01735039462577960684    0.14391314434998672689                          
mvp2   14   33   92  120   33   14   92  120                       -0.00226859076452542172   -0.11856373360559348262                          
mvp2   28   33   78  120   33   28   78  120                       -0.00820310370078631765   -0.01829894339726502103                          
mvp2   14   34   94   96   34   14   94   96                        0.01143269855573227078    0.01702863453149977210                          
op     28   56   78   96   56   28   78   96                       -0.00917286245274427994                                                    
om     14   32   78  120   32   14   78  120                       -0.01676698938283455870                                                    
op     28   32   78  120   32   28   78  120                       -0.00948645981778166447                                                    
mvp2   14   32   78   96   32   14   78   96                       -0.01896689412927171636   -0.05267491056996419230                          
mvp2   14   32   78   97   32   14   78   97                       -0.02131822378700812953   -0.07957288066204361299                          
op     14   32   92  120   32   14   92  120                       -0.00263686799366826723                                                    
a_ia   78   92                                                      0.42581522900062446224                                                    
mvp2   28   32   78   96   32   28   78   96                       -0.02136445949424683674    0.10525533532746200738                          
mvp2   28   33   78   96   33   28   78   96                       -0.01183072562408935165    0.11814051721529936212                          
a_ia   78   96                                                      0.00190448925137466554                                                    
mvp2   14   56   92   96   56   14   92   96                       -0.00010933746264453009   -0.05204142906310874755                          
a_ia   92   96                                                      0.02863477353740140341                                                    
mvp2   28   33   78   97   33   28   78   97                       -0.01655305162298204014    0.07190104678600338362                          
mvp2   28   32   78   97   32   28   78   97                       -0.01266036329919706209    0.09250936630851674947                          
op     25   56   78  120   56   25   78  120                        0.00031725001650285663                                                    
op     25   56   92  120   56   25   92  120                        0.00019710367707694750                                                    
mvp2   14   34   94   97   34   14   94   97                        0.00631520903606022383    0.03817469668706402475                          
op     31   33   95   97   33   31   95   97                       -0.01036083192315779417                                                    
a_ia   91   97                                                      0.00443909731622965393                                                    
op     14   56   91  120   56   14   91  120                       -0.00368017631913100879                                                    
mvp2   28   34   94   97   34   28   94   97                        0.02102643211600000589    0.27401511629104685630                          
mvp2   28   56   91  120   56   28   91  120                       -0.00138704436419386911    0.05134142716518511756                          
mvp2   14   32   92   96   32   14   92   96                       -0.00880137267532136308   -0.02041458536118564634                          
a_ia   78   92                                                      0.20346142454755758444                                                    
mvp2   14   56   64  127   56   14   64  127                       -0.01611011041243541608    0.20532293404833709682                          
mvp2   14   56   64   99   56   14   64   99                       -0.03130913957685960841    0.70518296407963532157                          
mvp2   28   56   64  127   56   28   64  127                       -0.00765000096418566589   -0.05638897200255744285                          
mvp2   28   56   64   99   56   28   64   99                       -0.01502712121170339532   -0.01235481661177958816                          
mvp2   14   32   64   99   32   14   64   99                       -0.01951928457387706872    0.17467401401240356673                          
a_ia   64   99                                                      0.00194195255543108160                                                    
om     14   32   64  127   32   14   64  127                       -0.00529242129968792753                                                    
op     14   33   64   99   33   14   64   99                       -0.01965278367986511218                                                    
om     14   33   64  127   33   14   64  127                       -0.00576461524433854837                                                    
mvp2   28   33   64  127   33   28   64  127                       -0.00491864738120253390   -0.01685053429442090467                          
mvp2   28   33   64   99   33   28   64   99                       -0.01245553448267200554   -0.06407447653769958451                          
mvp2   28   32   64  127   32   28   64  127                       -0.00472608891956417896   -0.00250229083331667511                          
mvp2   28   32   64   99   32   28   64   99                       -0.01209834125933384290    0.00611690232584459481                          
mvp2    0   63   64  127   63    0   64  127                       -0.00925123716124834870   -0.77047273345424416302                          
mvp2    0   63   64   99   63    0   64   99                       -0.01089741094168436390   -0.11917368806564966610                          
mvp2    0   35   64   99   35    0   64   99                       -0.01965398616064501641   -0.85721999001927151607                          
om      0   35   64  127   35    0   64  127                       -0.00924094732733723827                                                    
mvp2    0   56   64  120   56    0   64  120                       -0.00668868796840518635   -0.27158723551467928159                          
mvp2   14   63   78  127   63   14   78  127                       -0.00266906812369571396   -0.10714958254528331172                          
mvp2    0   63   78  120   63    0   78  120                       -0.00558458795611707897    0.26336132686866248198                          
mvp2    0   35   78  120   35    0   78  120                       -0.00410090015693946337    0.24437633485445292569                          
mvp2   14   63   64  120   63   14   64  120                       -0.00035633533024161774    0.17398173031061114902                          
op      0   56   78   99   56    0   78   99                       -0.00769259927345642726                                                    
a_ia   33   35                                                     -0.03389575692293972375                                                    
op      0   36   64  100   36    0   64  100                       -0.00349318475116211112                                                    
op     28   36   92  100   36   28   92  100                       -0.00502810377025520241                                                    
mvp2    0   56   92  127   56    0   92  127                       -0.00339012756827296096   -0.14151714171869758663                          
mvp2    0   56   78  127   56    0   78  127                       -0.00309970724679993264   -0.12920098094925011600                          
a_ia   93   94                                                     -0.15531699932217229998                                                    
a_ia   89   97                                                      0.00333492266727870726                                                    
a_ia   89   94                                                      0.13448533802718096175                                                    
a_ia   26   30                                                      0.13221898970722706368                                                    
op     14   35   64  120   35   14   64  120                        0.00062408179851497893                                                    
mvp2    0   56   92   99   56    0   92   99                       -0.00538698040678176841    0.11404027621084883437                          
mvp2    0   43   64   99   43    0   64   99                        0.00556078231138714806    0.23841205707350657250                          
a_ia   28   43                                                      0.00095368549095103982                                                    
om      0   43   64  127   43    0   64  127                        0.00299667655126461489                                                    
mvp2    0   44   64   99   44    0   64   99                        0.00550948294216343191    0.25399251535189620865                          
op      0   37   64  101   37    0   64  101                       -0.00223743551756908771                                                    
a_ia   96   99                                                     -0.00610488600614052246                                                    
a_ia   32   43                                                     -0.02486695211609915579                                                    
a_ia   25   39                                                      0.00148977235886087276                                                    
mvp2    0   38   64   99   38    0   64   99                        0.00265444110779755561    0.11046672619834083107                          
mvp2    0   41   64   99   41    0   64   99                       -0.00372860289560148980   -0.16938260680114167189                          
mvp2    0   44   64  108   44    0   64  108                       -0.00352242440104437709    0.79285117184587383665                          
mvp2    0   48   64   99   48    0   64   99                       -0.00310096798699015458   -0.20067118571753503331                          
op      0   42   64  106   42    0   64  106                       -0.00251393634448565792                                                    
mvp2    0   46   64   99   46    0   64   99                        0.00434651856100932814    0.23868953826567859688                          
mvp2    0   45   64   99   45    0   64   99                       -0.00412938079024931324   -0.26746150502681037553                          
a_ia    0   45                                                     -0.00016449648133971091                                                    
mvp2    0   46   64  110   46    0   64  110                       -0.00299851997829789132    0.77278329165266257395                          
mvp2    0   48   64  112   48    0   64  112                       -0.00322162128560505093    0.87121150175242401126                          
mvp2   14   56   89  120   56   14   89  120                        0.00063555463144452989   -0.02772396836948741797                          
a_ia   78   89                                                      0.14164591646875374087                                                    
mvp2    0   45   64  112   45    0   64  112                       -0.00190166479252265098    0.23610994845188068569                          
mvp2   30   33   78   98   33   30   78   98                        0.01427616650887571920   -0.14312069366644669666                          
a_ia   78   94                                                     -0.01705806231062312675                                                    
a_ia   26   31                                                      0.26950352185137832484                                                    
a_ia   34   35                                                      0.06824386780753029236                                                    
mvp2   14   33   78   98   33   14   78   98                        0.00576557926254412084   -0.35007691571114990525                          
a_ia   14   30                                                     -0.04624781472559248707                                                    
a_ia   89   92                                                     -0.08297602510182246205                                                    
mvp2   14   34   78   97   34   14   78   97                        0.00465470429163094938    0.23809229924747218887                          
a_ia   95   98                                                     -0.00124662202703745817                                                    
mvp2   31   33   95   98   33   31   95   98                        0.00848825689552827438   -0.04442259402627221632                          
op      0   44   64  112   44    0   64  112                        0.00219106871661217196                                                    
a_ia   78   97                                                      0.00711811670620426332                                                    
a_ia   14   33                                                      0.00587607563291069751                                                    
a_ia   30   34                                                     -0.00548752568496965916                                                    
a_ia   14   34                                                     -0.00096877631650170578                                                    
a_ia   92  120                                                     -0.00217528155524563229                                                    
om      0   44   64  110   44    0   64  110                       -0.00217519494014545289                                                    
a_ia   28   56                                                     -0.00162048568271062833                                                    
om      0   35   64  112   35    0   64  112                       -0.00304325960610624157                                                    
mvp2    0   35   64  108   35    0   64  108                        0.00335591939554039272   -0.03628941537896803599                          
mvp2    0   35   64  110   35    0   64  110                        0.00479870981957004547   -0.00308433281808594140                          
mvp2    0   35   64  107   35    0   64  107                       -0.00054705590454893354    0.04515489711450385718                          
op      0   44   64  107   44    0   64  107                       -0.00083941446986919002                                                    
mvp2    0   35   64  109   35    0   64  109                       -0.00411944219650244373    0.19012962262010107972                          
om      0   45   64  109   45    0   64  109                       -0.00201089176320094418                                                    
mvp2    0   35   64  105   35    0   64  105                       -0.00328886482682249834    0.16006566480338993430                          
a_ia   91   92                                                     -0.10639052331590662104                                                    
a_ia   35   48                                                      0.14529559232348010500                                                    
a_ia   97   98                                                      0.07633383861889998789                                                    
mvp2   14   34   78  120   34   14   78  120                        0.00494320769981753620    0.02978364417256134170                          
a_ia   94  120                                                      0.00042539460189937111                                                    
mvp2    0   35   64  111   35    0   64  111                        0.00191796316479619510   -0.08672275825493416801                          
op     30   36   94  100   36   30   94  100                       -0.00591302349127175407                                                    
a_ia   89  100                                                     -0.00100792699355454801                                                    
op     21   36   85  100   36   21   85  100                       -0.01067543201551784948                                                    
op     16   36   80  100   36   16   80  100                       -0.01114122232918929312                                                    
op     16   36   81  100   36   16   81  100                       -0.00714963942634935009                                                    
a_ia   16   36                                                     -0.00093910420569323606                                                    
op     20   36   84  100   36   20   84  100                       -0.00531473136854910058                                                    
op     15   36   79  100   36   15   79  100                       -0.00822417741673379596                                                    
a_ia   15   36                                                      0.00205128156202825148                                                    
a_ia   79  100                                                      0.00205678065099274216                                                    
op     18   36   82  100   36   18   82  100                       -0.00608038317786072525                                                    
a_ia   82  100                                                      0.00168914034099376946                                                    
a_ia   18   36                                                      0.00167135730532314811                                                    
op      8   36   72  100   36    8   72  100                       -0.01050754691048815144                                                    
op     12   36   76  100   36   12   76  100                       -0.00432021469792601403                                                    
op     10   36   74  100   36   10   74  100                       -0.00417573454708982262                                                    
a_ia   72  100                                                     -0.00079236260845311527                                                    
op      7   36   71  100   36    7   71  100                       -0.00408142194549884502                                                    
op      3   36   67  100   36    3   67  100                       -0.00561804745559439222                                                    
op      5   36   69  100   36    5   69  100                       -0.00373415858362686690                                                    
op      5   36   68  100   36    5   68  100                        0.00255730761703760892                                                    
op      4   36   68  100   36    4   68  100                       -0.00267192539576747642                                                    
op      2   36   66  100   36    2   66  100                       -0.00247318087780829801                                                    
op      4   36   69  100   36    4   69  100                        0.00260340605621032931                                                    
op      4   36   66  100   36    4   66  100                        0.00207930844763351552                                                    
mvp2   14   56   85  112   56   14   85  112                       -0.00660013605041571451    0.23467383111092604553                          
mvp2   28   56   85  112   56   28   85  112                       -0.00392318865509956160    0.02090519212583185141                          
a_ia   14   32                                                      0.00847941108918132125                                                    
a_ia   14   43                                                     -0.00094998917825878473                                                    
mvp2   28   32   85  101   32   28   85  101                        0.01236457504901182156   -0.21038487628874624757                          
a_ia   28   32                                                      0.00549588888055306535                                                    
mvp2   14   32   85  112   32   14   85  112                       -0.00496912887271063874    0.03100177446031142023                          
mvp2   28   32   85  112   32   28   85  112                       -0.00512440416135754532    0.03467600444642359586                          
mvp2   78  112   84  120   78   84  112  120                        0.00513460138859359906    0.34611875506732042718                          
a_ia   84  112                                                      0.00090355506394651703                                                    
a_ia   78  120                                                      0.00586510838347305448                                                    
a_ia   98  112                                                      0.02477691440812668927                                                    
a_ia   78  112                                                     -0.00087616737758438126                                                    
mvp2   78   97   84  112   78   84  112   97                       -0.00373249009295819169    0.04700041628751230188                          
mvp2   84   97   92  112   84   92   97  112                        0.00499228058308102702   -0.02725020072363735710                          
a_ia   92   98                                                     -0.00172157002006371649                                                    
op     84  112   92  120   84   92  120  112                       -0.00362700259273005107                                                    
mvp2   14   32   85  108   32   14   85  108                        0.00475088664163427453   -0.11630661773857399466                          
mvp2   14   56   85  108   56   14   85  108                        0.00355953985447200706   -0.13672921924676142980                          
mvp2   84   97   92  108   84   92   97  108                       -0.01012361788029378200    0.08287737229141681206                          
a_ia  112  120                                                     -0.07457837125791222377                                                    
a_ia   84  108                                                     -0.02286281411557799029                                                    
mvp2   78  108   84  120   78   84  108  120                       -0.00453929297879025317   -0.28545157826081285490                          
a_ia   78   98                                                      0.00098832756088865063                                                    
mvp2   28   34   85  101   34   28   85  101                       -0.01129155007006810152    0.04678478141695444764                          
a_ia   28   34                                                     -0.00397668260683192547                                                    
mvp2   30   33   84  108   33   30   84  108                       -0.00506694958362234778    0.04643004384255076944                          
mvp2   21   43   92   97   43   21   92   97                        0.00687869827403344517    0.12553861413545919223                          
a_ia   21   30                                                     -0.03551872087386951510                                                    
a_ia   30   43                                                     -0.00249147367721355879                                                    
mvp2   21   37   85  101   37   21   85  101                       -0.00788347280704603318   -0.78922754683726026315                          
mvp2   21   63   85  127   63   21   85  127                       -0.00142553134061197142    0.53229313676488076990                          
a_ia   84  108                                                      0.02546102108482051207                                                    
mvp2   14   48   21   56   14   21   48   56                        0.00686621605319585535    0.37934693336946750941                          
a_ia   14   48                                                     -0.00108986718118246183                                                    
a_ia   14   21                                                     -0.08493309061435874718                                                    
mvp3   14   32   21   48   14   21   48   32   14   21   32   48   -0.00517123139349094218   -0.05770535979855299230    0.13762810957593751837
a_ia   28   38                                                     -0.00114445081838183624                                                    
mvp2   20   48   78  120   48   20   78  120                       -0.00695068756340278416   -0.39681920442256329862                          
a_ia   20   48                                                     -0.00995011669952165084                                                    
a_ia   14   41                                                      0.00036086947690602676                                                    
a_ia   14   25                                                      0.15298960537561770434                                                    
a_ia   32   41                                                      0.02821559352108127250                                                    
mvp2   20   48   92  120   48   20   92  120                       -0.00480898099542599513   -0.03923693119691028935                          
a_ia   14   42                                                     -0.00216032255117756507                                                    
mvp2   20   48   92   97   48   20   92   97                       -0.00631496890629668420   -0.02910161189153722544                          
op     20   48   78   97   48   20   78   97                       -0.00493763533615473611                                                    
a_ia   98  120                                                      0.03078304252572748589                                                    
mvp2   20   48   84  112   48   20   84  112                       -0.00436813880595787220    0.07591231114420164683                          
mvp2   14   56   85  122   56   14   85  122                       -0.01011487990664935305    0.42775869144701633706                          
a_ia   85  107                                                      0.00024274960277472364                                                    
a_ia   85  122                                                     -0.00004169594994586215                                                    
a_ia   28   41                                                     -0.00228738958554734707                                                    
mvp2   28   56   85  122   56   28   85  122                       -0.00619029324987758599    0.04885707918750326756                          
mvp2   14   56   84  122   56   14   84  122                       -0.00781017665679192147    0.35667535660541499487                          
mvp2   28   56   84  122   56   28   84  122                       -0.00480899045736749020    0.01561797653470185267                          
a_ia   84  122                                                     -0.00045860747396416239                                                    
a_ia   85   99                                                     -0.00249331031191460427                                                    
a_ia   20   48                                                      0.01242365737191882327                                                    
mvp2    0   35   85   99   35    0   85   99                       -0.00458745215893650252    0.13835555181115427592                          
a_ia   99  107                                                     -0.36556497998401643601                                                    
op     21   42   85  106   42   21   85  106                       -0.00756665732901599768                                                    
a_ia   85  106                                                     -0.00245579709248818639                                                    
a_ia   21   42                                                     -0.00225175731179063287                                                    
mvp2   21   35   85   99   35   21   85   99                       -0.00624481398853311137   -0.18130935897649155808                          
mvp2    0   35   84   99   35    0   84   99                       -0.00615278675479541057    0.41333022073514380512                          
a_ia   84  110                                                      0.00150691149737872620                                                    
a_ia   21   39                                                     -0.00130330644434436768                                                    
mvp2    0   35   84  107   35    0   84  107                        0.00328648797504583600   -0.25574994668026640454                          
a_ia   85   99                                                      0.00232715791192467103                                                    
a_ia   14   28                                                      0.06558867129400292040                                                    
a_ia   25   42                                                      0.00046577708479612537                                                    
op     21   38   85  102   38   21   85  102                       -0.00607349069763756400                                                    
a_ia   25   28                                                     -0.05663573768322673757                                                    
mvp2    0   35   84  110   35    0   84  110                        0.00273435235891399510   -0.17303365428847042318                          
om     14   32   85  122   32   14   85  122                       -0.00562345128038130651                                                    
mvp2   21   35   64   99   35   21   64   99                       -0.00462315872497567285   -0.07110693653998886865                          
a_ia    0   21                                                      0.13807435476648366457                                                    
mvp2   21   44   64   99   44   21   64   99                        0.00389264123304273318    0.33840088948809105007                          
mvp2   21   58   85  122   58   21   85  122                       -0.00760658587795258901   -0.69857380685761261141                          
a_ia   21   58                                                     -0.00083645192453381625                                                    
mvp2   21   58   84  122   58   21   84  122                       -0.00644150701527810166    0.00860012128790392169                          
a_ia   64   85                                                      0.14294919063394068148                                                    
op      0   58   64  122   58    0   64  122                       -0.00215364825358816238                                                    
