op     23   24   71   72   24   23   71   72                       -0.06314920557897417408                                                    
op     20   25   68   73   25   20   68   73                       -0.13679550246569022187                                                    
op     23   27   71   75   27   23   71   75                        0.05379593940401279639                                                    
a_ia   23   27                                                     -0.00196355609585202595                                                    
mvp2   19   24   68   73   24   19   68   73                       -0.05337784068463333198   -0.86913670426355971177                          
mvp2   19   27   68   73   27   19   68   73                        0.03432712654153508014    0.92987090566159691374                          
a_ia   71   75                                                      0.02471077552660538162                                                    
mvp2   20   25   67   72   25   20   67   72                       -0.02652311838865910321    0.25035649090260225780                          
mvp2   19   24   71   75   24   19   71   75                       -0.03412066695520313275    0.32845076105916298781                          
mvp2   20   25   67   75   25   20   67   75                        0.08949073551657316106   -0.95178825422873791773                          
a_ia   72   75                                                      0.64708378247874565048                                                    
a_ia   19   23                                                     -0.21586124113858126683                                                    
a_ia   19   27                                                      0.00521026269284289266                                                    
mvp2   23   27   71   75   27   23   71   75                       -0.09116963101777288137   -0.16140948955690243016                          
a_ia   67   70                                                     -0.08966939615789465412                                                    
mvp2   20   25   66   73   25   20   66   73                        0.02206489414138920746   -0.13730085693035970484                          
a_ia   66   67                                                      0.27760060033726308149                                                    
a_ia   71   72                                                      0.03532785588424652151                                                    
mvp2   20   25   68   73   25   20   68   73                       -0.06610241527594609701    0.05639174415736587093                          
a_ia   71   75                                                     -0.00906682804145072553                                                    
a_ia   67   69                                                      0.15019420288838519761                                                    
mvp2   20   25   69   73   25   20   69   73                        0.03395128572105503284   -0.20445092272195428129                          
mvp2   18   25   68   73   25   18   68   73                        0.01707597334177090795    0.18102785946389915450                          
a_ia   20   21                                                     -0.26254656192037184592                                                    
mvp2   18   24   68   73   24   18   68   73                        0.01289708078193662309    0.15975161178817012808                          
a_ia   19   23                                                     -0.04620377217486881793                                                    
mvp2   20   32   68   73   32   20   68   73                        0.01905599009815173162    0.13771825448798719060                          
op     20   26   68   74   26   20   68   74                       -0.00830351018054055826                                                    
a_ia   19   29                                                     -0.00582936108687144138                                                    
mvp2   20   31   68   73   31   20   68   73                        0.00058300170146689508   -0.05691272298376371525                          
mvp2   20   25   68   80   25   20   68   80                        0.00068226081647982263    0.01308405389151408305                          
mvp2   20   25   68   79   25   20   68   79                        0.01629848527317236465   -0.11592418492668234153                          
a_ia   68   79                                                      0.00277637858211748174                                                    
a_ia   73   80                                                     -0.20642381115164901151                                                    
a_ia   25   31                                                     -0.18015347563953232335                                                    
a_ia   25   26                                                     -0.10493752225257285682                                                    
a_ia   25   28                                                     -0.11630003008285764998                                                    
mvp2   20   25   68   82   25   20   68   82                        0.00428669610451869621   -0.02681691024556062675                          
a_ia   68   76                                                     -0.00466809867733057691                                                    
mvp2   20   25   68   76   25   20   68   76                        0.01403694644685340477   -0.08992809521827885288                          
op     17   26   65   74   26   17   65   74                       -0.02172860991818142615                                                    
op     17   31   65   74   31   17   65   74                       -0.01250376515863932392                                                    
op     17   31   65   79   31   17   65   79                       -0.01081401490402072660                                                    
op     17   26   65   79   26   17   65   79                       -0.01234637652244423636                                                    
op     17   26   65   76   26   17   65   76                       -0.01233544388194162712                                                    
mvp2   20   34   68   73   34   20   68   73                        0.00337407469957258423   -0.03740734604811193909                          
a_ia   20   28                                                     -0.00556196147492524998                                                    
a_ia   73   82                                                     -0.13525175594984917282                                                    
a_ia   19   20                                                      0.05268355378095231772                                                    
a_ia   20   30                                                     -0.00800569687681257011                                                    
a_ia   20   33                                                      0.00521795224106029638                                                    
a_ia   20   39                                                     -0.00490620883015553851                                                    
a_ia   20   38                                                      0.00223112966270467075                                                    
a_ia   20   37                                                      0.04696947556996800693                                                    
mvp2   20   39   68   87   39   20   68   87                       -0.00655778085810074587    0.76667615835284674830                          
a_ia   68   85                                                     -0.00527799662868072474                                                    
a_ia   68   84                                                     -0.00186635004391149870                                                    
mvp2   20   43   68   73   43   20   68   73                       -0.00309446444096313092    0.04939118459802880473                          
a_ia   20   43                                                      0.02558300822420733062                                                    
a_ia   73   84                                                     -0.03946715517445067295                                                    
a_ia   73   83                                                      0.12130382281396920319                                                    
mvp2   20   42   68   73   42   20   68   73                        0.01489301055503697811   -0.16401854908267329836                          
a_ia   20   42                                                     -0.00182727270414987427                                                    
mvp2   20   39   68   73   39   20   68   73                        0.01068655663317696555   -0.18213484026446130626                          
a_ia   73   87                                                     -0.12472509500110712244                                                    
a_ia   73   91                                                      0.20889913281828617619                                                    
a_ia   73   90                                                     -0.19551112484636667954                                                    
a_ia   73   88                                                     -0.15237129414453653986                                                    
op     17   28   65   76   28   17   65   76                       -0.00782579299540697715                                                    
op     17   28   65   74   28   17   65   74                       -0.01290874183961385722                                                    
a_ia   73   92                                                      0.05873686596204533844                                                    
a_ia   73   93                                                     -0.04428400852616581201                                                    
a_ia   68   86                                                      0.00244442594092137821                                                    
a_ia   68   90                                                     -0.00392382853579370267                                                    
a_ia   68   91                                                      0.00352199833584411265                                                    
a_ia   68   88                                                     -0.00254574153204829108                                                    
a_ia   25   34                                                     -0.14106346456638868547                                                    
a_ia   25   29                                                      0.06228542153853321856                                                    
a_ia   67   75                                                      0.00970735335549960734                                                    
a_ia   75   79                                                      0.03684849573305963577                                                    
a_ia   25   35                                                      0.10640975263231695902                                                    
a_ia   25   33                                                     -0.05079175464237570270                                                    
op     17   31   65   76   31   17   65   76                       -0.00710007030802468561                                                    
a_ia   25   36                                                     -0.02959101798816879750                                                    
mvp2   19   25   20   41   19   20   25   41                       -0.01881567585800382122    0.23696832872652204283                          
a_ia   20   41                                                      0.00759714661937108994                                                    
a_ia   19   36                                                     -0.00316154508647846413                                                    
a_ia   19   41                                                     -0.00443692504297071768                                                    
a_ia   20   36                                                     -0.00260581728574239098                                                    
mvp2   19   25   20   38   19   20   25   38                        0.01297651793764954820   -0.20585503745550656762                          
a_ia   19   38                                                      0.00147223119631663228                                                    
op     17   28   65   79   28   17   65   79                       -0.00706981692435940806                                                    
op     23   38   71   86   38   23   71   86                       -0.01080495544251080034                                                    
a_ia   23   38                                                      0.00855919322742782797                                                    
a_ia   71   86                                                     -0.01177147988120173967                                                    
a_ia   27   32                                                     -0.03701585975192878825                                                    
a_ia   19   37                                                     -0.02270390804081768785                                                    
a_ia   19   40                                                      0.00159777367857180165                                                    
a_ia   71   85                                                      0.00118994780137528602                                                    
mvp2   20   25   23   41   20   23   41   25                       -0.00815412779202187923    0.08687658669937443900                          
a_ia   67   72                                                     -0.01364307845766551605                                                    
a_ia   20   25                                                      0.11074665636156258430                                                    
a_ia   18   24                                                      0.00564162894026372722                                                    
a_ia   67   75                                                     -0.00163204670183638399                                                    
a_ia   21   24                                                     -0.00235129322616833229                                                    
a_ia   68   73                                                      0.00877700797300168603                                                    
a_ia   68   92                                                      0.00080040139593353505                                                    
mvp2   20   25   71   89   25   20   71   89                       -0.00437109814926978611    0.08073025796573546353                          
mvp2   20   25   67   89   25   20   67   89                        0.01763347282954231404   -0.24216476274080792064                          
a_ia   67   86                                                     -0.00730095034457550578                                                    
a_ia   67   85                                                     -0.00522204040312881923                                                    
a_ia   67   71                                                     -0.24551676599856558925                                                    
a_ia   71   84                                                      0.00211060007097237665                                                    
a_ia   67   84                                                     -0.00287384163296888328                                                    
om     19   37   67   85   37   19   67   85                       -0.01230615455835890222                                                    
a_ia   23   36                                                      0.00122778375584253188                                                    
a_ia   19   43                                                     -0.00058716643816189519                                                    
a_ia   67   83                                                     -0.00145913906446347072                                                    
mvp2   20   25   67   86   25   20   67   86                       -0.00989244619982187524    0.15460520640946778803                          
mvp2   19   41   67   89   41   19   67   89                       -0.00625283551014924315   -0.07335545520623515392                          
a_ia   67   89                                                     -0.01895923934439575423                                                    
a_ia   19   23                                                     -0.23844895390265194446                                                    
mvp2   19   41   71   86   41   19   71   86                       -0.00546702378350051501    0.24160396245071533161                          
a_ia   19   41                                                     -0.00217706703114155589                                                    
mvp2   23   38   67   89   38   23   67   89                       -0.00402580345139804535   -0.34804190762552500438                          
op     23   41   67   86   41   23   67   86                       -0.00391503645767032719                                                    
a_ia   27   28                                                     -0.10705152517858969319                                                    
op     17   34   65   82   34   17   65   82                       -0.00325477117527335404                                                    
a_ia   27   29                                                      0.09498495052691278973                                                    
op     17   28   65   82   28   17   65   82                        0.00018022820908429306                                                    
om     19   36   67   84   36   19   67   84                       -0.00518384180199552187                                                    
a_ia   67   89                                                      0.03402370745704539484                                                    
mvp2   19   38   67   86   38   19   67   86                       -0.00325585888544598209   -0.12333647604100358985                          
a_ia   20   23                                                     -0.02177113628612874566                                                    
op     17   32   65   79   32   17   65   79                       -0.00272930878458311826                                                    
op     15   24   63   72   24   15   63   72                       -0.00931523576115886494                                                    
a_ia   69   72                                                     -0.00197554731456223371                                                    
op     16   24   63   75   24   16   63   75                        0.00627332816541200950                                                    
a_ia   63   75                                                      0.02374333862062400977                                                    
a_ia   61   75                                                      0.03139381978903132975                                                    
a_ia   61   69                                                     -0.87478825635903856295                                                    
a_ia   61   72                                                      0.00206370918279336069                                                    
a_ia   69   75                                                      0.02775775379056365927                                                    
a_ia   63   72                                                      0.00201608196373979443                                                    
mvp2   19   38   67   89   38   19   67   89                        0.00295471614211202877   -0.03672589616956997705                          
op     17   28   65   78   28   17   65   78                        0.00478650925151039106                                                    
op     17   30   65   78   30   17   65   78                       -0.00564806849173737652                                                    
a_ia   65   78                                                     -0.00135479600353685887                                                    
a_ia   66   72                                                      0.00508415377350423994                                                    
mvp2   20   43   67   89   43   20   67   89                        0.00149215672289626099    0.13432275879555485854                          
a_ia   19   20                                                      0.00344193442059618094                                                    
mvp2   20   25   67   88   25   20   67   88                        0.00815125259467465446   -0.13338886635660460178                          
a_ia   67   88                                                      0.01052101489924121835                                                    
a_ia   25   43                                                      0.17103037682804905772                                                    
a_ia   20   43                                                     -0.04075919624861991386                                                    
mvp2   20   40   68   73   40   20   68   73                        0.00011846527586360873   -0.02292125002266268488                          
a_ia   20   40                                                     -0.00141793267442804900                                                    
mvp2   19   40   68   73   40   19   68   73                        0.00198302462119311811    0.03816168401959626338                          
a_ia   19   40                                                     -0.00448016790579686564                                                    
mvp2   19   37   68   87   37   19   68   87                       -0.00760480904177875117    0.29280658111731316939                          
a_ia   19   37                                                      0.01376773685178477383                                                    
mvp2   19   37   20   39   19   20   39   37                       -0.00782049228358216476    0.28720022595147071121                          
a_ia   20   39                                                     -0.00254059928506338581                                                    
mvp2   20   25   71   88   25   20   71   88                       -0.00603580915654938158    0.09761028743971088273                          
mvp2   23   27   71   77   27   23   71   77                       -0.01224372373272184823    0.11218623025954846395                          
a_ia   71   77                                                      0.00325057030256294512                                                    
a_ia   71   86                                                     -0.00383110846402307578                                                    
mvp2   23   27   71   86   27   23   71   86                       -0.01189147252767311889   -0.04462940745730462067                          
a_ia   67   77                                                     -0.00839296187554845925                                                    
a_ia   71   89                                                     -0.01382600785661450629                                                    
op     17   33   65   81   33   17   65   81                       -0.00442640044961008228                                                    
a_ia   17   30                                                     -0.00128165064844550981                                                    
om     17   30   65   74   30   17   65   74                        0.00709486186338274642                                                    
a_ia   21   31                                                     -0.00130397932742142919                                                    
op     17   33   65   74   33   17   65   74                        0.00572857998702067973                                                    
a_ia   22   24                                                      0.00438126043138912114                                                    
mvp2   13   24   61   72   24   13   61   72                       -0.00762202498722490667   -0.59392015259962183116                          
a_ia   66   75                                                      0.00787038577249520206                                                    
a_ia   61   63                                                      0.32161698257937210155                                                    
a_ia   63   75                                                     -0.02660456520334421662                                                    
a_ia   61   66                                                      0.33090113857484737547                                                    
a_ia   61   72                                                      0.00351060929125278365                                                    
a_ia   20   25                                                     -0.08926028900555331436                                                    
a_ia   25   41                                                     -0.04034573619734704159                                                    
a_ia   25   40                                                     -0.13289284439217741163                                                    
a_ia   20   41                                                     -0.00733924240571650656                                                    
a_ia   25   37                                                      0.04364490370677290981                                                    
a_ia   25   39                                                     -0.07830269355520717844                                                    
a_ia   25   42                                                     -0.15244103088356078524                                                    
a_ia   25   44                                                      0.04547207674772624220                                                    
a_ia   25   45                                                     -0.04463429493861558600                                                    
a_ia   66   75                                                     -0.01330088408935352871                                                    
mvp2   20   42   68   73   42   20   68   73                       -0.01079143222787258549    0.16529389493381910214                          
mvp2   20   39   68   73   39   20   68   73                       -0.00667012343434476591    0.20227743918247748089                          
mvp2   13   24   60   72   24   13   60   72                        0.00651416910532810842   -0.59684461407832845037                          
a_ia   60   75                                                     -0.00321124910440877005                                                    
a_ia   60   66                                                     -0.26990806120055849116                                                    
mvp2   20   25   68   73   25   20   68   73                       -0.04025089015523061753    0.13640619120299526945                          
a_ia   71   88                                                     -0.00856764570401747673                                                    
a_ia   60   72                                                      0.00059961339560641268                                                    
a_ia   23   43                                                     -0.00038385200327701859                                                    
a_ia   27   38                                                      0.14208280618131083339                                                    
op     17   26   65   78   26   17   65   78                        0.00673627358512066121                                                    
om     17   26   65   81   26   17   65   81                        0.00555981521089838476                                                    
a_ia   75   76                                                     -0.11269260616464693570                                                    
a_ia   60   69                                                      0.26379255069112700349                                                    
a_ia   18   21                                                     -0.31041486459202732862                                                    
op      7   33   55   81   33    7   55   81                       -0.00645667719466947853                                                    
a_ia   55   81                                                     -0.00795233818942758970                                                    
a_ia    7   33                                                     -0.00106997286297743992                                                    
a_ia   60   72                                                     -0.00451667515344501141                                                    
om      7   24   55   72   24    7   55   72                       -0.01069912723732288455                                                    
op      7   31   55   79   31    7   55   79                       -0.00674212941601364489                                                    
a_ia    7   31                                                     -0.00137852460069149319                                                    
a_ia   69   79                                                     -0.00110316332421736118                                                    
om      7   34   55   82   34    7   55   82                       -0.00694741169770997369                                                    
a_ia    7   34                                                      0.00339487618037507839                                                    
a_ia   55   82                                                      0.00179196967053731320                                                    
a_ia    7   32                                                     -0.00200630718649849171                                                    
a_ia    7   28                                                      0.00121538526725682825                                                    
om      7   26   55   74   26    7   55   74                       -0.01024365779571268821                                                    
a_ia    7   26                                                      0.00199374394602022491                                                    
a_ia   55   76                                                      0.00133705352700062190                                                    
om      7   32   55   80   32    7   55   80                       -0.00592115669410336019                                                    
a_ia   55   80                                                     -0.00198282370438897888                                                    
om      7   26   55   80   26    7   55   80                        0.00485521071471499161                                                    
a_ia   21   34                                                     -0.00078067616572729637                                                    
a_ia   69   82                                                     -0.00112105679294700325                                                    
mvp2    7   33   71   75   33    7   71   75                        0.01719821752510742457    0.20221786848657521962                          
a_ia   71   80                                                      0.00110487991529219600                                                    
mvp2    7   33   55   82   33    7   55   82                        0.00295783891088332663   -0.41071979993984847335                          
a_ia   55   82                                                     -0.00151622026917524349                                                    
a_ia    7   33                                                     -0.00154753587137878884                                                    
mvp2   55   75   71   81   55   71   75   81                       -0.01438301031259863090    0.17487423425791201459                          
mvp2    7   34   55   81   34    7   55   81                        0.00445339137738434178    0.52310570726786953522                          
a_ia   55   81                                                     -0.00412428316323206964                                                    
a_ia   69   71                                                      0.16914711784153824148                                                    
a_ia    7   34                                                     -0.00714055468722976823                                                    
a_ia   71   81                                                      0.00049854071605488391                                                    
om      7   32   55   74   32    7   55   74                        0.00517060854929883573                                                    
a_ia   74   82                                                     -0.27910039289400667695                                                    
a_ia   55   74                                                     -0.00937740369365694555                                                    
mvp2    7   33   55   74   33    7   55   74                       -0.00346925660865860094    0.45985776695514979373                          
a_ia    7   33                                                      0.00411698936149050825                                                    
op     11   31   59   79   31   11   59   79                       -0.00691926252527096022                                                    
a_ia   59   79                                                     -0.00118251140612851604                                                    
a_ia   11   31                                                     -0.00119467593462853090                                                    
op     10   31   58   79   31   10   58   79                       -0.00682617948503777116                                                    
a_ia   58   79                                                      0.00105298913487099030                                                    
a_ia   10   31                                                      0.00099334679881668206                                                    
op      2   31   50   79   31    2   50   79                       -0.00668356871097720937                                                    
op      9   31   57   79   31    9   57   79                       -0.00366729007750729499                                                    
a_ia   55   74                                                     -0.00371453169140603581                                                    
a_ia    2   31                                                     -0.00076499785869032415                                                    
a_ia   57   79                                                      0.00096678021720905444                                                    
a_ia    9   31                                                      0.00091622723011740347                                                    
mvp2   13   24   71   75   24   13   71   75                       -0.01263024226246951473   -0.15768931835933866492                          
a_ia   69   76                                                      0.00094906104316217670                                                    
a_ia   69   81                                                     -0.00084739593262821893                                                    
a_ia   59   72                                                      0.00196483158568220694                                                    
op      7   33   71   86   33    7   71   86                        0.00806187101569858997                                                    
mvp2   55   81   71   86   55   71   86   81                        0.00525570919909358961    0.18330830571047301847                          
a_ia   55   81                                                      0.01450330898493042316                                                    
a_ia   71   86                                                      0.00921375853291980622                                                    
mvp2    7   33   71   72   33    7   71   72                        0.01117320130504483207    0.09243802790998269236                          
a_ia    7   33                                                     -0.00148165654912976838                                                    
mvp2    7   34   71   72   34    7   71   72                       -0.00915410622461722626   -0.08376187393191772412                          
a_ia   59   61                                                      0.39045738540757118917                                                    
mvp2   55   72   71   82   55   71   72   82                        0.00809330275403025504   -0.05321067972504749111                          
a_ia   55   82                                                     -0.00287711207041155140                                                    
a_ia    7   34                                                     -0.00384976865817191968                                                    
mvp2   55   72   71   81   55   71   72   81                       -0.00787479441859766267    0.08403285153480563596                          
a_ia   59   75                                                      0.00536531038391509750                                                    
a_ia   55   81                                                     -0.00153143708909046100                                                    
mvp3   55   72   71   74   55   71   74   72   55   71   72   74    0.00757959357582372630   -0.22656130076506048043    0.01377949676722310841
a_ia   55   74                                                      0.01336615617647600972                                                    
mvp2    7   34   59   82   34    7   59   82                       -0.00458938681077578504    0.70020973488508497784                          
a_ia   72   82                                                     -0.02999542822147219234                                                    
a_ia   59   82                                                      0.00111226719442880412                                                    
mvp2    7   33   59   82   33    7   59   82                        0.00455120521536384569   -0.10626404690867068126                          
mvp2    7   33   59   81   33    7   59   81                       -0.00357314392076367015    0.49739185763631926784                          
a_ia   59   71                                                      0.05171342150756728234                                                    
a_ia   59   72                                                      0.00165155751685642171                                                    
a_ia   21   32                                                      0.00093660510755487676                                                    
mvp2   23   38   67   77   38   23   67   77                       -0.00379441340539952250    0.18958104488056107262                          
a_ia   23   38                                                     -0.00342867001433311107                                                    
a_ia   67   77                                                      0.00507192248807454213                                                    
mvp2   20   37   68   85   37   20   68   85                       -0.00321226068883589738    0.19968562871497619327                          
a_ia   40   41                                                     -0.42794974862223622569                                                    
a_ia   20   37                                                     -0.04399021399859553982                                                    
a_ia   19   40                                                      0.00207061440785678711                                                    
a_ia   55   82                                                     -0.00004640555304482456                                                    
a_ia   55   81                                                     -0.00164372913223528221                                                    
a_ia   23   43                                                      0.00120185978839754777                                                    
a_ia   55   74                                                      0.00176914000518342421                                                    
a_ia   59   82                                                     -0.00263763691571088045                                                    
a_ia    7   33                                                      0.00051993035026264738                                                    
a_ia   71   75                                                     -0.00801852781843680022                                                    
a_ia   59   81                                                      0.00030130493278800923                                                    
a_ia   13   24                                                     -0.00040475242862895950                                                    
