op     25   26   77   78   26   25   77   78                       -0.13448745445695406420                                                    
op     23   26   75   78   26   23   75   78                       -0.11469195897326127376                                                    
op     23   27   75   79   27   23   75   79                       -0.09439158482494994229                                                    
mvp2   25   27   75   78   27   25   75   78                       -0.09328565786031731144   -0.42871292971606578259                          
op     24   27   75   79   27   24   75   79                        0.00170216386227479153                                                    
a_ia   24   25                                                      0.43378338761364310106                                                    
a_ia   78   79                                                     -0.14387262384856508435                                                    
mvp3   75   78   77   79   75   77   79   78   75   77   78   79   -0.03924520605352137259    0.70891050727851412372   -0.18325045914577151041
a_ia   23   24                                                      0.29618108575270674088                                                    
a_ia   22   25                                                     -0.29827532109272825167                                                    
a_ia   22   23                                                     -0.11815659958131423390                                                    
mvp2   23   27   76   79   27   23   76   79                       -0.00381810153844326173   -0.11159968147428588059                          
mvp2   24   27   76   79   27   24   76   79                       -0.00260758490840274542    0.38221599289695984414                          
mvp2   25   27   76   79   27   25   76   79                       -0.00032079439738312777    0.16934423960436012502                          
op     23   27   77   79   27   23   77   79                        0.03205638971794797648                                                    
a_ia   76   77                                                      0.04346506989390030995                                                    
a_ia   75   77                                                      0.04661538531876984609                                                    
a_ia   75   76                                                      0.01684650624205696889                                                    
a_ia   24   26                                                      0.00630059137360420695                                                    
mvp2   25   26   74   78   26   25   74   78                       -0.03583728864039344153   -0.08534761574282721808                          
mvp2   22   26   74   78   26   22   74   78                       -0.01883323771280446396    0.38279318101799447716                          
mvp2   24   26   74   78   26   24   74   78                        0.01686077253267971587    0.19915483452687476884                          
mvp2   23   27   77   78   27   23   77   78                       -0.04521352918636592499   -0.04026957943661646500                          
a_ia   76   79                                                     -0.00109773943259445779                                                    
a_ia   26   27                                                     -0.17704617660404833868                                                    
om     23   26   74   78   26   23   74   78                       -0.01661508614764868955                                                    
mvp2   23   26   74   79   26   23   74   79                       -0.01702433412188335618    0.21707612069514950481                          
a_ia   76   77                                                      0.36705867794853863639                                                    
op     15   34   67   86   34   15   67   86                       -0.02111124836165868129                                                    
a_ia   67   86                                                     -0.00239822843135161596                                                    
a_ia   15   34                                                     -0.00207258906098067245                                                    
op     15   33   67   85   33   15   67   85                       -0.01039272281600611691                                                    
a_ia   67   85                                                     -0.00143932782903232132                                                    
op     15   29   67   81   29   15   67   81                       -0.00580678714931957135                                                    
op     15   31   67   83   31   15   67   83                       -0.00602863735528481187                                                    
mvp2   15   33   75   79   33   15   75   79                        0.01605952496738102114    0.12220922403433831516                          
mvp2   67   79   75   85   67   75   79   85                       -0.01471082340505534998    0.14064146961372175904                          
mvp2   23   41   75   79   41   23   75   79                        0.00310854815846146708   -0.02482191410853743993                          
mvp2   23   41   75   93   41   23   75   93                       -0.00510794813764223372   -1.09298748924462341137                          
mvp2   23   27   75   93   27   23   75   93                        0.01154103613336457390    0.02662977492122579198                          
a_ia   27   41                                                      0.08108523576192296078                                                    
a_ia   79   93                                                     -0.23593903638089658292                                                    
a_ia   27   32                                                     -0.07681383407999622936                                                    
op     16   28   68   80   28   16   68   80                       -0.01931198046984616487                                                    
op     23   39   75   91   39   23   75   91                       -0.01054523089792857790                                                    
a_ia   23   32                                                      0.00409985929532947959                                                    
a_ia   23   39                                                     -0.00664994379130721177                                                    
a_ia   75   91                                                     -0.00598610308857828143                                                    
a_ia   75   84                                                     -0.01587167438822600571                                                    
a_ia   75   89                                                     -0.00869290692639840788                                                    
a_ia   75   90                                                      0.00432839933215432241                                                    
a_ia   23   37                                                     -0.02080735239859179964                                                    
a_ia   23   38                                                      0.00439164113670532062                                                    
op     23   38   75   90   38   23   75   90                       -0.00962865250550529357                                                    
a_ia   27   39                                                     -0.06556852364339868511                                                    
op     23   37   75   89   37   23   75   89                       -0.00360106594342172147                                                    
op     16   33   68   85   33   16   68   85                       -0.00567750885522346361                                                    
op     18   33   70   85   33   18   70   85                       -0.00505926741967532064                                                    
op     16   31   68   83   31   16   68   83                       -0.00727169620423797486                                                    
a_ia   15   16                                                     -0.18423794338130120019                                                    
op     16   29   68   81   29   16   68   81                       -0.00540557073785359870                                                    
op     16   44   68   96   44   16   68   96                       -0.01023613075349350671                                                    
op     16   36   68   88   36   16   68   88                       -0.00490701790053383463                                                    
op     16   40   68   92   40   16   68   92                       -0.00445640154123628455                                                    
om     16   38   68   90   38   16   68   90                       -0.00602021899330672499                                                    
op     16   45   68   97   45   16   68   97                       -0.00431508715307938034                                                    
op     16   49   68  101   49   16   68  101                       -0.00532439420745171518                                                    
op     16   47   68   99   47   16   68   99                       -0.00352367782976820707                                                    
op     16   47   68  101   47   16   68  101                       -0.00253038837676006342                                                    
op     18   31   70   83   31   18   70   83                       -0.00631510319771866595                                                    
a_ia   18   31                                                      0.00081982083496343636                                                    
a_ia   77   93                                                      0.00434970332537276162                                                    
a_ia   70   83                                                      0.02021762441566112359                                                    
op     18   29   70   81   29   18   70   81                       -0.00645036999743443633                                                    
a_ia   18   34                                                     -0.00152007076790925061                                                    
op     15   30   67   82   30   15   67   82                       -0.00434735014899287169                                                    
op     18   30   70   82   30   18   70   82                       -0.00568440065458000396                                                    
a_ia   70   86                                                     -0.00142126388859051939                                                    
a_ia   70   82                                                     -0.00602690979035565722                                                    
a_ia   18   30                                                     -0.00448127142945732668                                                    
a_ia   77   91                                                     -0.00167815618373756649                                                    
a_ia   77   84                                                     -0.00679510091993818996                                                    
op     15   36   67   88   36   15   67   88                       -0.00590928965125077366                                                    
a_ia   76   93                                                     -0.00168563089496015506                                                    
a_ia   77   88                                                      0.00197554827881660450                                                    
op     15   42   67   94   42   15   67   94                       -0.00597986296776180717                                                    
op     15   35   67   87   35   15   67   87                       -0.00465759765378770830                                                    
op     15   40   67   92   40   15   67   92                       -0.00433756023155880497                                                    
a_ia   15   42                                                      0.03145571460736851233                                                    
op     15   44   67   96   44   15   67   96                       -0.00278117925704174981                                                    
op     18   36   70   88   36   18   70   88                       -0.00633420866826989778                                                    
op     16   49   68   99   49   16   68   99                       -0.00259563331056051477                                                    
op     15   42   67   92   42   15   67   92                        0.00253198361482943543                                                    
om     15   42   67   96   42   15   67   96                        0.00234436615586838294                                                    
op     16   49   68   90   49   16   68   90                       -0.00347773952418989341                                                    
op     16   45   68   96   45   16   68   96                       -0.00429321263593088545                                                    
op     16   47   68   96   47   16   68   96                       -0.00345964142867907255                                                    
op     16   49   68   96   49   16   68   96                       -0.00265936648257716988                                                    
om     18   42   70   94   42   18   70   94                       -0.00514572798331641972                                                    
a_ia   67   92                                                     -0.00484724120513356418                                                    
a_ia   25   26                                                     -0.01452539032614706335                                                    
a_ia   74   78                                                     -0.00641279655986257222                                                    
op     18   35   70   87   35   18   70   87                       -0.00552204115774239737                                                    
a_ia   27   42                                                     -0.00690620588938149413                                                    
op     18   40   70   92   40   18   70   92                       -0.00751913171890913629                                                    
a_ia   70   92                                                     -0.00067234718356744619                                                    
a_ia   18   40                                                     -0.00055965310324246993                                                    
a_ia   70   87                                                     -0.00205531208232765565                                                    
a_ia   76   88                                                     -0.00079548466427949811                                                    
om     15   45   67   97   45   15   67   97                       -0.00247369821040535577                                                    
op     15   43   67   95   43   15   67   95                       -0.00413988050847230536                                                    
op     23   43   75   95   43   23   75   95                       -0.00298004830375073887                                                    
op     18   43   70   95   43   18   70   95                       -0.00374834450817644041                                                    
op     18   45   70   97   45   18   70   97                       -0.00222663449333873782                                                    
op     15   46   67   98   46   15   67   98                       -0.00384045171108925902                                                    
om     15   47   67   99   47   15   67   99                       -0.00372942144124360688                                                    
op     15   48   67  100   48   15   67  100                       -0.00282020529905965128                                                    
a_ia   15   48                                                     -0.00035504130498981834                                                    
a_ia   67  100                                                      0.00007119537008498216                                                    
a_ia   67   68                                                     -0.15720068367116438179                                                    
op     15   50   67  102   50   15   67  102                       -0.00218796892007356008                                                    
a_ia   15   50                                                      0.00038305210198689564                                                    
op     15   51   67  103   51   15   67  103                       -0.00202497021701747481                                                    
a_ia   67  102                                                      0.00037304570648457149                                                    
a_ia   68  102                                                     -0.00028230944341737227                                                    
a_ia   26   39                                                      0.13659465614078966644                                                    
a_ia   26   32                                                     -0.12254248790202043606                                                    
a_ia   27   39                                                      0.02589863200030444526                                                    
mvp2   23   26   70   94   26   23   70   94                       -0.01208339512097184737    0.15741983449425156483                          
mvp2   18   26   23   42   18   23   26   42                        0.01098898758904790982   -0.16500170894284846290                          
a_ia   23   26                                                      0.00277020902229779429                                                    
mvp2   23   27   77   91   27   23   77   91                       -0.00907904422478346580    0.08906697494629400857                          
a_ia   23   27                                                     -0.00166420253137380026                                                    
om     23   41   77   91   41   23   77   91                        0.00177532148282378232                                                    
mvp2   23   26   77   84   26   23   77   84                        0.01341617087821173407   -0.18830301223286566303                          
mvp2   23   26   75   84   26   23   75   84                        0.01755291812057839865   -0.08498244744317497157                          
a_ia   75   84                                                      0.01976337634865209594                                                    
mvp2   23   26   75   91   26   23   75   91                       -0.00408023739290337435    0.10123865344016959311                          
mvp2   18   42   75   91   42   18   75   91                       -0.00296504535255151525   -0.11676768223140777947                          
op     13   29   65   81   29   13   65   81                       -0.01147817932332389004                                                    
op     13   33   65   81   33   13   65   81                        0.00358239150030965469                                                    
op     13   33   65   85   33   13   65   85                       -0.00288660451045692941                                                    
op     13   29   65   85   29   13   65   85                        0.00358083842575143392                                                    
mvp2   23   27   70   95   27   23   70   95                       -0.00991749318205461736    0.06451657127878496212                          
mvp2   18   27   23   43   18   23   27   43                        0.00577334528181855031   -0.06127042082125641609                          
mvp2   23   27   70   97   27   23   70   97                        0.00901518795638318361   -0.06554887618562203755                          
a_ia   70   97                                                     -0.00099819823756044208                                                    
a_ia   18   43                                                      0.00054308890567299640                                                    
mvp2   18   27   23   45   18   23   27   45                       -0.00767104487028274964    0.08259395650002536449                          
a_ia   18   45                                                     -0.00087558149013690042                                                    
op     18   46   70   98   46   18   70   98                       -0.00240221318082104764                                                    
mvp2   23   27   70   98   27   23   70   98                        0.00712189095433919239   -0.06529396373000802278                          
a_ia   70   98                                                     -0.00138093927239174769                                                    
mvp2   18   27   23   46   18   23   27   46                       -0.00579938434686740490    0.08063034871585948726                          
mvp2   16   27   23   44   16   23   27   44                        0.01156604616587948199   -0.14265966448542857781                          
a_ia   16   44                                                      0.00154543484558835654                                                    
mvp2   16   27   23   38   16   23   27   38                       -0.00734269977176611483    0.08184031945187167367                          
a_ia   16   38                                                     -0.00117435540386830531                                                    
mvp2   23   27   68   96   27   23   68   96                       -0.01183363863477509062    0.14514352232552735211                          
a_ia   68   96                                                      0.00840366470552054989                                                    
mvp2   23   37   68   96   37   23   68   96                        0.00593379033044813282    0.32476408198986778109                          
a_ia   27   38                                                      0.02099723182722933179                                                    
mvp2   23   27   68   99   27   23   68   99                       -0.00571815669405640638    0.04305659768147249156                          
mvp2   16   44   68   97   44   16   68   97                       -0.00355109931619483751    0.05941740310355318050                          
mvp2   16   44   68   98   44   16   68   98                        0.00309662271154292684   -0.28845631402970095536                          
op     16   44   68   99   44   16   68   99                       -0.00367383034048334150                                                    
mvp2   23   27   67   97   27   23   67   97                       -0.00648663753471637790    0.07553756596793828604                          
a_ia   67   97                                                      0.00100108400473698051                                                    
mvp2   23   27   67   94   27   23   67   94                       -0.01069266844282771786    0.15743415545883054918                          
a_ia   68   94                                                      0.00095990243133986801                                                    
mvp2   23   26   67   94   26   23   67   94                       -0.01012071094063603932    0.11635231056480981049                          
a_ia   67   94                                                     -0.00043327308135843672                                                    
a_ia   26   38                                                     -0.08119802888167840238                                                    
a_ia   26   37                                                     -0.03954872462774659120                                                    
mvp2   16   41   23   44   16   23   41   44                       -0.00408411419347638836   -0.11189819255597351078                          
a_ia   23   41                                                      0.00042719429203075449                                                    
om     23   41   68   96   41   23   68   96                        0.00378175754356635573                                                    
mvp2   23   41   67   94   41   23   67   94                        0.00324521676080241281    0.05127675140972315360                          
a_ia   16   18                                                      0.12641631896764587983                                                    
mvp2   18   43   67   94   43   18   67   94                       -0.00461457042589834190   -0.22613972781341731833                          
mvp2   15   26   23   40   15   23   26   40                       -0.00750974284067780756    0.11661149472103185532                          
a_ia   15   40                                                     -0.00158202432217813618                                                    
mvp2   25   32   77   84   32   25   77   84                       -0.00979010318828707135   -0.28831011067256839819                          
a_ia   25   39                                                     -0.00189860467866930795                                                    
mvp2   25   39   75   93   39   25   75   93                        0.00555342201237117583    0.11540653185903754219                          
mvp2   16   44   68   80   44   16   68   80                        0.00934510687913478987   -0.36388824191207114200                          
a_ia   16   42                                                      0.00111550442164068116                                                    
op     16   45   68   80   45   16   68   80                        0.00538411618153787283                                                    
a_ia   68   80                                                      0.00035167829385580022                                                    
mvp2   16   36   75   79   36   16   75   79                       -0.01039344315723661309   -0.10753225716340668316                          
a_ia   16   39                                                     -0.00069448587373116761                                                    
a_ia   75   79                                                     -0.00246204297455690155                                                    
mvp2   68   79   75   88   68   75   79   88                        0.00997228685448637263   -0.11355521624032506589                          
a_ia   75   88                                                     -0.00138913033840482318                                                    
mvp2   16   36   75   78   36   16   75   78                        0.00986761992576776562    0.09690650441956148720                          
a_ia   75   78                                                     -0.00394978885060317739                                                    
mvp2   68   78   75   88   68   75   78   88                       -0.00993128660179948969    0.10271939976110897041                          
mvp2   68   78   75   82   68   75   78   82                        0.01010050768995056185   -0.12696792878553839201                          
mvp2   16   30   75   78   30   16   75   78                       -0.01111626664866796621   -0.12174813718260556195                          
mvp2   70   78   75   83   70   75   78   83                        0.01306711763270905317   -0.19922366861906515290                          
a_ia   68   83                                                      0.00146515696103598388                                                    
a_ia   70   83                                                     -0.03389619210483715839                                                    
a_ia   68   70                                                      0.14373341773188116899                                                    
a_ia   70   88                                                     -0.00070634135990468427                                                    
mvp2   18   31   75   78   31   18   75   78                       -0.01287741744259599148   -0.20783047066563964389                          
a_ia   16   31                                                      0.00305299818364708616                                                    
a_ia   16   30                                                      0.00029655564804568243                                                    
mvp2   15   27   23   42   15   23   27   42                        0.00876804891641319584   -0.13197405586629143426                          
mvp2   15   26   23   42   15   23   26   42                        0.00898627394967485733   -0.11603499890735319289                          
a_ia   15   42                                                     -0.03054384172190050678                                                    
a_ia   27   41                                                     -0.18594780235113067546                                                    
a_ia   67   95                                                     -0.00044782114498384583                                                    
om     15   41   23   42   15   23   41   42                       -0.00202441533788965539                                                    
mvp2   18   33   75   79   33   18   75   79                       -0.01637917089387225938   -0.13317635471541283687                          
a_ia   18   33                                                      0.00295261289585522797                                                    
a_ia   18   30                                                      0.00893439508445088328                                                    
mvp2   18   33   75   93   33   18   75   93                        0.00698718110770026133    0.12159321124689367877                          
mvp2   18   30   75   79   30   18   75   79                       -0.00891871168386384680   -0.09829080144021050403                          
a_ia   77   78                                                     -0.01774550189568782979                                                    
mvp2   25   32   77   78   32   25   77   78                       -0.01820093219638016166    0.08981264867129090668                          
a_ia   78   91                                                      0.14329921863426070550                                                    
mvp2   16   33   75   79   33   16   75   79                       -0.00897955330323417858   -0.09104649784101286059                          
a_ia   75   79                                                     -0.00617248495476888700                                                    
a_ia   16   33                                                      0.00109876410337346464                                                    
a_ia   75   93                                                      0.00061534405027878199                                                    
mvp2   70   79   75   85   70   75   79   85                        0.01106178583281157771   -0.14967677292692369018                          
a_ia   70   85                                                      0.00413519155353713874                                                    
mvp2   70   79   75   82   70   75   79   82                        0.00817392851847311731   -0.10450846014002110329                          
mvp2   18   33   68   85   33   18   68   85                       -0.00498032043328490350    0.51843968042177990263                          
op     13   34   65   86   34   13   65   86                       -0.00365663422273707637                                                    
a_ia   27   41                                                     -0.14852236284215428186                                                    
op     13   35   65   81   35   13   65   81                        0.00441710565409510029                                                    
a_ia   70   82                                                      0.01133634093344703525                                                    
mvp2   70   79   75   83   70   75   79   83                       -0.00677112180367944304    0.07847953806866177218                          
a_ia   70   83                                                      0.01270907600025378802                                                    
a_ia   74   93                                                      0.00086447034054068245                                                    
a_ia   74   75                                                     -0.07284376267385676840                                                    
op     13   35   65   87   35   13   65   87                       -0.00673912210510471850                                                    
a_ia   65   76                                                      0.10715317682350677941                                                    
a_ia   13   28                                                     -0.00058144458790867235                                                    
a_ia   77   84                                                      0.00885506895026358029                                                    
op      8   34   60   86   34    8   60   86                       -0.00696347989963323234                                                    
a_ia   60   86                                                     -0.00211023694883167310                                                    
a_ia    8   34                                                     -0.00211037145162638277                                                    
op      6   34   58   86   34    6   58   86                       -0.00523908659854319201                                                    
a_ia    6   34                                                     -0.00027882220880480013                                                    
op      6   34   60   86   34    6   60   86                        0.00436017676024486565                                                    
op      8   34   58   86   34    8   58   86                        0.00434041202712225852                                                    
mvp2   70   79   75   87   70   75   79   87                       -0.00490784380146689833    0.09980319350446120730                          
a_ia   75   87                                                      0.00087215977332412529                                                    
a_ia   70   87                                                     -0.00117522932806625479                                                    
mvp2   23   27   67   98   27   23   67   98                       -0.00335861210149877376    0.03467440331904827339                          
a_ia   67   98                                                      0.00077750501043488999                                                    
mvp2   15   27   23   45   15   23   27   45                        0.00377920602151155015   -0.09901200501315456093                          
a_ia   15   45                                                      0.00093632638573493891                                                    
om     15   41   23   45   15   23   41   45                       -0.00338305476296413927                                                    
mvp2   23   26   67   92   26   23   67   92                        0.00720008037734612763   -0.11675357948541068009                          
a_ia   67   92                                                      0.00274243289248671772                                                    
mvp2   23   26   67   99   26   23   67   99                        0.00332164590457923684   -0.04708309281968585391                          
mvp2   23   26   67   96   26   23   67   96                        0.00402437394746403033   -0.06346720997948712695                          
mvp2   16   28   68   96   28   16   68   96                        0.00915381714446798604    0.41296970875087501973                          
a_ia   13   24                                                      0.08098019902039098328                                                    
mvp2   70   85   75   93   70   75   93   85                        0.00555190130004194933    0.05121544658363495067                          
om     16   30   68   82   30   16   68   82                       -0.00435067157692116402                                                    
a_ia   41   42                                                      0.13960410895695199440                                                    
mvp2   15   31   77   78   31   15   77   78                       -0.00975377258120286444   -0.07632950833478771568                          
a_ia   15   31                                                      0.00401423579717582763                                                    
op     22   32   74   84   32   22   74   84                       -0.01058631090007863644                                                    
a_ia   74   84                                                     -0.00646395577887071571                                                    
a_ia   22   32                                                      0.00187840490493718830                                                    
mvp2   18   26   25   43   18   25   26   43                        0.00747213652639975787   -0.02110131157512559752                          
mvp2   25   26   67   94   26   25   67   94                       -0.00910901888990419545   -0.02951045586773963850                          
a_ia   15   43                                                     -0.00073091544118734485                                                    
mvp2   25   27   67   95   27   25   67   95                       -0.00420933151661192877    0.09338991805143247171                          
a_ia   25   27                                                      0.00198894577990225063                                                    
a_ia   25   41                                                      0.00289831682705376983                                                    
a_ia   25   37                                                      0.00464693929284814428                                                    
a_ia   25   38                                                      0.00146831732761491221                                                    
om     25   37   77   89   37   25   77   89                       -0.00782117203615870400                                                    
a_ia   77   89                                                     -0.02656143566155227606                                                    
mvp2   23   37   77   89   37   23   77   89                        0.00520139013387137944   -0.47291385071284802732                          
a_ia   23   37                                                      0.02377176251816632419                                                    
a_ia   23   25                                                     -0.01562869463774440443                                                    
mvp2   23   41   77   89   41   23   77   89                        0.00296824959860983060   -0.16006596207799103637                          
op      9   34   58   86   34    9   58   86                        0.00298349927180414616                                                    
om      9   34   60   86   34    9   60   86                       -0.00295050032515449057                                                    
op      9   29   65   81   29    9   65   81                        0.00699781332200090714                                                    
op     22   32   76   84   32   22   76   84                        0.00671704955721493403                                                    
a_ia   13   36                                                     -0.00070630397646802409                                                    
op     24   32   76   84   32   24   76   84                       -0.00695979002372214359                                                    
a_ia   77   89                                                      0.02002466081052208316                                                    
a_ia   75   76                                                      0.25799128720635949863                                                    
mvp2   24   32   74   84   32   24   74   84                        0.00599478449546572787    0.69001386353598981316                          
a_ia   24   32                                                     -0.00408228835107944926                                                    
a_ia   74   84                                                      0.00739836320524741697                                                    
a_ia   65   81                                                      0.00066184673061799536                                                    
om      6   29   58   81   29    6   58   81                       -0.00631302458623237122                                                    
a_ia   58   81                                                      0.00162031882260451417                                                    
a_ia    6   29                                                      0.00161246175661163027                                                    
op     10   29   65   81   29   10   65   81                        0.00709773187351131745                                                    
