op     24   28   80   84   28   24   80   84                       -0.02991514138289975977                                                    
op     24   29   80   85   29   24   80   85                       -0.03599762610212962205                                                    
op     24   29   80   84   29   24   80   84                        0.02244488851347078984                                                    
op     23   28   79   84   28   23   79   84                       -0.01367924484704784518                                                    
op     24   28   80   85   28   24   80   85                        0.02163993705664921802                                                    
op     26   29   82   85   29   26   82   85                       -0.00926853002677289865                                                    
op     27   29   83   85   29   27   83   85                       -0.01642907574579014970                                                    
op     27   29   81   85   29   27   81   85                        0.01240383120318177927                                                    
op     25   29   81   85   29   25   81   85                       -0.00997164919741909406                                                    
op     25   29   83   85   29   25   83   85                        0.01058806518372356828                                                    
op     26   29   81   85   29   26   81   85                        0.00569147078191976907                                                    
op     26   28   82   84   28   26   82   84                       -0.02295800502670019075                                                    
a_ia   26   28                                                      0.00368448350834102737                                                    
op     23   32   79   88   32   23   79   88                       -0.01330560987286275379                                                    
a_ia   79   88                                                     -0.00138464242443201574                                                    
a_ia   23   32                                                     -0.00148751518615018166                                                    
op     27   38   83   94   38   27   83   94                       -0.01146476510358329821                                                    
op     27   33   83   89   33   27   83   89                       -0.00489984855990652311                                                    
op     27   39   83   94   39   27   83   94                       -0.00654892018776110935                                                    
op     27   37   83   94   37   27   83   94                       -0.00921892147648289279                                                    
op     27   39   83   95   39   27   83   95                       -0.00736406728938508205                                                    
op     27   38   83   95   38   27   83   95                       -0.00528615789605290428                                                    
op     27   37   83   93   37   27   83   93                       -0.00771871594784355377                                                    
op     27   38   83   93   38   27   83   93                       -0.00633829122546971345                                                    
op     27   39   83   93   39   27   83   93                       -0.00277776571415896132                                                    
a_ia   29   30                                                     -0.18875224693039635571                                                    
op     24   37   80   93   37   24   80   93                       -0.01932602653995275574                                                    
a_ia   80   93                                                     -0.00190615953615310666                                                    
a_ia   24   37                                                      0.00119747937619832921                                                    
op     24   29   80   93   29   24   80   93                       -0.01413319694260943039                                                    
om     24   37   80   85   37   24   80   85                       -0.01672104972179223881                                                    
a_ia   83   94                                                     -0.00089108588876413814                                                    
op     23   28   82   84   28   23   82   84                       -0.01817964351166947296                                                    
a_ia   82   84                                                      0.00320720739461579848                                                    
om     24   37   80   84   37   24   80   84                        0.01162237313934261738                                                    
a_ia   23   28                                                      0.00163591492636334370                                                    
om     26   28   79   84   28   26   79   84                       -0.01372391436208961549                                                    
om     24   33   80   93   33   24   80   93                       -0.00483783182495606083                                                    
a_ia   29   33                                                      0.14115264437758298643                                                    
op     24   28   80   93   28   24   80   93                        0.01002929613816294120                                                    
op     27   34   83   90   34   27   83   90                       -0.00469441042516321062                                                    
a_ia   83   90                                                      0.00172628569106387793                                                    
a_ia   27   34                                                      0.00217932952172822944                                                    
a_ia   80   84                                                      0.00174151941569893531                                                    
op     24   37   80   89   37   24   80   89                       -0.00789344455168568444                                                    
a_ia   80   89                                                      0.00149443098006206117                                                    
op     24   33   80   89   33   24   80   89                       -0.00509896515993191277                                                    
op     23   37   79   93   37   23   79   93                       -0.00383687485368044761                                                    
op     23   29   79   85   29   23   79   85                       -0.00776825937762851571                                                    
a_ia   24   29                                                     -0.00182825443487671718                                                    
om     24   30   80   86   30   24   80   86                       -0.00725802557134102005                                                    
a_ia   79   89                                                      0.00190631683967564490                                                    
op     23   33   79   89   33   23   79   89                       -0.00537439656582756192                                                    
a_ia   24   33                                                      0.00150468920979920646                                                    
a_ia   23   33                                                      0.00194122608028799706                                                    
op     24   36   80   92   36   24   80   92                       -0.00930586420507985117                                                    
op     23   31   79   87   31   23   79   87                       -0.00495242463647482117                                                    
om     23   38   79   94   38   23   79   94                       -0.00581501536876387858                                                    
a_ia   22   32                                                     -0.00268655879294698186                                                    
op     13   31   69   87   31   13   69   87                       -0.01684134002943869779                                                    
op     13   31   72   87   31   13   72   87                        0.00928759094246431674                                                    
op     16   31   72   87   31   16   72   87                       -0.00972644475614852476                                                    
op     16   31   69   87   31   16   69   87                        0.00914518213374487451                                                    
op     20   31   69   87   31   20   69   87                        0.00145029585194121429                                                    
mvp2   24   37   83   94   37   24   83   94                        0.01846427555337529919   -0.10525458303490921319                          
op     16   31   78   87   31   16   78   87                        0.00413454205218397649                                                    
a_ia   78   87                                                     -0.00134480000264327573                                                    
mvp3   24   37   27   38   24   27   38   37   24   27   37   38    0.01450107503012129651   -0.18595292229577958798    0.42695356855468163948
a_ia   24   27                                                     -0.08723394969900921669                                                    
mvp2   24   37   83   93   37   24   83   93                        0.01270686563289914923   -0.08955975395969574537                          
a_ia   83   93                                                     -0.00071292087692950267                                                    
mvp3   24   37   27   39   24   27   39   37   24   27   37   39    0.01072226402731845871   -0.14071534727368045781   -0.45395099642098707404
mvp2   26   39   83   94   39   26   83   94                       -0.00574527221913754063   -0.49871285812895316258                          
op     24   35   80   91   35   24   80   91                       -0.00364091437783047077                                                    
op     24   40   80   96   40   24   80   96                       -0.00418898526811006637                                                    
a_ia   24   40                                                      0.00064636160572144579                                                    
op     24   42   80   98   42   24   80   98                       -0.00443503170278016900                                                    
a_ia   24   42                                                      0.00106443237756735968                                                    
a_ia   80   98                                                      0.00105553454430099653                                                    
op     24   46   80  102   46   24   80  102                       -0.00503411719083039604                                                    
op     24   43   80   99   43   24   80   99                       -0.00308114670695090352                                                    
op     24   41   80   97   41   24   80   97                       -0.00246594256853557327                                                    
a_ia   27   35                                                     -0.00217628749625195300                                                    
op     24   46   80   99   46   24   80   99                       -0.00186926323154506624                                                    
a_ia   80   99                                                     -0.00039709945844177276                                                    
op     13   32   69   88   32   13   69   88                       -0.00803260706625392833                                                    
a_ia   13   32                                                      0.00126346939997336771                                                    
a_ia   69   88                                                      0.00151676479947686761                                                    
a_ia   36   37                                                     -0.29634120493782278860                                                    
op     21   32   77   88   32   21   77   88                       -0.00505641154764367631                                                    
a_ia   21   32                                                     -0.00140813983785468980                                                    
a_ia   81   88                                                      0.00067107731382017781                                                    
mvp2   24   37   80   92   37   24   80   92                       -0.00845531312576153216    0.52189098488112239949                          
a_ia   80   92                                                     -0.00017974199602199540                                                    
a_ia   24   37                                                     -0.00363612989416603862                                                    
mvp2   24   37   80   95   37   24   80   95                        0.00558712514698043398   -0.55409801360017463256                          
a_ia   80   95                                                     -0.00167381411857060887                                                    
op     13   53   69  109   53   13   69  109                       -0.01418217869052671408                                                    
op     24   53   69  109   53   24   69  109                        0.00477993487417689971                                                    
op     13   53   80  109   53   13   80  109                        0.00448686758337551485                                                    
op     24   53   80  109   53   24   80  109                       -0.00228812133087622242                                                    
om     13   53   69   90   53   13   69   90                       -0.00534148428608179245                                                    
a_ia   69   92                                                     -0.00074195671561689928                                                    
op     13   34   69  109   34   13   69  109                       -0.00538488521646446165                                                    
op     13   34   69   90   34   13   69   90                       -0.00583772319518815683                                                    
om     23   53   69  109   53   23   69  109                        0.00632819885455223729                                                    
op     13   41   69   97   41   13   69   97                       -0.00484160734198762089                                                    
op     13   44   69  100   44   13   69  100                       -0.00409708419960279433                                                    
a_ia   13   44                                                     -0.00106913407859906585                                                    
a_ia   69  100                                                     -0.00036787201861574999                                                    
op     13   48   69  104   48   13   69  104                       -0.00546841993168430910                                                    
a_ia   23   35                                                      0.00287038427771898336                                                    
a_ia   26   33                                                      0.00132117768000037500                                                    
op     13   46   69  102   46   13   69  102                       -0.00389602263288675024                                                    
a_ia   27   40                                                     -0.00099759758700184798                                                    
op     13   53   79  109   53   13   79  109                        0.00690478972385504854                                                    
om     23   53   79  109   53   23   79  109                       -0.00375827793939845787                                                    
om     23   35   79   91   35   23   79   91                       -0.00783275780885002958                                                    
a_ia   79   91                                                      0.00292807371927709080                                                    
om     24   34   80   90   34   24   80   90                       -0.00441120243205773283                                                    
om     16   32   72   88   32   16   72   88                       -0.00736612316823259238                                                    
a_ia   76   88                                                      0.00172937913176020265                                                    
a_ia   16   32                                                      0.00092384152255232672                                                    
a_ia   20   32                                                      0.00208990562603728449                                                    
op     20   32   76   88   32   20   76   88                       -0.00427552993793752206                                                    
op     12   32   68   88   32   12   68   88                       -0.00858294113418745647                                                    
a_ia   68   88                                                     -0.00123553021340582457                                                    
a_ia   12   32                                                     -0.00111719065950527949                                                    
a_ia   78   88                                                     -0.00243911655929992784                                                    
a_ia   72   88                                                      0.00089310515295829430                                                    
a_ia   69   99                                                     -0.00044420580749158351                                                    
a_ia   69  102                                                     -0.00038363740943002194                                                    
op     20   35   76   91   35   20   76   91                       -0.01323705026766304471                                                    
a_ia   76   91                                                      0.00470385313547931356                                                    
a_ia   20   35                                                      0.00539489095450975190                                                    
a_ia   76   89                                                      0.00324450749168908896                                                    
a_ia   20   29                                                      0.00182928780016808866                                                    
om     20   35   76   89   35   20   76   89                       -0.00684702968824608092                                                    
op     20   33   76   91   33   20   76   91                       -0.00748957335939451005                                                    
a_ia   20   33                                                      0.00385766081610489173                                                    
a_ia   29   35                                                     -0.15025864346270265126                                                    
a_ia   22   35                                                     -0.00381333785761270696                                                    
op     22   35   76   91   35   22   76   91                        0.00837689713838632270                                                    
om     22   35   78   91   35   22   78   91                       -0.01053715676026343445                                                    
a_ia   78   91                                                     -0.00396189618158741732                                                    
a_ia   85   91                                                     -0.18881033904865227036                                                    
om     20   33   76   89   33   20   76   89                       -0.00617211158572647522                                                    
om     20   35   78   91   35   20   78   91                        0.00859832459260954224                                                    
a_ia   76   85                                                      0.00163324883987574438                                                    
a_ia   23   36                                                     -0.00144559004853487996                                                    
a_ia   20   29                                                     -0.00058969734819234738                                                    
a_ia   72   87                                                      0.00107514095184940792                                                    
op     21   35   78   91   35   21   78   91                       -0.00525463613912053890                                                    
a_ia   21   35                                                     -0.00038141233274798647                                                    
op     23   53   80  109   53   23   80  109                       -0.00199028739758377654                                                    
op     23   41   79   97   41   23   79   97                       -0.00396328319460034512                                                    
a_ia   79   80                                                      0.07841608961914391107                                                    
op     23   42   79   98   42   23   79   98                       -0.00461033010884371718                                                    
a_ia   79   92                                                     -0.00126572584101138845                                                    
op     23   46   79  102   46   23   79  102                       -0.00465359856217237734                                                    
a_ia   24   46                                                      0.00074447416522735845                                                    
op     23   47   79  103   47   23   79  103                       -0.00490999184907823030                                                    
a_ia   79  100                                                     -0.00097432794724079295                                                    
op     23   44   79  100   44   23   79  100                       -0.00328741684571945631                                                    
a_ia   23   44                                                     -0.00096296642994357510                                                    
op     23   49   79  105   49   23   79  105                       -0.00385171479851283789                                                    
op     23   45   79  101   45   23   79  101                       -0.00341368244109156857                                                    
a_ia   23   45                                                     -0.00076622172704086369                                                    
op     23   50   79  106   50   23   79  106                       -0.00240697459670952693                                                    
op     23   51   79  107   51   23   79  107                       -0.00254618891463906285                                                    
a_ia   79  101                                                     -0.00064831859833243248                                                    
op     23   52   79  108   52   23   79  108                       -0.00186738330286499829                                                    
op     23   51   79  108   51   23   79  108                        0.00125694935193534354                                                    
om     13   53   83  109   53   13   83  109                       -0.00214428969747909506                                                    
a_ia   83   96                                                     -0.00100404499816221667                                                    
om     13   53   78  109   53   13   78  109                       -0.00847791964346473158                                                    
a_ia   13   36                                                     -0.00115048446328497029                                                    
a_ia   80   96                                                      0.00084700854029947617                                                    
op     22   44   78  100   44   22   78  100                       -0.01240755854843623475                                                    
a_ia   78  100                                                      0.00264730464768240170                                                    
a_ia   22   36                                                      0.00269420049138072940                                                    
a_ia   22   44                                                      0.00197688669975013085                                                    
op     13   44   78  100   44   13   78  100                        0.00354897674654679326                                                    
a_ia   22   37                                                     -0.00111029145426350920                                                    
mvp2   13   36   78  100   36   13   78  100                        0.00604455673289212327    0.14739168314673795068                          
om     22   44   76  100   44   22   76  100                        0.00806289685040279328                                                    
a_ia   76  100                                                     -0.00190726104534396377                                                    
a_ia   85   89                                                      0.15055988268071188174                                                    
op     13   44   76  100   44   13   76  100                       -0.00200681972801884352                                                    
a_ia   13   22                                                      0.20053879084994080673                                                    
op     13   53   76  109   53   13   76  109                        0.00319830705539204388                                                    
op     22   36   78   92   36   22   78   92                       -0.00749784327155836924                                                    
a_ia   78   92                                                      0.00141883556612782584                                                    
om     22   36   78  100   36   22   78  100                       -0.00688751254459471496                                                    
mvp2   20   44   78  100   44   20   78  100                        0.00864978132162990375    0.59593523672719161954                          
a_ia   78  100                                                      0.00079586617572809592                                                    
a_ia   20   44                                                     -0.00045530666194925712                                                    
om     20   44   76  100   44   20   76  100                       -0.00712007140279872879                                                    
mvp2   13   36   78   92   36   13   78   92                        0.00472053123804601436   -0.76975571795835906475                          
a_ia   13   36                                                     -0.00127106434789388419                                                    
om     22   44   69  100   44   22   69  100                        0.00481832156784471177                                                    
mvp2   22   44   69   92   44   22   69   92                        0.00428262018093652445   -0.23190807762506590595                          
a_ia   22   44                                                      0.00107822426028396259                                                    
a_ia   69   83                                                      0.13132088447425566136                                                    
op     22   36   69   92   36   22   69   92                        0.00344471628162806897                                                    
a_ia   13   37                                                      0.00017105274179615102                                                    
mvp2   20   44   69  100   44   20   69  100                       -0.00348822758336597661    0.46577592877078710654                          
a_ia   20   44                                                     -0.00071502346868772748                                                    
op     27   53   69  109   53   27   69  109                       -0.00231366137098921792                                                    
a_ia   69   78                                                      0.18074122560432695495                                                    
op     13   53   78  109   53   13   78  109                        0.00586990501847239627                                                    
om     20   53   69  109   53   20   69  109                        0.00153767827956379313                                                    
a_ia   20   37                                                      0.00069055859906996917                                                    
a_ia   13   20                                                     -0.12174255862761536318                                                    
op     13   36   69   92   36   13   69   92                       -0.00373591312369362131                                                    
a_ia   21   28                                                     -0.00094661731051529910                                                    
a_ia   77   84                                                     -0.00095291715589218453                                                    
om     13   30   69   86   30   13   69   86                       -0.00687741239512269960                                                    
a_ia   13   27                                                      0.12468796491366961054                                                    
op     22   53   69  109   53   22   69  109                       -0.00210268026712465920                                                    
a_ia   37   44                                                      0.10682286575396318651                                                    
om     22   44   78   92   44   22   78   92                       -0.00385428385019439147                                                    
op     22   37   78   92   37   22   78   92                        0.00351296170068515941                                                    
om     21   35   77   91   35   21   77   91                       -0.00399305950199997650                                                    
op     23   52   79  107   52   23   79  107                        0.00125573337655189663                                                    
op     19   28   75   84   28   19   75   84                       -0.00715702956152984050                                                    
op     12   28   75   84   28   12   75   84                        0.00717257891119348328                                                    
op     12   28   82   84   28   12   82   84                        0.01343137216390735342                                                    
op     12   28   68   84   28   12   68   84                       -0.00436247828192288644                                                    
op     19   28   68   84   28   19   68   84                        0.00395544951700211971                                                    
op     19   28   82   84   28   19   82   84                       -0.01217384132253786916                                                    
om     12   28   74   84   28   12   74   84                        0.00328421379404721624                                                    
om     19   28   74   84   28   19   74   84                       -0.00276445417089372794                                                    
a_ia   74   84                                                      0.00009272204744510718                                                    
a_ia   68   82                                                      0.33104659546116410596                                                    
om     12   28   73   84   28   12   73   84                        0.00618878853661900333                                                    
a_ia   73   84                                                      0.00127994731703491181                                                    
op     19   28   73   84   28   19   73   84                       -0.00531037412911627114                                                    
op     24   47   80  103   47   24   80  103                       -0.00274705240283679457                                                    
mvp2   20   42   78  100   42   20   78  100                       -0.00336338823018864173   -0.16135081406196438714                          
a_ia   16   35                                                     -0.00155241648971437022                                                    
om     16   53   69  109   53   16   69  109                        0.00355650022255854731                                                    
op     23   54   79  110   54   23   79  110                       -0.00146640779701767807                                                    
op     17   28   73   84   28   17   73   84                       -0.00553165482787660538                                                    
op     17   28   74   84   28   17   74   84                       -0.00323413309581017114                                                    
op     17   28   82   84   28   17   82   84                       -0.00909808201623589843                                                    
a_ia   17   28                                                      0.00134571333266766133                                                    
op     17   28   68   84   28   17   68   84                        0.00642745915563073741                                                    
op      2   32   58   88   32    2   58   88                       -0.00575766594605697096                                                    
a_ia   58   88                                                      0.00108108470377927027                                                    
a_ia    2   32                                                      0.00108049025933976833                                                    
op      7   32   63   88   32    7   63   88                       -0.00453647636647567902                                                    
op      8   32   63   88   32    8   63   88                        0.00283468042306245097                                                    
a_ia   74   82                                                     -0.32688081349187914082                                                    
op      7   32   64   88   32    7   64   88                        0.00283525364558237904                                                    
op      7   32   62   88   32    7   62   88                        0.00207647192372681149                                                    
op      8   32   64   88   32    8   64   88                       -0.00226544612921357686                                                    
op     18   28   74   84   28   18   74   84                       -0.00618328093453066486                                                    
op     18   28   82   84   28   18   82   84                       -0.00816069030648232559                                                    
a_ia   18   28                                                      0.00123248034985953478                                                    
op     18   28   68   84   28   18   68   84                        0.00669800356403148656                                                    
om     18   28   73   84   28   18   73   84                       -0.00556004620020056958                                                    
op      7   32   59   88   32    7   59   88                        0.00311961746089835365                                                    
op      3   32   59   88   32    3   59   88                       -0.00339574771763328240                                                    
op      3   32   63   88   32    3   63   88                        0.00312064074926772777                                                    
op      6   32   63   88   32    6   63   88                        0.00207511239482180030                                                    
op     24   49   80  105   49   24   80  105                       -0.00232152187400064183                                                    
a_ia   80  102                                                      0.00075967289487183242                                                    
a_ia   24   49                                                      0.00056071127874941676                                                    
a_ia   80  105                                                      0.00052729337623439582                                                    
op     22   47   78  103   47   22   78  103                       -0.00311508142027823367                                                    
a_ia   22   47                                                     -0.00063980860140926013                                                    
a_ia   78   96                                                      0.00042938541984744057                                                    
op     22   41   78   97   41   22   78   97                       -0.00242216281260547624                                                    
a_ia   22   41                                                      0.00037102234996796442                                                    
mvp2   22   47   78  100   47   22   78  100                        0.00273190208822003807    0.16838284371066411516                          
op     22   42   78   98   42   22   78   98                       -0.00315655230439302204                                                    
op      2   31   58   87   31    2   58   87                       -0.00365115674064495337                                                    
op     15   28   71   84   28   15   71   84                       -0.00386763025609525215                                                    
a_ia   58   87                                                     -0.00049989272518003965                                                    
a_ia    2   31                                                     -0.00048614961458372301                                                    
op      6   32   62   88   32    6   62   88                       -0.00172370742124055665                                                    
a_ia   22   47                                                      0.00044707710310232528                                                    
mvp2   27   38   81   94   38   27   81   94                        0.00608994758372588454   -0.30716397424044211695                          
a_ia   81   94                                                     -0.00088762779601061278                                                    
a_ia   69  109                                                      0.00039522745847811138                                                    
a_ia   27   38                                                     -0.00083562384657437502                                                    
a_ia   23   54                                                      0.00023890660813542271                                                    
mvp2   27   39   81   94   39   27   81   94                        0.00520421945524727602    0.08737788231993146026                          
a_ia   13   30                                                      0.00077244265832026508                                                    
a_ia   71   84                                                     -0.00039840044478952507                                                    
mvp2   26   38   27   40   26   27   38   40                       -0.00334798456457024952    0.36387470618852407744                          
a_ia   26   27                                                     -0.21968800435967128504                                                    
a_ia   26   38                                                      0.00081971763041909906                                                    
a_ia   26   40                                                      0.00083325693409997618                                                    
a_ia   21   29                                                      0.00124062868229094653                                                    
a_ia   25   35                                                      0.00094668551114212825                                                    
a_ia   19   35                                                      0.00123601602043808107                                                    
op     19   29   75   85   29   19   75   85                       -0.00527070384332749969                                                    
a_ia   19   29                                                      0.00068800991724349541                                                    
