op     25   26   77   78   26   25   77   78                       -0.15381644861041238181                                                    
op     25   27   77   79   27   25   77   79                       -0.06899405368552018192                                                    
op     23   27   75   79   27   23   75   79                       -0.08098842774963993518                                                    
op     23   26   75   78   26   23   75   78                       -0.06340213836861202656                                                    
a_ia   75   78                                                      0.00427800816393577969                                                    
a_ia   23   26                                                     -0.00051866659069388322                                                    
mvp2   23   26   77   79   26   23   77   79                        0.09300355333784042500   -0.18523911082882268953                          
a_ia   77   79                                                     -0.01922951942821113369                                                    
mvp2   25   27   75   78   27   25   75   78                        0.08368840187383495832   -0.00552092227877709098                          
a_ia   23   24                                                     -0.23107599630514044642                                                    
mvp3   23   26   25   27   23   25   27   26   23   25   26   27    0.08196527036390426069   -0.07913750937381405781    0.30078261256925231670
op     25   31   77   83   31   25   77   83                       -0.01050065482872544406                                                    
a_ia   26   27                                                     -0.06122133688364304188                                                    
mvp2   25   26   75   79   26   25   75   79                        0.07442965094392665903    0.28224220908447894551                          
mvp2   25   31   77   78   31   25   77   78                        0.03405519055041771048   -0.09961693563250195727                          
a_ia   78   83                                                     -0.19368345124765792842                                                    
mvp2   23   27   76   79   27   23   76   79                        0.00022711908364933569    0.03591475059830181310                          
op     23   36   75   88   36   23   75   88                       -0.01873256543989838818                                                    
a_ia   75   88                                                      0.00528523012440476440                                                    
a_ia   23   36                                                      0.01024681637771877353                                                    
a_ia   78   88                                                      0.10765814504947356089                                                    
mvp2   23   36   75   78   36   23   75   78                       -0.01618074314386589233    0.06627421531107655084                          
mvp3   24   26   25   27   24   25   27   26   24   25   26   27   -0.02410688191413470904    0.02905836833505148764   -0.04566822446904363758
a_ia   22   25                                                     -0.02625115562897461369                                                    
op     14   28   66   80   28   14   66   80                       -0.03441724882137212754                                                    
mvp2   23   36   77   79   36   23   77   79                        0.02480601920186654985    0.00263590500384488884                          
a_ia   75   83                                                      0.00461560650025928752                                                    
mvp2   23   31   77   79   31   23   77   79                       -0.01492144050912598205   -0.06818862801547427577                          
op     14   28   67   80   28   14   67   80                       -0.01443357915307978863                                                    
op     14   28   60   80   28   14   60   80                        0.02179171194689547703                                                    
op      8   28   60   80   28    8   60   80                       -0.01385323029282829917                                                    
op      8   28   66   80   28    8   66   80                        0.01922422673911442642                                                    
op     23   37   75   89   37   23   75   89                       -0.00886744646181997567                                                    
a_ia   75   89                                                     -0.00310445964641106872                                                    
a_ia   23   37                                                      0.00095639444791814849                                                    
op     23   32   75   84   32   23   75   84                       -0.00655482470534420134                                                    
mvp2   23   40   75   79   40   23   75   79                       -0.00550810182092846979    0.00786376157897694661                          
a_ia   74   77                                                      0.16784043566234113642                                                    
a_ia   26   27                                                      0.09337946435277076629                                                    
op     15   28   66   80   28   15   66   80                       -0.01353033815651633054                                                    
op     15   28   60   80   28   15   60   80                        0.00794307424925174907                                                    
mvp2   23   40   75   92   40   23   75   92                       -0.00603028838922573668   -0.72940586846684229982                          
a_ia   79   92                                                      0.00916386495107051474                                                    
a_ia   77   83                                                      0.00645661607172444505                                                    
a_ia   24   25                                                     -0.09658810945589305086                                                    
mvp2   25   27   76   78   27   25   76   78                        0.00049485145895290491   -0.05093337468370306986                          
op     11   26   63   78   26   11   63   78                       -0.03178068914430717817                                                    
a_ia   11   26                                                      0.00292655719683227030                                                    
a_ia   27   31                                                     -0.07186306260736055607                                                    
mvp2   25   27   63   78   27   25   63   78                        0.00325772530350700550    0.23999494871938092944                          
mvp2   11   27   77   78   27   11   77   78                        0.01518033212111393089    0.03700714710182889666                          
a_ia   11   25                                                     -0.04112908953468689954                                                    
a_ia   71   77                                                     -0.05770414205330224450                                                    
a_ia   19   25                                                     -0.05866667406474521118                                                    
a_ia   67   77                                                      0.03473993216208526302                                                    
a_ia   18   25                                                      0.08261473308673709937                                                    
op     14   28   61   80   28   14   61   80                       -0.01461389637394872737                                                    
op     15   28   61   80   28   15   61   80                       -0.00616014789232702514                                                    
op      8   28   61   80   28    8   61   80                        0.00834080648348882979                                                    
op      9   28   66   80   28    9   66   80                       -0.01248667738231732348                                                    
op      9   28   60   80   28    9   60   80                        0.00845543109030209329                                                    
op      9   28   61   80   28    9   61   80                       -0.00589142450203024217                                                    
mvp2   23   39   75   79   39   23   75   79                        0.01395486527386415390   -0.05384577832555627330                          
a_ia   24   36                                                     -0.00136690688094752606                                                    
op     22   31   74   83   31   22   74   83                       -0.00776853486737711513                                                    
a_ia   73   77                                                      0.07044413342433362979                                                    
a_ia   76   77                                                     -0.09291644302148385770                                                    
mvp2   25   26   63   79   26   25   63   79                        0.01473659689268481607   -0.12622448281871337383                          
a_ia   21   25                                                      0.07213161063557445296                                                    
mvp2   11   26   77   79   26   11   77   79                        0.00157238560661554353   -0.19463343685634501568                          
a_ia   63   77                                                     -0.05695751542931940664                                                    
mvp2   23   39   75   92   39   23   75   92                        0.00283598986596790949   -0.15399250637743097658                          
op     23   34   75   86   34   23   75   86                       -0.00439753663505468382                                                    
mvp2   23   27   63   79   27   23   63   79                       -0.00359951721430055776   -0.18880078364236305144                          
a_ia   23   31                                                      0.00394967471739633962                                                    
a_ia   22   23                                                     -0.04101569524187542726                                                    
a_ia   63   79                                                      0.00089905222008457709                                                    
a_ia   76   79                                                     -0.00006688459297947782                                                    
a_ia   79   83                                                      0.09778384123087238700                                                    
mvp2   11   27   63   79   27   11   63   79                       -0.00289856492867580961   -0.21447432234701843679                          
a_ia   11   23                                                     -0.37717948523418315387                                                    
om     11   31   63   83   31   11   63   83                       -0.00412181870022415662                                                    
om     23   36   63   88   36   23   63   88                       -0.00009233691638013678                                                    
a_ia   63   88                                                      0.00004716755576376545                                                    
om     23   36   76   88   36   23   76   88                        0.00027846763529944859                                                    
a_ia   76   88                                                     -0.00000508283656188293                                                    
a_ia   22   27                                                     -0.00357783021481709960                                                    
op     15   28   67   80   28   15   67   80                       -0.00734204853491798263                                                    
op      8   28   67   80   28    8   67   80                        0.00713667188741796011                                                    
a_ia   67   80                                                      0.00051084003251634751                                                    
a_ia   70   77                                                      0.08040160634760842862                                                    
op     13   28   66   80   28   13   66   80                       -0.00620745768006443314                                                    
a_ia   13   28                                                      0.00068570161037731026                                                    
mvp2   23   27   77   88   27   23   77   88                        0.01224387173677071554   -0.07380791598363999062                          
op     25   36   77   88   36   25   77   88                       -0.00529478122723498704                                                    
a_ia   23   25                                                     -0.04391804681676286098                                                    
a_ia   77   88                                                     -0.00004569134752604168                                                    
op     11   30   63   82   30   11   63   82                       -0.00373618983762135813                                                    
a_ia   11   24                                                     -0.16171827962852278193                                                    
op     24   31   76   83   31   24   76   83                       -0.00649862419836102437                                                    
a_ia   23   27                                                      0.00356587760167570910                                                    
a_ia   25   27                                                     -0.03106286204867323222                                                    
a_ia   66   80                                                      0.00209986818126403629                                                    
a_ia   71   78                                                      0.00110095231703561053                                                    
a_ia   75   92                                                     -0.00140693075863245788                                                    
a_ia   25   31                                                      0.01046115358182556944                                                    
a_ia   22   25                                                      0.20568509311337124235                                                    
a_ia   27   36                                                      0.07788054530411749055                                                    
a_ia   77   79                                                     -0.00624275537347082372                                                    
a_ia   79   88                                                      0.06778341008012636615                                                    
a_ia   14   28                                                     -0.00170490758543481984                                                    
a_ia   15   28                                                      0.00053023718048755407                                                    
a_ia    8   28                                                      0.00026098395548909584                                                    
op     25   30   77   82   30   25   77   82                       -0.00890652696857266099                                                    
a_ia   22   31                                                      0.00118192021163288866                                                    
mvp2   25   40   77   79   40   25   77   79                       -0.00087554638980403567    0.02807990576953839704                          
a_ia   25   40                                                     -0.00246637394759570980                                                    
mvp2   25   31   63   79   31   25   63   79                       -0.00690869012612010860   -0.13226424262008940058                          
op     25   30   63   82   30   25   63   82                       -0.00338142105762001283                                                    
mvp2   25   36   75   79   36   25   75   79                        0.01856902408979922703   -0.09940843042058399026                          
a_ia   75   79                                                      0.00512749816258562235                                                    
a_ia   25   36                                                     -0.00162957666305637476                                                    
mvp2   25   40   75   88   40   25   75   88                        0.00815385669609049180    0.03535891408905950800                          
a_ia   79   82                                                      0.02185999840742221603                                                    
a_ia   63   75                                                     -0.31373069701719119573                                                    
om     23   40   77   88   40   23   77   88                        0.00394174696855832066                                                    
om     18   31   70   83   31   18   70   83                       -0.00686263648393207332                                                    
a_ia   25   40                                                      0.00167721293675920165                                                    
a_ia   27   31                                                      0.17090005548416256631                                                    
a_ia   27   40                                                      0.18745638108998105564                                                    
mvp2   25   27   75   88   27   25   75   88                        0.01045518057284930413   -0.15888612699564100272                          
a_ia   25   27                                                      0.01525557697026229224                                                    
om      8   26   60   78   26    8   60   78                       -0.00823936887983509579                                                    
mvp2   25   39   75   88   39   25   75   88                       -0.00723246006137624915   -0.03853153176385031714                          
a_ia   25   39                                                      0.01164818410566756043                                                    
a_ia   23   40                                                     -0.00127352348471276790                                                    
a_ia   11   37                                                     -0.00090333513483042722                                                    
om     25   36   75   92   36   25   75   92                        0.00394671518082389573                                                    
om     23   39   77   88   39   23   77   88                       -0.00532816565592383710                                                    
a_ia   23   39                                                      0.00116926488450815958                                                    
a_ia   25   37                                                      0.00103575742739360249                                                    
op     25   41   77   93   41   25   77   93                       -0.00781446070482923714                                                    
a_ia   77   89                                                     -0.00239157894707513717                                                    
a_ia   25   41                                                     -0.03726439298672745704                                                    
a_ia   77   93                                                     -0.00362657499874473755                                                    
a_ia   77   91                                                      0.00595674833323204395                                                    
a_ia   77   90                                                     -0.00163556646684714251                                                    
op     25   33   77   85   33   25   77   85                       -0.00594546080632512696                                                    
a_ia   11   41                                                     -0.00116586723132297218                                                    
op     11   41   77   93   41   11   77   93                       -0.00370768416054887123                                                    
op     11   33   77   85   33   11   77   85                       -0.00321839146853375316                                                    
a_ia   25   35                                                     -0.00133120999124680586                                                    
a_ia   25   38                                                     -0.00234949031246640570                                                    
mvp2   23   27   69   82   27   23   69   82                       -0.00891951492184217716    0.08716152762067864990                          
a_ia   19   26                                                      0.00095910499990725759                                                    
mvp2   69   79   75   81   69   75   79   81                       -0.00891902610981064499    0.07976854484094000886                          
a_ia   69   81                                                      0.00251715334018516373                                                    
mvp2   23   27   60   81   27   23   60   81                        0.01035410123088272016   -0.13394312462132085262                          
mvp2    8   29   60   81   29    8   60   81                       -0.00799476887094139645   -0.80551268768144868027                          
op      8   32   60   84   32    8   60   84                       -0.00763244632749101280                                                    
a_ia    8   32                                                     -0.00216533454541347793                                                    
a_ia   60   84                                                     -0.01586195920594486372                                                    
op      8   30   60   82   30    8   60   82                       -0.00619225134154578055                                                    
a_ia   24   37                                                      0.00008803078091664097                                                    
op      8   37   60   89   37    8   60   89                       -0.00512169914692469502                                                    
a_ia   60   89                                                     -0.00510881874833154018                                                    
a_ia    8   37                                                      0.00349541936986581510                                                    
a_ia   79   89                                                      0.03352446144845904613                                                    
a_ia   69   89                                                      0.00366401543886566350                                                    
mvp2   69   79   77   89   69   77   79   89                        0.00918761323493764819   -0.11837665849180480093                          
a_ia   69   77                                                     -0.01185373214497780631                                                    
mvp2   69   79   77   84   69   77   79   84                       -0.01028953000946533809    0.13468053943186683585                          
a_ia   69   84                                                     -0.00446032700009266030                                                    
mvp2   60   79   77   89   60   77   79   89                        0.00782745042947689124   -0.08883619223313753144                          
mvp2    8   39   75   88   39    8   75   88                        0.00281412690225448219    0.15691700925833371172                          
a_ia    8   39                                                      0.00080660795297584026                                                    
mvp2    8   37   77   79   37    8   77   79                       -0.00947817447498508318   -0.12381154009660787219                          
a_ia   60   89                                                      0.00879866737544770031                                                    
a_ia   60   84                                                      0.01147864921564212097                                                    
mvp2   60   79   77   84   60   77   79   84                       -0.00704690454304148558    0.07799616198231094921                          
a_ia   77   79                                                      0.00670608773734769018                                                    
op      8   34   60   86   34    8   60   86                       -0.00558076510117163412                                                    
a_ia   77   84                                                     -0.00027723778706254594                                                    
a_ia   75   77                                                     -0.13787351761501256964                                                    
a_ia   60   86                                                     -0.00074633222706736702                                                    
a_ia    8   34                                                     -0.00054646657494927190                                                    
op      8   45   60   97   45    8   60   97                       -0.00167615185713316552                                                    
op      8   33   60   85   33    8   60   85                       -0.00318989753767459465                                                    
a_ia    8   33                                                     -0.00149620800474181193                                                    
a_ia   60   85                                                     -0.00135121283016894581                                                    
mvp2   69   79   75   86   69   75   79   86                        0.00806427643551912814   -0.08344913861662842103                          
a_ia   69   75                                                     -0.00718611332862480797                                                    
a_ia   69   86                                                     -0.00003095492263780290                                                    
op      8   46   60   98   46    8   60   98                       -0.00362423334270868362                                                    
op      8   38   60   90   38    8   60   90                       -0.00279215995367548386                                                    
op      8   43   60   95   43    8   60   95                       -0.00227556224046380475                                                    
a_ia   60   95                                                      0.00064271990611862104                                                    
a_ia    8   43                                                      0.00045281691893019565                                                    
op      8   42   60   94   42    8   60   94                       -0.00184778566018391080                                                    
a_ia    8   42                                                     -0.00048692526653626938                                                    
a_ia   79   93                                                     -0.09606945492555767074                                                    
op     14   45   66   97   45   14   66   97                       -0.00905363190128760827                                                    
op     14   32   66   84   32   14   66   84                       -0.01134632121236882167                                                    
om     14   28   66   97   28   14   66   97                        0.00213908681258952052                                                    
mvp2   23   40   66   97   40   23   66   97                        0.00152739932464628753   -0.11676977471885829907                          
op     14   29   66   81   29   14   66   81                       -0.00810254471468108486                                                    
a_ia   14   29                                                      0.00052675866711247290                                                    
op     14   45   66   80   45   14   66   80                       -0.00154925474414777955                                                    
a_ia   28   45                                                     -0.47202086179446156589                                                    
a_ia   14   45                                                     -0.00101404944983932090                                                    
mvp2   14   40   23   45   14   23   40   45                       -0.00365965446142420140    0.00275819108533361486                          
a_ia   14   28                                                     -0.00056088125174468559                                                    
a_ia   75   77                                                      0.11369894902402448433                                                    
a_ia   79   91                                                     -0.09572629942835017558                                                    
a_ia   79   90                                                      0.02070816191388167790                                                    
mvp2   14   28   23   40   14   23   40   28                       -0.00420413773860440695    0.10577190781540959930                          
mvp2   23   40   66   80   40   23   66   80                       -0.00417387433023217336   -0.05442164994461162753                          
op     14   45   66   97   45   14   66   97                        0.00629472978043006063                                                    
op     14   37   66   89   37   14   66   89                       -0.00810346893545689853                                                    
a_ia   66   82                                                     -0.00320725535862091335                                                    
op     14   30   66   82   30   14   66   82                       -0.00475239507452912113                                                    
a_ia   14   30                                                     -0.00823781180359873730                                                    
a_ia   80   97                                                     -0.58140209299319345337                                                    
a_ia   28   45                                                     -0.12556143429773133913                                                    
mvp2   14   39   75   88   39   14   75   88                        0.00453803871327487438    0.38714947438458091611                          
a_ia   14   39                                                      0.00365736098954701954                                                    
op     14   34   66   86   34   14   66   86                       -0.00580676758642658351                                                    
a_ia   74   93                                                      0.00090687006384473044                                                    
a_ia   66   86                                                     -0.00058738011313362755                                                    
om     14   38   66   90   38   14   66   90                       -0.00596922796998276481                                                    
a_ia   66   90                                                      0.00474552683382818610                                                    
a_ia   14   38                                                      0.00464075250204423317                                                    
mvp2   14   38   77   79   38   14   77   79                       -0.01287180238536473655   -0.14783214685496046115                          
mvp2   66   79   77   90   66   77   79   90                        0.01216466006010349585   -0.14820240746750881766                          
om     14   35   66   87   35   14   66   87                       -0.00518320929721483633                                                    
a_ia   74   87                                                      0.00117846140955659763                                                    
a_ia   14   35                                                      0.00205754744755433285                                                    
a_ia   66   87                                                      0.00197960910330879968                                                    
mvp2   14   41   77   79   41   14   77   79                       -0.00676490509648379479   -0.06832189090863752257                          
mvp2   66   79   77   91   66   77   79   91                        0.00694890655572577218   -0.09961512071423077319                          
a_ia   66   91                                                      0.00215232589545981227                                                    
a_ia   74   91                                                     -0.00098964545422618633                                                    
a_ia   77   87                                                     -0.00135415875958133517                                                    
a_ia   14   41                                                      0.00120999330947327982                                                    
mvp2   66   79   77   93   66   77   79   93                        0.00498152774000315372   -0.08021955428342734951                          
a_ia   66   93                                                      0.00150761651173471583                                                    
mvp2   25   41   77   79   41   25   77   79                        0.00778720865329596886    0.06400863851564586593                          
a_ia   88   89                                                      0.47021323510263740575                                                    
a_ia   75   89                                                      0.00296319102542138288                                                    
a_ia   77   79                                                      0.00770822831242804537                                                    
mvp2   23   37   75   88   37   23   75   88                        0.00049888945822394368   -0.08420379714155694362                          
a_ia   23   37                                                     -0.00202542053619488190                                                    
a_ia   22   40                                                      0.00050207861511731254                                                    
a_ia   60   94                                                     -0.00053447897555139153                                                    
mvp2   69   79   77   91   69   77   79   91                        0.00520295536018005201   -0.08056626105951328332                          
a_ia   25   41                                                      0.03380480190324880452                                                    
a_ia   69   90                                                     -0.00094296994783072947                                                    
a_ia   69   91                                                      0.00111686308806738439                                                    
a_ia   69   87                                                     -0.00092720255841139581                                                    
op      8   46   69   98   46    8   69   98                       -0.00287432165474208433                                                    
a_ia   69   85                                                      0.00088162359719791243                                                    
mvp2   66   79   77   82   66   77   79   82                       -0.00830858482836829837    0.13086493666370749289                          
a_ia   66   82                                                     -0.00149906109871090435                                                    
mvp2   66   79   77   92   66   77   79   92                        0.00449307646820176418   -0.07542923171659220161                          
a_ia   77   92                                                     -0.00337135214327474210                                                    
a_ia   66   92                                                      0.00080935029108495792                                                    
a_ia   79   92                                                      0.20001370848102373312                                                    
mvp2   14   30   77   79   30   14   77   79                        0.00832167542105531274    0.12975704657344608317                          
a_ia   14   30                                                      0.00452783618500853923                                                    
mvp2   14   45   75   88   45   14   75   88                       -0.00706565454912637565   -0.10966789755893273373                          
a_ia   37   45                                                      0.22972101195618629954                                                    
mvp2   14   34   75   79   34   14   75   79                       -0.00895222231802069758   -0.06602778734357897528                          
a_ia   14   34                                                     -0.00025051949895044795                                                    
mvp2   14   37   75   79   37   14   75   79                        0.00853713830523737324    0.08726475153079996105                          
a_ia   37   39                                                      0.29342638204303728156                                                    
a_ia   23   45                                                      0.00023479092207114217                                                    
mvp2   66   79   75   89   66   75   79   89                       -0.00795924985505223198    0.07225774228475345673                          
mvp2   66   79   75   86   66   75   79   86                        0.00684489415506455215   -0.08998356604321922081                          
om     14   39   66   91   39   14   66   91                       -0.00446623065153492742                                                    
mvp2   66   79   75   91   66   75   79   91                       -0.00521978250044337344    0.05974841511051955101                          
op     25   39   77   91   39   25   77   91                       -0.00541734380381648541                                                    
a_ia   25   39                                                     -0.00477873102626723799                                                    
op     25   38   77   90   38   25   77   90                       -0.00394046145675330545                                                    
mvp2   66   88   75   97   66   75   88   97                        0.00231919780122739026   -0.11294513409226357437                          
a_ia   32   45                                                      0.31045170519552384159                                                    
mvp2   14   45   66   84   45   14   66   84                        0.00713961503984725850   -0.16646122152318335030                          
mvp2   14   34   66   84   34   14   66   84                        0.00377629831753707517   -0.27634063043393303216                          
a_ia   36   37                                                      0.49888282725435395548                                                    
a_ia   25   36                                                      0.00172704228113412686                                                    
mvp2   14   28   75   88   28   14   75   88                        0.00963193454758440315   -0.22184499425487499980                          
a_ia   14   32                                                      0.00067241622728361500                                                    
a_ia   75   76                                                     -0.28841289329947167319                                                    
mvp2   14   45   66   89   45   14   66   89                        0.00318555644512439609   -0.10619127655376123243                          
a_ia   79   86                                                     -0.01034333693664519528                                                    
mvp2   14   45   75   92   45   14   75   92                        0.00509614285493618317   -0.02974083018575971252                          
mvp2   14   45   77   92   45   14   77   92                        0.00397283549092864070   -0.17034396583836261541                          
mvp2   14   28   75   92   28   14   75   92                       -0.00636267084289706374    0.12270208176127773980                          
om     14   28   66   84   28   14   66   84                       -0.00555982780321989754                                                    
mvp2   14   45   77   79   45   14   77   79                        0.00387879442415824333    0.08489978952073914953                          
mvp2   14   28   23   36   14   23   36   28                        0.00658607858579231178   -0.23754841050742162012                          
