op     25   26   77   78   26   25   77   78                       -0.15559323545114092657                                                    
op     25   27   77   79   27   25   77   79                        0.01392585714076353433                                                    
op     23   27   75   79   27   23   75   79                       -0.12946477674794978907                                                    
a_ia   23   27                                                     -0.00416003369838554345                                                    
op     23   26   75   78   26   23   75   78                       -0.07887718155013448418                                                    
a_ia   23   26                                                      0.00028070912742376335                                                    
op     25   28   77   80   28   25   77   80                       -0.02803702367533542766                                                    
a_ia   78   80                                                      0.09413283033337203898                                                    
op     25   28   77   78   28   25   77   78                        0.00540030922116620411                                                    
mvp2   23   26   77   79   26   23   77   79                       -0.05427889455083354658    0.81143942008977265612                          
a_ia   77   78                                                      0.02048921642972635279                                                    
a_ia   75   76                                                     -0.44869330074186086765                                                    
a_ia   24   27                                                     -0.00016720952249358993                                                    
a_ia   23   25                                                      0.57589806974368451531                                                    
op     22   26   74   78   26   22   74   78                        0.01264953442664541912                                                    
a_ia   22   26                                                      0.00827821802316354438                                                    
mvp2   22   26   77   80   26   22   77   80                        0.02793663077265959305    0.72675349607874062396                          
a_ia   79   80                                                      0.24850951876505153471                                                    
mvp2   25   28   74   78   28   25   74   78                        0.01958597645342453550   -0.34783485844965472689                          
mvp2   25   27   75   78   27   25   75   78                       -0.06076204762297173628   -0.66582750898708065179                          
a_ia   75   78                                                      0.01062752307296929363                                                    
mvp2   22   28   74   80   28   22   74   80                       -0.05015123466139367880   -0.13663625641507881614                          
mvp2   25   27   76   78   27   25   76   78                        0.02923488419504976718    0.30252029838400934514                          
a_ia   76   78                                                     -0.00227395158218939930                                                    
a_ia   75   77                                                      0.59951246160164584076                                                    
a_ia   22   25                                                     -0.46298654502950986611                                                    
a_ia   74   78                                                     -0.00402603714127954156                                                    
a_ia   27   28                                                      0.25553350920834622118                                                    
a_ia   74   77                                                     -0.36691620128698598791                                                    
a_ia   74   75                                                      0.21585608671314771012                                                    
a_ia   22   23                                                      0.08976594605199977872                                                    
a_ia   24   25                                                      0.05083788439252474173                                                    
a_ia   23   24                                                     -0.39580498217961984642                                                    
a_ia   22   24                                                     -0.36874864973750715036                                                    
mvp2   25   28   76   78   28   25   76   78                       -0.01337088243334259331    0.06904001947202691170                          
op     23   36   75   88   36   23   75   88                       -0.01283847793644294667                                                    
a_ia   75   88                                                      0.00359302340822713817                                                    
a_ia   23   36                                                      0.00754171033159500587                                                    
op     23   32   75   84   32   23   75   84                       -0.00644358130703418658                                                    
op     14   29   66   81   29   14   66   81                       -0.03371666338827599557                                                    
op     23   37   75   89   37   23   75   89                       -0.00780225893201944368                                                    
op     23   39   75   91   39   23   75   91                       -0.00576858190218508711                                                    
mvp2   22   26   74   80   26   22   74   80                       -0.01525970670886498542    0.13397385511860882001                          
a_ia   78   80                                                     -0.65117484457311169965                                                    
a_ia   26   28                                                     -0.54298973836656372338                                                    
op     14   29   60   81   29   14   60   81                        0.01552709681179168487                                                    
a_ia   25   26                                                      0.01666701025698611588                                                    
op      8   29   66   81   29    8   66   81                        0.01544420721131946860                                                    
op      8   29   60   81   29    8   60   81                       -0.00810472191967787602                                                    
mvp2   23   39   75   79   39   23   75   79                       -0.00615988664404204609    0.04999083671385831651                          
a_ia   79   88                                                     -0.10058139053012980779                                                    
a_ia   79   91                                                      0.17768815422447306607                                                    
a_ia   79   89                                                     -0.08114122774955145889                                                    
op     23   36   77   91   36   23   77   91                        0.00755214961922713070                                                    
a_ia   77   91                                                     -0.02217588370362515160                                                    
op     23   39   77   88   39   23   77   88                        0.00499576423372053314                                                    
a_ia   77   88                                                     -0.00176937905732095827                                                    
mvp2   23   36   77   79   36   23   77   79                        0.01106964628977683343    0.13742585955695688082                          
a_ia   75   79                                                     -0.00094114842320894277                                                    
op     14   29   61   81   29   14   61   81                       -0.01200124498352969464                                                    
op     14   29   65   81   29   14   65   81                       -0.00715304766315900432                                                    
a_ia   65   81                                                      0.00090192157428704053                                                    
op      8   29   61   81   29    8   61   81                        0.00606513039289989335                                                    
op      9   29   66   81   29    9   66   81                       -0.01160314857832562933                                                    
op     13   29   66   81   29   13   66   81                       -0.00761001447161638138                                                    
a_ia   13   29                                                      0.00077061182641126541                                                    
op      9   29   61   81   29    9   61   81                       -0.00442937248712509460                                                    
op     25   39   75   88   39   25   75   88                        0.00573780650145093354                                                    
a_ia   25   39                                                     -0.00497756215039199361                                                    
mvp2   25   36   75   79   36   25   75   79                        0.00750939956971609021    0.07777380627579731642                          
mvp2   23   36   75   79   36   23   75   79                        0.00332755864396807634    0.05284004557632315802                          
op     25   41   77   93   41   25   77   93                        0.16652662925337433086                                                    
a_ia   25   41                                                     -0.00717227282150140026                                                    
a_ia   77   89                                                      0.00162513407453251718                                                    
a_ia   77   93                                                     -0.03958573040156095069                                                    
a_ia   75   91                                                      0.00002259719796232735                                                    
om     25   36   75   91   36   25   75   91                        0.00608532067592779460                                                    
mvp2   25   39   77   91   39   25   77   91                       -0.00476504207904213713   -0.13497827757869959586                          
a_ia   77   91                                                      0.01403275134345485613                                                    
op     25   33   77   85   33   25   77   85                       -0.00633468934575098352                                                    
a_ia   25   33                                                     -0.00107418952024348276                                                    
a_ia   77   85                                                     -0.00121561270845662412                                                    
op      9   29   60   81   29    9   60   81                        0.00584751265171186418                                                    
a_ia   23   41                                                     -0.00145272518745864819                                                    
mvp2   25   28   77   93   28   25   77   93                        0.04729492607003371596   -0.01824758179613849424                          
a_ia   74   80                                                     -0.00068334177600984434                                                    
a_ia   26   27                                                     -0.12325157237151358747                                                    
a_ia   22   27                                                      0.00063155078448267265                                                    
mvp2   25   41   77   80   41   25   77   80                        0.03530151240837145488    0.10322503712100453144                          
a_ia   28   41                                                      0.28035943630659265757                                                    
a_ia   80   93                                                      0.22164908378981029724                                                    
a_ia   25   41                                                      0.01056048323040632841                                                    
op     25   41   77   93   41   25   77   93                       -0.18260259254611918567                                                    
a_ia   77   93                                                      0.04561436442455005930                                                    
a_ia   60   81                                                     -0.00093881853853699561                                                    
mvp2   20   26   74   78   26   20   74   78                       -0.00681997173286383058   -0.00174230581219588475                          
a_ia   20   22                                                     -0.26362580220897918748                                                    
a_ia   20   26                                                      0.00006418831737680874                                                    
mvp2   22   26   71   78   26   22   71   78                       -0.00542915133601158326    0.00031474642236157635                          
a_ia   71   78                                                     -0.00008225756713457142                                                    
a_ia   23   37                                                      0.00235284717702369554                                                    
a_ia   14   29                                                      0.00306139657416193423                                                    
a_ia   25   28                                                      0.00331813440109242743                                                    
a_ia   66   81                                                      0.00260317442193442987                                                    
a_ia    8   29                                                     -0.00080160032132515298                                                    
a_ia   19   22                                                     -0.28205015924128395977                                                    
a_ia   77   79                                                     -0.00756150126702140758                                                    
mvp2   22   26   70   78   26   22   70   78                        0.00135426078042859862   -0.01026466256924171358                          
a_ia   71   74                                                     -0.26088566821297332066                                                    
op     22   26   74   78   26   22   74   78                       -0.02092296013045577899                                                    
mvp2   18   26   74   78   26   18   74   78                        0.00291978965423357910    0.02159915139156873276                          
a_ia   18   22                                                      0.26180146573134255306                                                    
mvp2   22   26   72   78   26   22   72   78                        0.00051373841053162163   -0.01740649367555369142                          
op     12   26   64   78   26   12   64   78                       -0.02034919437550274796                                                    
a_ia   72   74                                                     -0.30468706580911220083                                                    
mvp2   25   27   75   88   27   25   75   88                        0.00733104996516240406   -0.13277382629801012803                          
a_ia   25   36                                                     -0.00118601842851948905                                                    
a_ia   27   39                                                      0.16763543153855994805                                                    
a_ia   27   36                                                     -0.07516069874356330616                                                    
a_ia   25   27                                                     -0.00843949679462149653                                                    
a_ia   26   29                                                      0.01156973250418047265                                                    
a_ia   70   74                                                      0.29289169631637335112                                                    
op      6   29   66   81   29    6   66   81                        0.00985234372431067172                                                    
op      6   29   60   81   29    6   60   81                       -0.00467324055490889786                                                    
om     14   29   59   81   29   14   59   81                       -0.00885539147167454729                                                    
op      7   29   66   81   29    7   66   81                       -0.00885207580229531617                                                    
om     14   29   58   81   29   14   58   81                        0.01025423371597051006                                                    
op      6   29   58   81   29    6   58   81                       -0.00527794652198794283                                                    
a_ia   27   39                                                     -0.01458227461895613038                                                    
op      8   32   60   84   32    8   60   84                       -0.00666214664514737463                                                    
a_ia    8   32                                                     -0.00212392081200148304                                                    
a_ia   60   84                                                     -0.00207833133390859792                                                    
op      8   30   60   82   30    8   60   82                       -0.00572488083104649888                                                    
op      8   31   60   83   31    8   60   83                       -0.00587880706523564653                                                    
a_ia   24   36                                                      0.01309571059151484404                                                    
a_ia   74   88                                                     -0.00199896298969185534                                                    
mvp2   24   36   75   88   36   24   75   88                        0.00516435041055289014    0.31244993487124256282                          
a_ia   24   39                                                      0.00135079447250304623                                                    
a_ia   74   91                                                     -0.00264355787389795264                                                    
a_ia   74   93                                                      0.00217361796066156210                                                    
a_ia   74   80                                                     -0.00113450438296007830                                                    
a_ia   79   80                                                      0.12858375967757246228                                                    
a_ia   77   80                                                      0.00418187634901439481                                                    
op     14   32   66   84   32   14   66   84                       -0.00879178410615079169                                                    
a_ia   14   32                                                      0.00120594097589719483                                                    
op     17   32   69   84   32   17   69   84                       -0.00348058850319697948                                                    
a_ia   24   36                                                     -0.01329236254834366068                                                    
op     14   30   66   82   30   14   66   82                       -0.00794264524208533086                                                    
op     17   32   68   84   32   17   68   84                        0.00428544550070870511                                                    
op     17   30   69   82   30   17   69   82                       -0.00509271689325109002                                                    
op     17   30   68   82   30   17   68   82                        0.00660283813309124439                                                    
a_ia   17   30                                                      0.00106651950350887515                                                    
a_ia   68   84                                                      0.00041603248030332775                                                    
a_ia   69   82                                                      0.00115506993380891658                                                    
op     14   31   66   83   31   14   66   83                       -0.00691699986377857217                                                    
a_ia   14   31                                                      0.00073966727968303612                                                    
a_ia   66   83                                                      0.00068068294466510444                                                    
om      6   30   58   82   30    6   58   82                       -0.00686305693520383644                                                    
a_ia    6   30                                                     -0.00121473724636442281                                                    
om      6   32   58   84   32    6   58   84                       -0.00656163467926172261                                                    
a_ia   68   82                                                     -0.00149764762804589693                                                    
op     15   32   67   84   32   15   67   84                       -0.00848758404471435489                                                    
a_ia    9   32                                                      0.00148566816562641980                                                    
op     15   30   67   82   30   15   67   82                       -0.00851641250471738692                                                    
a_ia   65   84                                                     -0.00063193298230519062                                                    
a_ia    7   32                                                      0.00029760278531900595                                                    
op     15   31   67   83   31   15   67   83                       -0.01248754747101117613                                                    
a_ia   67   83                                                     -0.00280071303694371483                                                    
a_ia   15   31                                                     -0.00284572289436761314                                                    
a_ia    9   30                                                      0.00076345752319126358                                                    
op      6   31   58   83   31    6   58   83                       -0.00626456131735612671                                                    
a_ia    6   31                                                     -0.00091506932010731177                                                    
op     14   45   66   97   45   14   66   97                       -0.00639819353829731811                                                    
op     14   34   66   86   34   14   66   86                       -0.00926879105158055251                                                    
op     14   37   66   89   37   14   66   89                       -0.00791547397488154975                                                    
a_ia   66   89                                                     -0.00024222165904588014                                                    
op     14   38   66   90   38   14   66   90                       -0.00538084344212782281                                                    
a_ia   66   90                                                      0.00198190441300301334                                                    
a_ia   14   38                                                     -0.00301145242719752298                                                    
op     14   40   66   92   40   14   66   92                       -0.00342677710013036948                                                    
op     14   43   66   95   43   14   66   95                       -0.00425802022956696044                                                    
a_ia   79   92                                                     -0.05829383851093217217                                                    
op     14   35   66   87   35   14   66   87                       -0.00285079795993455369                                                    
a_ia   14   35                                                      0.00190942963259906431                                                    
op     14   42   66   94   42   14   66   94                       -0.00307293993798129139                                                    
a_ia   14   42                                                      0.00000932329638008896                                                    
a_ia   66   87                                                      0.00182415595865887238                                                    
op     14   50   66  102   50   14   66  102                       -0.00464973741075712550                                                    
op     14   46   66   98   46   14   66   98                       -0.00293182912224606738                                                    
op     14   50   66   96   50   14   66   96                        0.00246300832673316660                                                    
op     14   50   66   95   50   14   66   95                        0.00257162018459236802                                                    
a_ia   66   95                                                      0.00022954370630794149                                                    
op     14   44   66  102   44   14   66  102                        0.00259706429916136241                                                    
op     14   44   66   96   44   14   66   96                       -0.00310617831234649136                                                    
op     14   50   66  100   50   14   66  100                       -0.00210843004674705729                                                    
op     14   51   66  102   51   14   66  102                       -0.00211935665800648543                                                    
op     14   51   66  103   51   14   66  103                       -0.00259590652848570164                                                    
op     14   50   66  103   50   14   66  103                       -0.00217885720530554576                                                    
op     14   47   66   99   47   14   66   99                       -0.00227025324801650823                                                    
op     13   30   65   82   30   13   65   82                       -0.00659763125494250858                                                    
a_ia   13   30                                                     -0.00170655228212445776                                                    
a_ia   65   82                                                     -0.00170792460073142379                                                    
a_ia   16   30                                                     -0.00162699991170630188                                                    
om      7   30   59   82   30    7   59   82                       -0.00414623124766664783                                                    
a_ia   59   84                                                      0.00026535178731882850                                                    
a_ia   80   92                                                     -0.11055551339218519513                                                    
a_ia   77   90                                                      0.00052496359217302853                                                    
om      7   32   59   84   32    7   59   84                       -0.00292519866942461031                                                    
op     14   50   66   98   50   14   66   98                       -0.00148310128439615172                                                    
op     16   30   68   82   30   16   68   82                       -0.00652685013314579631                                                    
om      7   30   68   82   30    7   68   82                       -0.00356714617539429608                                                    
a_ia   28   41                                                     -0.04786143417867974592                                                    
op     14   48   66  102   48   14   66  102                       -0.00211790249686526688                                                    
a_ia   14   48                                                      0.00089430348331380179                                                    
op     16   32   68   84   32   16   68   84                       -0.00449459643957091180                                                    
a_ia   77   92                                                      0.00126534653582770803                                                    
a_ia   77   80                                                      0.00064613165494967423                                                    
mvp2    6   30   64   78   30    6   64   78                        0.00855314132798352944    0.15577417869955423324                          
a_ia   12   30                                                     -0.00058048743592602745                                                    
om     15   31   58   83   31   15   58   83                       -0.00358263014752055768                                                    
op     14   45   66   96   45   14   66   96                        0.00519930591554468042                                                    
op     14   45   66  102   45   14   66  102                       -0.00439241038144862119                                                    
op     14   45   66   95   45   14   66   95                        0.00422816746463110411                                                    
op     14   46   66  102   46   14   66  102                       -0.00149085828542400958                                                    
mvp2   66   79   77   90   66   77   79   90                        0.00891264830961203611   -0.10795363955489982455                          
a_ia   79   90                                                     -0.01905749418254284663                                                    
mvp2   66   79   77   92   66   77   79   92                        0.00683041255667200635   -0.12232596098125521344                          
mvp2   14   38   77   79   38   14   77   79                       -0.00911872511387957704   -0.14177198887570519048                          
mvp2   14   40   77   79   40   14   77   79                       -0.00700407856503306239   -0.11587287405680196661                          
a_ia   14   38                                                      0.00044108223480641571                                                    
op     14   44   66   97   44   14   66   97                        0.00178720510843892216                                                    
om     14   43   66   97   43   14   66   97                        0.00210187708863427769                                                    
op     14   50   66   97   50   14   66   97                       -0.00223248497028048429                                                    
a_ia   80   89                                                      0.04225205978752481079                                                    
mvp2   58   78   64   82   58   64   78   82                       -0.00598769915738937755    0.28554538285875918913                          
a_ia   58   82                                                     -0.00138434812138029566                                                    
a_ia   78   82                                                     -0.01328212414109562929                                                    
op      2   32   54   84   32    2   54   84                       -0.00511236060120244529                                                    
op      2   32   55   84   32    2   55   84                       -0.00394223643383879475                                                    
a_ia   55   84                                                      0.00047181431647095180                                                    
op      3   32   55   84   32    3   55   84                       -0.00412177388801450960                                                    
op      3   32   54   84   32    3   54   84                       -0.00394048947505570412                                                    
om     25   41   74   93   41   25   74   93                       -0.00460686702064875588                                                    
mvp2   25   28   74   93   28   25   74   93                       -0.00548750316949702006    0.03992918613160245656                          
mvp2   25   41   74   80   41   25   74   80                       -0.00547111854074337073    0.03691142495017094710                          
a_ia   61   84                                                      0.00138440416121032037                                                    
mvp2   14   38   66   97   38   14   66   97                       -0.00273971954172712697    0.47896200255693249792                          
om     14   45   60   97   45   14   60   97                        0.00276764459923213493                                                    
a_ia   60   90                                                     -0.00104133665726620817                                                    
a_ia   60   89                                                      0.00086741593090053533                                                    
mvp2   14   45   77   79   45   14   77   79                       -0.00417930365608710878   -0.08684640355389255939                          
mvp2   60   80   77   89   60   77   80   89                        0.00738037051968320860   -0.16514417232820155501                          
op      8   45   66   97   45    8   66   97                        0.00290746157026052941                                                    
om      8   45   60   97   45    8   60   97                       -0.00173298846673379005                                                    
op      8   34   60   86   34    8   60   86                       -0.00416953445764139344                                                    
mvp2   66   80   77   89   66   77   80   89                       -0.00584905984968273149    0.11758563377510224124                          
mvp2    8   37   60   89   37    8   60   89                       -0.00446952581642061537   -0.81465578856032394572                          
mvp2   14   50   66   89   50   14   66   89                       -0.00295510309622771996    0.24567043182930922707                          
mvp2   14   45   66   89   45   14   66   89                       -0.00246101402557185028    0.32611608291682064875                          
om     14   29   66   97   29   14   66   97                       -0.00251553833629054391                                                    
mvp2    8   29   66   97   29    8   66   97                        0.00264731747751406881    0.19225898188556864166                          
a_ia   14   25                                                     -0.01456018629495703376                                                    
mvp2   14   29   60   97   29   14   60   97                        0.00176947095311853092    0.03874352811330114554                          
a_ia   60   85                                                      0.00092407939182706522                                                    
mvp2    8   29   60   97   29    8   60   97                       -0.00060795798880885165    0.06688794872123735025                          
op     14   45   66   81   45   14   66   81                       -0.01745366337014682412                                                    
mvp2   14   45   60   81   45   14   60   81                        0.00969109673087387678   -0.17083633305444034800                          
mvp2   14   45   75   88   45   14   75   88                        0.00484246191028986014   -0.14126751820668589921                          
om      8   45   66   81   45    8   66   81                        0.00828743227689808515                                                    
a_ia    8   33                                                      0.00099249198305149185                                                    
mvp2    8   45   60   81   45    8   60   81                       -0.00473256415709754491   -0.05018651382375177716                          
mvp2   14   45   75   91   45   14   75   91                        0.00344708220766619345   -0.04170054031600522321                          
a_ia   22   36                                                     -0.00180895317259676921                                                    
a_ia   22   39                                                     -0.00237007880128359228                                                    
a_ia   22   24                                                     -0.12131017780502895143                                                    
op     14   50   66   81   50   14   66   81                       -0.00639504211140573108                                                    
om     14   44   66   81   44   14   66   81                        0.00000368604518641230                                                    
a_ia   29   44                                                     -0.23957052664838282552                                                    
op     14   29   66   96   29   14   66   96                        0.00774969684374733018                                                    
om     14   37   66   86   37   14   66   86                        0.00424146203525067704                                                    
op     14   34   66   89   34   14   66   89                        0.00429651715030547696                                                    
mvp2   66   80   77   90   66   77   80   90                        0.00470482585363029074   -0.12156686087979109989                          
mvp2   14   38   77   80   38   14   77   80                       -0.00484102582989245911   -0.11355428278085080707                          
om     14   29   66  102   29   14   66  102                       -0.00609855371681203729                                                    
op     14   43   66  102   43   14   66  102                        0.00166984747984716690                                                    
mvp2   14   37   77   80   37   14   77   80                        0.00523787601430992806    0.10346726872292709432                          
mvp2   14   37   66  102   37   14   66  102                       -0.00293895127353797090   -0.32950934459699809942                          
a_ia   29   43                                                     -0.18198920982321104001                                                    
mvp2   14   29   66   95   29   14   66   95                        0.00597629318826148857   -0.08573436789814267711                          
a_ia   81   97                                                      0.39452320185406142272                                                    
a_ia   85   97                                                      0.19472815287407865825                                                    
mvp2    8   45   75   88   45    8   75   88                       -0.00331274609948874633   -0.03276336901928977169                          
a_ia   14   38                                                      0.00437175587090730781                                                    
om      2   30   54   82   30    2   54   82                       -0.00473472519665571901                                                    
op     11   32   63   84   32   11   63   84                       -0.00170972956484135956                                                    
op     11   30   63   82   30   11   63   82                       -0.00299001880488523495                                                    
op     12   27   64   78   27   12   64   78                       -0.01011196720890121872                                                    
a_ia   12   27                                                     -0.00122313839150392837                                                    
om     12   31   64   83   31   12   64   83                       -0.00331034275725688261                                                    
mvp2   25   28   64   80   28   25   64   80                        0.01505200080338603245   -0.06217701322595860225                          
