op     19   25   67   73   25   19   67   73                       -0.15498557786224098631                                                    
op     23   24   71   72   24   23   71   72                       -0.07659664393362343449                                                    
a_ia   23   24                                                     -0.00010836592363983895                                                    
op     17   25   67   73   25   17   67   73                        0.00058581748315146413                                                    
op     19   25   65   73   25   19   65   73                        0.00117000058255164606                                                    
a_ia   19   25                                                     -0.00822993623453671316                                                    
op     21   24   69   72   24   21   69   72                       -0.02316212830037374382                                                    
a_ia   71   72                                                     -0.01091195572717202321                                                    
op     23   26   71   74   26   23   71   74                       -0.00919239931691386535                                                    
op     21   26   69   74   26   21   69   74                       -0.02453625271848792685                                                    
op     23   27   71   75   27   23   71   75                       -0.00542800222897259817                                                    
mvp2   21   24   67   73   24   21   67   73                        0.01983261925301530240    0.11442128137488459527                          
a_ia   67   73                                                     -0.01493153303536351624                                                    
mvp2   21   26   67   73   26   21   67   73                       -0.07573573494702735831   -0.45173130963654722914                          
a_ia   21   26                                                     -0.00071024007823950971                                                    
mvp2   67   73   69   74   67   69   74   73                       -0.07836648164105626535    0.40014336479933160229                          
a_ia   67   69                                                      0.01215913020479956509                                                    
a_ia   21   22                                                      0.23430050647228894967                                                    
a_ia   69   74                                                     -0.00398988197098045731                                                    
mvp3   67   72   69   73   67   69   73   72   67   69   72   73   -0.01719150980691057026   -0.26860333251783868880   -0.12882897437686141595
op     23   28   71   76   28   23   71   76                       -0.01288066269402983292                                                    
a_ia   23   28                                                      0.00402936104795818557                                                    
mvp2   18   24   19   25   18   19   25   24                        0.01165993400827429124    0.07356340130394682653                          
a_ia   18   19                                                      0.08242732087234928839                                                    
a_ia   17   24                                                     -0.00051389305237295793                                                    
mvp2   18   26   67   73   26   18   67   73                       -0.04375455555140047442   -0.39919901258547674239                          
a_ia   17   21                                                      0.50322388787401239885                                                    
a_ia   24   25                                                      0.00139523527882122293                                                    
op     15   25   63   73   25   15   63   73                       -0.02987968700469168307                                                    
a_ia   70   71                                                     -0.03168451265491901286                                                    
a_ia   65   73                                                      0.00043162942732049913                                                    
a_ia   71   76                                                      0.00481051234327157119                                                    
mvp2   19   25   66   74   25   19   66   74                       -0.03353012304498338703    0.38095962931942928265                          
mvp2   19   25   66   72   25   19   66   72                        0.01149289263215129940   -0.09730062730453653552                          
a_ia   69   70                                                      0.12077880977307936528                                                    
a_ia   65   66                                                      0.73888831245457242680                                                    
op     14   24   62   72   24   14   62   72                       -0.00701329829093667607                                                    
a_ia   14   24                                                     -0.01988999846661946777                                                    
a_ia   62   72                                                     -0.00002474875253089669                                                    
mvp2   19   25   62   74   25   19   62   74                        0.04035142114345527387   -0.49806769609750028982                          
a_ia   65   74                                                     -0.00131441684815065182                                                    
mvp2   19   25   62   72   25   19   62   72                       -0.01117559841961581618    0.13495831983728945325                          
mvp2   14   24   19   25   14   19   25   24                       -0.01182969635743709273   -0.18546986835332485155                          
mvp2   21   27   67   73   27   21   67   73                       -0.00207676063809888274    0.00106919591074667686                          
a_ia   26   27                                                      0.71178595407306954890                                                    
mvp2   14   26   67   73   26   14   67   73                        0.02954713143213400298    0.24158575540354762512                          
a_ia   14   26                                                     -0.00305643055492947581                                                    
a_ia   65   67                                                      0.02321358642422188812                                                    
mvp2   14   27   67   73   27   14   67   73                        0.02371350768707361500    0.20766654880851700971                          
a_ia   14   27                                                     -0.00452080789687765629                                                    
a_ia   18   23                                                     -0.35713305559751623575                                                    
a_ia   66   67                                                      0.02884116129985416638                                                    
op     15   24   63   72   24   15   63   72                       -0.00223945483075757654                                                    
op     15   24   63   74   24   15   63   74                        0.00735715424027206990                                                    
op     15   26   63   74   26   15   63   74                       -0.01891495959961123074                                                    
op     15   26   63   72   26   15   63   72                        0.00450061794039765314                                                    
mvp2   67   73   69   75   67   69   75   73                       -0.00366445788886344236    0.04730506346394634798                          
a_ia   69   75                                                     -0.00027162270183084231                                                    
mvp3   66   73   67   75   66   67   75   73   66   67   73   75    0.00122574662419846006   -0.16600780473675436077   -0.01646213241594450538
a_ia   66   75                                                      0.00153117462196958060                                                    
mvp2   14   27   62   75   27   14   62   75                       -0.00417343358008997849    0.13738314918783689489                          
om     14   26   62   74   26   14   62   74                       -0.00636910948729271353                                                    
mvp2   67   73   71   74   67   71   74   73                        0.00513011076539875328   -0.06786891026040958730                          
a_ia   66   71                                                     -0.13262842508806471642                                                    
a_ia   74   75                                                      0.54717413327490627140                                                    
a_ia   66   69                                                     -0.23670888989505428635                                                    
a_ia   71   75                                                      0.00804290006881606609                                                    
mvp2   19   33   67   73   33   19   67   73                       -0.02046173931224368192   -0.13101460127665398581                          
a_ia   19   33                                                      0.00298384527024448407                                                    
mvp2   19   34   67   73   34   19   67   73                       -0.01939209394263090649   -0.14494663830264825632                          
a_ia   19   34                                                     -0.00541448628146064259                                                    
a_ia   19   21                                                      0.10907455882762176480                                                    
a_ia   71   74                                                      0.00959677919630718898                                                    
a_ia   24   25                                                      0.04134662796765638942                                                    
a_ia   17   19                                                      0.32992122916558197510                                                    
mvp2   19   34   67   82   34   19   67   82                       -0.00942264805984757876    0.37237257866657852423                          
a_ia   19   28                                                     -0.00344284943138487183                                                    
a_ia   19   29                                                     -0.00626510790757019587                                                    
a_ia   19   30                                                      0.00731931262680324962                                                    
mvp2   19   42   67   73   42   19   67   73                        0.03125232239301950488    0.16401679002931091045                          
a_ia   19   42                                                     -0.00399907584405559662                                                    
a_ia   73   77                                                      0.07393450397056357259                                                    
a_ia   67   77                                                     -0.00447601190086299554                                                    
a_ia   73   76                                                     -0.06291494546897018203                                                    
a_ia   73   82                                                      0.04608935444264240094                                                    
om     19   30   67   78   30   19   67   78                       -0.00841457248456389459                                                    
a_ia   67   78                                                      0.00631521703960898073                                                    
op     19   39   67   87   39   19   67   87                       -0.00756224080804671159                                                    
a_ia   19   39                                                     -0.01029416646078798805                                                    
a_ia   67   87                                                      0.04328326040537792269                                                    
a_ia   19   35                                                      0.00247672225877361690                                                    
a_ia   67   81                                                      0.00509915137972912196                                                    
a_ia   73   78                                                     -0.06187921304581854576                                                    
a_ia   73   79                                                     -0.08038166072373954807                                                    
a_ia   73   81                                                     -0.00595223264553405504                                                    
a_ia   73   87                                                      0.09166717821034640890                                                    
mvp2   19   39   67   73   39   19   67   73                        0.01885751427450571907    0.06600868065198238488                          
a_ia   73   90                                                     -0.11533360460278860304                                                    
a_ia   73   92                                                     -0.09364036990722961196                                                    
a_ia   67   83                                                      0.00274560767674184719                                                    
a_ia   67   87                                                     -0.05589756733315338205                                                    
a_ia   67   84                                                     -0.00231207982280187598                                                    
a_ia   67   90                                                     -0.00851843040740535469                                                    
a_ia   67   89                                                      0.00222893438919295099                                                    
op     15   27   63   75   27   15   63   75                       -0.01221086073618112347                                                    
mvp2   14   24   71   72   24   14   71   72                        0.04731117210429249681   -0.42284397720035288293                          
op     15   27   63   72   27   15   63   72                        0.00386835445957618490                                                    
a_ia   14   24                                                      0.02477914174126021052                                                    
op     15   27   63   74   27   15   63   74                       -0.01216361819393139629                                                    
a_ia   31   42                                                     -0.33517798297511752770                                                    
mvp2   19   44   67   73   44   19   67   73                        0.01238874409994616260    0.06543749662122888555                          
a_ia   19   41                                                      0.00246140230983223508                                                    
op     19   44   67   90   44   19   67   90                       -0.00293363346851104262                                                    
om     14   27   71   72   27   14   71   72                        0.00320797623284786943                                                    
a_ia   15   27                                                      0.00201772094636533438                                                    
a_ia   62   71                                                      0.47674461378336857598                                                    
op     15   36   63   84   36   15   63   84                       -0.01138455775131246885                                                    
op     15   35   63   83   35   15   63   83                       -0.00849099797563357579                                                    
a_ia   15   35                                                      0.01044257349490123124                                                    
mvp2   15   43   67   73   43   15   67   73                       -0.02537273420981923586   -0.21821466801978744998                          
a_ia   67   86                                                      0.00161032862914712357                                                    
mvp2   63   73   67   91   63   67   73   91                        0.02583125968984111009   -0.21000218152171767905                          
op     15   37   63   85   37   15   63   85                       -0.00581996199167148041                                                    
mvp2   15   43   63   91   43   15   63   91                       -0.00546640325058161698   -0.01896827755355856918                          
a_ia   63   91                                                     -0.00006664745321209641                                                    
a_ia   15   43                                                     -0.00005406841574601034                                                    
mvp2   15   45   63   91   45   15   63   91                        0.00729326702559907839    0.60069925530701251404                          
op     15   40   63   88   40   15   63   88                       -0.00412061708415210372                                                    
mvp2   15   43   63   93   43   15   63   93                        0.00762697279569489201   -0.51141161537184687269                          
mvp2   15   45   63   93   45   15   63   93                       -0.00562919075888873577    0.04530238779860082388                          
op     15   47   63   95   47   15   63   95                       -0.00630995989593468535                                                    
mvp2   15   47   63   91   47   15   63   91                        0.00534491490411488808    0.25498066220382220592                          
mvp2   15   43   63   95   43   15   63   95                        0.00521286312760481981   -0.24263070223613708576                          
a_ia   73   93                                                      0.00218362785340879550                                                    
a_ia   67   85                                                      0.00223269400120175475                                                    
mvp2   15   46   63   91   46   15   63   91                        0.00361031725306088869    0.43583045824049942985                          
a_ia   43   44                                                     -0.22334784088771639232                                                    
mvp2   15   41   63   91   41   15   63   91                       -0.00406150468375795527   -0.54977730124729173866                          
mvp2   15   43   63   94   43   15   63   94                        0.00408113479322840585   -0.39607562945686064504                          
a_ia   63   94                                                     -0.00052390105072080506                                                    
a_ia   24   26                                                      0.27977307276743090814                                                    
mvp2   15   35   67   73   35   15   67   73                        0.02001949615830637963    0.15763656180202614832                          
a_ia   15   35                                                     -0.01042841460374144442                                                    
mvp2   15   35   67   87   35   15   67   87                       -0.00352438219272207002   -0.01226672067217486443                          
a_ia   72   75                                                      0.37244861014488866990                                                    
a_ia   18   36                                                     -0.00283841258623417341                                                    
a_ia   72   74                                                      0.33133672523309309899                                                    
om     15   35   63   95   35   15   63   95                       -0.00534664884789468747                                                    
mvp2   15   35   63   91   35   15   63   91                        0.00529718583515721275   -0.12009418001106884899                          
mvp2   15   45   63   95   45   15   63   95                       -0.00325884165992736206   -0.03323520378411892739                          
mvp3   63   73   67   83   63   67   83   73   63   67   73   83   -0.01688563661065311042   -0.11660048202833026010    0.13859706740813099168
a_ia   63   85                                                      0.00233390466554321769                                                    
a_ia   73   83                                                      0.04191968396919643070                                                    
a_ia   63   83                                                      0.00152137922225249419                                                    
mvp3   63   73   67   85   63   67   85   73   63   67   73   85   -0.00430814524373662397    0.10941283920260434781    0.05576383304475583669
op     15   47   63   83   47   15   63   83                       -0.00547823951261201467                                                    
a_ia   63   95                                                     -0.00108697933055736974                                                    
mvp2   15   43   63   83   43   15   63   83                        0.00459431594149315239    0.13761348034640025206                          
mvp2   15   43   67   90   43   15   67   90                        0.00670156625213189951   -0.24803736824981639786                          
a_ia   15   43                                                      0.00163727508705953633                                                    
mvp2   15   35   67   90   35   15   67   90                       -0.00754466743827811575    0.23295232266313958824                          
mvp2   15   47   67   90   47   15   67   90                       -0.00412612781316187231    0.02408714822184734525                          
a_ia   73   87                                                     -0.20173324057457950320                                                    
om     15   47   63   93   47   15   63   93                       -0.00341495492540100365                                                    
a_ia   25   26                                                      0.06250728159008561713                                                    
mvp2   15   43   63   89   43   15   63   89                       -0.00443775795660398317    0.45216784144889876629                          
mvp2   15   45   67   90   45   15   67   90                       -0.00437782893040303180    0.03810202616602568343                          
mvp2   15   35   63   89   35   15   63   89                        0.00377596159897593351   -0.05891245506521045061                          
mvp2   15   47   67   87   47   15   67   87                       -0.00318275949318734585    0.02616340998901580187                          
a_ia   15   45                                                     -0.00227050081970047411                                                    
op     15   45   63   89   45   15   63   89                        0.00331584194074097203                                                    
a_ia   73   86                                                      0.00890919249640471575                                                    
mvp2   21   40   67   73   40   21   67   73                       -0.01674077349870537954   -0.18331714523266165462                          
a_ia   21   40                                                      0.00484846737757269400                                                    
a_ia   21   37                                                     -0.00399170785931880767                                                    
a_ia   21   38                                                     -0.00352481393173075148                                                    
a_ia   73   80                                                      0.06109245706069688087                                                    
a_ia   17   23                                                      0.20565474739351014000                                                    
a_ia   67   80                                                     -0.00139786189414594112                                                    
a_ia   15   47                                                     -0.00143391148073383897                                                    
a_ia   19   44                                                     -0.00143704377069570522                                                    
a_ia   73   81                                                      0.18108909769925521371                                                    
a_ia   65   75                                                      0.00163444073291420765                                                    
a_ia   67   73                                                      0.02100966610400879786                                                    
a_ia   63   89                                                     -0.00015890675375254784                                                    
mvp2   18   40   67   73   40   18   67   73                       -0.01057231177644750095   -0.12141727845682838416                          
a_ia   18   40                                                      0.00182594618123936374                                                    
a_ia   67   79                                                     -0.00169226606244026064                                                    
a_ia   18   31                                                      0.00090018350683327862                                                    
mvp2   67   73   69   88   67   69   88   73                       -0.01179396162400563053    0.18778602819899353760                          
a_ia   67   88                                                      0.00171531261037473045                                                    
a_ia   69   88                                                      0.01158031277457310763                                                    
a_ia   67   69                                                      0.05273616112551934854                                                    
a_ia   15   45                                                      0.00222278291443437758                                                    
a_ia   23   36                                                      0.00260866618638939127                                                    
a_ia   17   34                                                      0.00009110854327090219                                                    
a_ia   23   29                                                     -0.00287314173499860154                                                    
mvp2   66   73   67   88   66   67   73   88                        0.00848186359732064181   -0.14156101953610195077                          
a_ia   66   88                                                      0.00094859957494093368                                                    
a_ia   66   67                                                      0.10181090412034393689                                                    
a_ia   17   33                                                      0.00126007588855467584                                                    
mvp2   23   40   67   73   40   23   67   73                        0.00859793650693158225    0.10662795374367445289                          
a_ia   18   37                                                     -0.00278975631792602536                                                    
a_ia   18   38                                                     -0.00232774001192629027                                                    
a_ia   67   73                                                     -0.00155469675496077461                                                    
a_ia   63   90                                                      0.00039480668888431465                                                    
mvp2   17   40   67   73   40   17   67   73                        0.00702615082927024112    0.10230347208558530914                          
mvp2   17   42   67   73   42   17   67   73                       -0.00556958341042415768   -0.05351329283402193188                          
a_ia   66   78                                                     -0.00099896314180191034                                                    
a_ia   67   76                                                     -0.00333268905820497795                                                    
a_ia   17   29                                                      0.00236489792187671334                                                    
a_ia   17   36                                                      0.00228606970019242005                                                    
mvp2   14   40   67   73   40   14   67   73                        0.00879540218166721677    0.12820346370178228868                          
a_ia   14   28                                                     -0.00327115355135341405                                                    
a_ia   14   40                                                     -0.00664805295834496220                                                    
a_ia   14   29                                                      0.00282030522165115181                                                    
a_ia   14   36                                                      0.00226387726514025054                                                    
a_ia   24   27                                                      0.34065513995388235768                                                    
a_ia   30   42                                                     -0.22160386462848652434                                                    
a_ia   69   88                                                     -0.01035797857221260748                                                    
a_ia   17   42                                                      0.00059882683891343807                                                    
a_ia   17   30                                                     -0.00111029844453076356                                                    
a_ia   62   64                                                      0.25342696223832755775                                                    
op     15   47   63   89   47   15   63   89                        0.00278252468522024489                                                    
om     15   45   63   94   45   15   63   94                       -0.00283486215523883704                                                    
a_ia   73   77                                                     -0.18606522030219896369                                                    
a_ia   87   93                                                     -0.16143526974412547581                                                    
a_ia   69   86                                                     -0.00324054861449865660                                                    
a_ia   69   85                                                     -0.00378785434497451619                                                    
a_ia   69   83                                                      0.00265908180002994484                                                    
mvp2    9   33   62   72   33    9   62   72                        0.00947990320461699829    0.15129344005701736431                          
a_ia    9   33                                                      0.00420456431222746008                                                    
mvp2    9   33   71   72   33    9   71   72                       -0.01068225002595970217   -0.10502943858776796204                          
op      5   24   53   72   24    5   53   72                       -0.01268039828324395504                                                    
mvp2   62   73   67   88   62   67   73   88                       -0.00603584253575113576    0.12832165010145582529                          
a_ia   62   77                                                      0.00294063480578597453                                                    
a_ia   62   88                                                     -0.00165615308758969965                                                    
a_ia   62   67                                                     -0.01906643246421928575                                                    
mvp3   65   73   67   88   65   67   88   73   65   67   73   88   -0.00529119858682203324    0.01784388442029471653    0.10807161439954554583
a_ia   65   67                                                      0.27321909158455920386                                                    
a_ia   65   73                                                     -0.00079317345983081317                                                    
a_ia   65   84                                                      0.00184735902418091511                                                    
a_ia   73   84                                                     -0.03365536816975990553                                                    
a_ia   65   88                                                     -0.00099363371109344851                                                    
a_ia   73   82                                                      0.10384174932598642938                                                    
a_ia   70   75                                                      0.00886152234505530392                                                    
om     14   28   62   76   28   14   62   76                       -0.00821566481229512972                                                    
a_ia   65   77                                                      0.00089099658108359023                                                    
a_ia   62   76                                                     -0.00171808330939143264                                                    
om     17   30   65   78   30   17   65   78                       -0.00776913311648890544                                                    
a_ia   28   40                                                     -0.28220612198740352428                                                    
a_ia   14   28                                                      0.00129794621716472513                                                    
a_ia   14   40                                                      0.00309109365836725400                                                    
mvp2   14   40   62   76   40   14   62   76                       -0.00385502832899694333    0.12977843040950587383                          
mvp2   67   73   71   88   67   71   88   73                        0.00610868807797100913   -0.12765143933567404955                          
a_ia   70   71                                                      0.29484531407990566265                                                    
a_ia   27   33                                                     -0.04565449467764612357                                                    
a_ia   70   75                                                     -0.00862699048973904724                                                    
a_ia   71   84                                                      0.00284225260576581248                                                    
a_ia   71   77                                                     -0.00301747250236081245                                                    
om     23   38   71   86   38   23   71   86                       -0.00922076150177225141                                                    
a_ia   23   38                                                      0.00293390147102713921                                                    
a_ia   71   86                                                      0.00321381312543349762                                                    
a_ia   66   86                                                     -0.00228479753982623740                                                    
a_ia   67   82                                                     -0.00245750325190452305                                                    
op     23   38   62   86   38   23   62   86                        0.00695718234428568862                                                    
op     14   38   62   86   38   14   62   86                       -0.00709496218816745711                                                    
a_ia   14   38                                                      0.00140676851869721482                                                    
op     14   38   71   86   38   14   71   86                        0.00700707868654053094                                                    
a_ia   17   38                                                      0.00133771518557669698                                                    
a_ia   18   21                                                     -0.06540346866920511426                                                    
a_ia   66   79                                                      0.00098727078812801809                                                    
a_ia   65   86                                                      0.00178900968737310683                                                    
a_ia   20   25                                                      0.00146143506853150694                                                    
a_ia    9   25                                                     -0.00151672580983114509                                                    
a_ia   20   26                                                     -0.00107497142714891311                                                    
a_ia   25   27                                                      0.07582698307085718181                                                    
a_ia   67   82                                                     -0.00061175465867570572                                                    
a_ia   73   88                                                      0.01078747879248507895                                                    
a_ia   69   89                                                     -0.00147113449824643459                                                    
a_ia   63   69                                                     -0.05834392690970897216                                                    
mvp2   11   25   67   73   25   11   67   73                        0.01288557692377744965    0.12821777683533075454                          
a_ia   11   33                                                     -0.00097914263246096978                                                    
a_ia   11   25                                                      0.00117321409081359049                                                    
a_ia   67   74                                                      0.00217632864571512107                                                    
mvp2    1   27   67   73   27    1   67   73                        0.01095471103905992956    0.10016558820941130759                          
a_ia   67   68                                                     -0.08993744950519466652                                                    
a_ia    1   27                                                      0.00129674187534615788                                                    
mvp2    1   26   67   73   26    1   67   73                       -0.00728159497253117773   -0.07531552594843690662                          
a_ia   16   26                                                      0.00092004342165632037                                                    
a_ia    1   26                                                     -0.00063041678588921597                                                    
a_ia   61   67                                                      0.05294577589921557748                                                    
a_ia   13   27                                                      0.00073160617028303408                                                    
a_ia   60   67                                                     -0.08532789564896420265                                                    
a_ia   75   88                                                      0.06224952228568545604                                                    
a_ia   59   67                                                      0.13723728190516479297                                                    
op      5   27   53   72   27    5   53   72                       -0.00305210136875463294                                                    
a_ia    5   27                                                      0.00146006773467448835                                                    
a_ia   25   29                                                     -0.11631030878044242016                                                    
a_ia   25   28                                                     -0.08709052119780254231                                                    
