op     18   25   66   73   25   18   66   73                       -0.14280031405960832980                                                    
op     23   24   71   72   24   23   71   72                       -0.03457833970651365274                                                    
mvp2   18   25   67   72   25   18   67   72                        0.07414863072955348022   -0.38849205029809869005                          
op     23   26   71   74   26   23   71   74                       -0.03836438262524526771                                                    
op     23   27   71   75   27   23   71   75                       -0.03437981052696376799                                                    
op     23   27   71   74   27   23   71   74                       -0.02905016244283921065                                                    
mvp2   19   24   66   73   24   19   66   73                        0.06873086197729966207    0.57065147611334887667                          
op     23   26   71   75   26   23   71   75                       -0.02072721781453609052                                                    
a_ia   71   75                                                      0.00356258116991353809                                                    
mvp2   18   25   68   73   25   18   68   73                        0.03142793109168054433   -0.21818233736057843219                          
a_ia   19   24                                                     -0.04543778744973134276                                                    
mvp2   18   25   64   72   25   18   64   72                        0.02132255615166814278   -0.17152684556496367030                          
mvp2   19   25   66   73   25   19   66   73                       -0.00271103973099706902    0.04975634910961967972                          
a_ia   67   72                                                      0.02205185871999616395                                                    
mvp2   18   25   67   73   25   18   67   73                        0.01532688516839785485   -0.08215930063271312256                          
mvp2   16   24   66   73   24   16   66   73                        0.00971763322035372468    0.08638700090192566461                          
a_ia   70   72                                                      0.01139979300868755423                                                    
om     19   24   67   72   24   19   67   72                       -0.05246773627626585834                                                    
mvp2   20   25   66   73   25   20   66   73                        0.03382290625250061050    0.32196919427823306181                          
a_ia   16   20                                                      0.53790982095523331985                                                    
mvp2   23   27   67   72   27   23   67   72                       -0.00880900603142113076   -0.13138561459770298212                          
a_ia   24   26                                                     -0.29359782829640163060                                                    
a_ia   72   75                                                     -0.37929887384434468611                                                    
a_ia   71   72                                                     -0.00283049755562384377                                                    
a_ia   72   74                                                      0.36447195765836870596                                                    
a_ia   72   76                                                      0.18107480248337060047                                                    
a_ia   71   74                                                      0.00095402840606339471                                                    
a_ia   24   27                                                     -0.31019158787714534720                                                    
a_ia   67   70                                                     -0.27125593353724003487                                                    
a_ia   18   19                                                      0.06430746273013497605                                                    
op     15   25   63   73   25   15   63   73                       -0.01964978499617523605                                                    
a_ia   64   66                                                     -0.19710922138177819352                                                    
op     15   28   63   76   28   15   63   76                       -0.01960185975502403907                                                    
op     15   26   63   76   26   15   63   76                       -0.00386393019132072945                                                    
a_ia   26   28                                                     -0.35524416575778233751                                                    
mvp2   18   25   63   76   25   18   63   76                       -0.02628497371191173410    0.11495425337554163181                          
mvp3   15   25   18   28   15   18   28   25   15   18   25   28    0.01801684019728163472    0.36342142083828687937   -0.15343041688901232211
a_ia   19   23                                                     -0.05650272316134707928                                                    
mvp2   19   24   71   72   24   19   71   72                        0.02201349581722940665   -0.32821141698189937319                          
a_ia   19   24                                                     -0.03510135020290642421                                                    
a_ia   72   74                                                     -0.69349906015577511553                                                    
mvp2   19   24   71   75   24   19   71   75                       -0.01294145048084596565    0.21052333073402970665                          
mvp2   19   27   71   75   27   19   71   75                        0.00765881045706996548    0.03116347852334467455                          
a_ia   15   18                                                      0.04171555686738932095                                                    
a_ia   63   66                                                      0.01552957155728214127                                                    
a_ia   15   26                                                     -0.00229657387204659563                                                    
a_ia   16   22                                                     -0.58193935315555134213                                                    
mvp3   19   24   23   26   19   23   26   24   19   23   24   26   -0.02240009125679633464    0.09033433217079570032    0.28332692900626288424
op     23   31   71   79   31   23   71   79                       -0.01322472236459278951                                                    
op     23   38   71   86   38   23   71   86                       -0.01653223994864865334                                                    
a_ia   23   38                                                     -0.00125164187404915158                                                    
a_ia   72   79                                                     -0.12431413806942318012                                                    
mvp2   18   25   66   88   25   18   66   88                       -0.02412379525568031369    0.16079702049875557734                          
a_ia   66   88                                                     -0.00459098748245210467                                                    
a_ia   25   27                                                      0.04047065184639843383                                                    
a_ia   24   25                                                     -0.05697123822503145918                                                    
mvp2   18   25   66   81   25   18   66   81                        0.01870987786628791963   -0.09954635298245148589                          
a_ia   72   81                                                     -0.08785483336360182249                                                    
a_ia   25   31                                                     -0.02312072046632259251                                                    
a_ia   25   29                                                     -0.06511368368934936091                                                    
a_ia   18   29                                                     -0.00386786904532971905                                                    
a_ia   66   72                                                     -0.00512486692136884456                                                    
op     18   37   66   85   37   18   66   85                       -0.01074336444822561465                                                    
a_ia   66   85                                                     -0.01117095439403286566                                                    
a_ia   18   37                                                     -0.01360522085323108248                                                    
a_ia   18   32                                                     -0.00727720258009287215                                                    
a_ia   66   80                                                     -0.00626916207911168855                                                    
mvp2   18   25   66   85   25   18   66   85                       -0.02188341983465347945    0.15434892153941562332                          
a_ia   25   33                                                     -0.15761796473657813111                                                    
a_ia   25   37                                                      0.21259629932138560116                                                    
a_ia   18   30                                                      0.00315906580470508378                                                    
a_ia   15   28                                                     -0.00143150993556214389                                                    
om     18   32   66   85   32   18   66   85                       -0.00599259400528896237                                                    
a_ia   66   78                                                      0.00265463088826230339                                                    
a_ia   25   40                                                      0.00172047587027177734                                                    
a_ia   25   41                                                      0.08590469817129851859                                                    
a_ia   25   42                                                     -0.06060950431079693834                                                    
a_ia   25   43                                                     -0.04369391724865164667                                                    
a_ia   75   88                                                     -0.05060392063767474996                                                    
a_ia   24   31                                                     -0.12743242210391975133                                                    
om     18   32   66   80   32   18   66   80                       -0.00673390205367890501                                                    
om     18   37   66   80   37   18   66   80                       -0.00634612876292650271                                                    
a_ia   66   86                                                      0.00049100975307772999                                                    
a_ia   18   38                                                     -0.00394588947311477756                                                    
a_ia   18   23                                                     -0.00523035951624461169                                                    
op     18   34   66   82   34   18   66   82                       -0.00436293850865625103                                                    
a_ia   18   34                                                      0.00250122249957020334                                                    
a_ia   18   36                                                      0.00412799176788346007                                                    
a_ia   18   40                                                     -0.00702921937355139009                                                    
a_ia   18   41                                                     -0.00285396324916817930                                                    
a_ia   18   42                                                      0.00010053077791777974                                                    
a_ia   66   82                                                     -0.10981775397171268660                                                    
a_ia   66   84                                                      0.00361487096087270525                                                    
a_ia   66   83                                                     -0.00216290490368976646                                                    
a_ia   66   89                                                     -0.00261434655041984775                                                    
a_ia   66   90                                                      0.00217306965469223025                                                    
mvp2   18   25   66   90   25   18   66   90                        0.01022958225246406970   -0.06434633199902727030                          
mvp2   18   25   66   89   25   18   66   89                       -0.00995536342523328094    0.06293990616265957017                          
a_ia   67   76                                                     -0.00451416567291594833                                                    
a_ia   70   76                                                     -0.00114803842155470183                                                    
om     16   26   64   74   26   16   64   74                       -0.00578406511116675692                                                    
a_ia   64   74                                                      0.00362482604003460567                                                    
a_ia   16   26                                                      0.00142142550584845604                                                    
a_ia   19   27                                                     -0.00972738934762040590                                                    
a_ia   18   25                                                     -0.00892030012902399541                                                    
a_ia   68   73                                                     -0.00391111758215621601                                                    
a_ia   74   76                                                     -0.29627795339107720896                                                    
a_ia   67   74                                                      0.01503383702820551039                                                    
a_ia   64   76                                                      0.00130798720890990352                                                    
a_ia   15   16                                                      0.01814953352542971604                                                    
om     16   27   64   75   27   16   64   75                       -0.00487771320101027320                                                    
a_ia   16   27                                                     -0.00072346452828565171                                                    
a_ia   16   24                                                     -0.00465672084830178086                                                    
mvp2   16   24   64   72   24   16   64   72                       -0.01085164061329841299   -0.09276732741259519077                          
a_ia   64   72                                                     -0.03791526622156447812                                                    
a_ia   19   28                                                      0.00694068038688823614                                                    
mvp2   16   24   67   74   24   16   67   74                        0.00651082434923825649   -0.06836425823765834853                          
a_ia   19   24                                                      0.05400956923743976262                                                    
a_ia   64   88                                                      0.00043607556568056008                                                    
mvp2   18   25   66   91   25   18   66   91                        0.00516419069782430261   -0.03869604018744293716                          
op     16   31   64   79   31   16   64   79                       -0.00212485662327012263                                                    
a_ia   72   88                                                      0.03286687422115923407                                                    
a_ia   24   28                                                      0.15667974346855814693                                                    
op     23   38   64   86   38   23   64   86                       -0.00407172087317727617                                                    
a_ia   71   86                                                     -0.00261889634621456863                                                    
a_ia   64   80                                                     -0.00153366848257625301                                                    
a_ia   19   31                                                     -0.00705864325249801108                                                    
a_ia   16   19                                                     -0.57684467677089334980                                                    
a_ia   19   29                                                      0.00170476262936393062                                                    
a_ia   33   38                                                     -0.28508761016379086106                                                    
om     16   24   67   75   24   16   67   75                        0.00308776328744239182                                                    
a_ia   16   28                                                      0.00147529858883012083                                                    
mvp2   18   25   66   82   25   18   66   82                       -0.01165304175862441442    0.06967956672965203158                          
a_ia   66   82                                                      0.11228456220977464652                                                    
a_ia   66   87                                                     -0.00133740874607217865                                                    
mvp2   18   25   66   87   25   18   66   87                       -0.00476571587495885299    0.03386364745150555189                          
a_ia   65   73                                                     -0.00305631408837382526                                                    
a_ia   65   68                                                      0.59359488927623027532                                                    
a_ia   68   73                                                      0.00248221649987789752                                                    
om     15   24   63   72   24   15   63   72                       -0.01161106685197117565                                                    
a_ia   15   24                                                     -0.00486977033343713450                                                    
a_ia   15   27                                                      0.00176171156015648609                                                    
a_ia   63   76                                                     -0.00092284649189559105                                                    
mvp2   15   25   18   45   15   18   25   45                       -0.01601543197444518785    0.14629994304346763401                          
a_ia   15   36                                                     -0.00106113684138732208                                                    
mvp3   15   25   18   36   15   18   36   25   15   18   25   36   -0.00722041180788140623    0.15112021566095618086    0.07716977633345036003
mvp3   15   25   18   42   15   18   42   25   15   18   25   42   -0.00681261325640541721    0.02321022519070275666    0.07644064306791878427
a_ia   65   73                                                      0.00270432811970539857                                                    
mvp2   15   25   18   41   15   18   25   41                       -0.00749714589066230452    0.07706201735414371090                          
a_ia   18   35                                                     -0.00156270763007543539                                                    
mvp3   15   25   18   34   15   18   34   25   15   18   25   34    0.00921957684032858465   -0.11750499972617918509   -0.09105219977180835367
a_ia   15   34                                                      0.00060233962121850906                                                    
a_ia   25   34                                                      0.07927154552840508239                                                    
a_ia   71   83                                                      0.00043879259043944828                                                    
mvp2   15   45   63   93   45   15   63   93                       -0.00909379792726084865    0.72111067012930407660                          
a_ia   15   45                                                      0.00050275282724553377                                                    
a_ia   63   71                                                      0.08929917553500700544                                                    
mvp2   15   36   63   84   36   15   63   84                       -0.00794314455024958468    0.82949729042346898034                          
a_ia   25   35                                                      0.01741903159689567326                                                    
a_ia   63   93                                                      0.00040092484673696503                                                    
mvp2   18   25   63   89   25   18   63   89                        0.00774376007430101383   -0.08449407807650152757                          
mvp2   18   25   63   82   25   18   63   82                       -0.00761118103488687275    0.09650770341617455339                          
a_ia   63   82                                                      0.00052462564627409893                                                    
mvp2   18   25   63   90   25   18   63   90                        0.00753734045774055120   -0.08304553046994374299                          
mvp2   18   40   63   93   40   18   63   93                        0.00402635172996989362   -0.00690357446186638194                          
mvp2   18   25   63   93   25   18   63   93                        0.00331231639543819352   -0.02787199294843188679                          
mvp2   15   37   18   45   15   18   37   45                       -0.00755187389541904508    0.18604406941874987447                          
mvp2   18   37   63   93   37   18   63   93                        0.00818989121570203038   -0.18947879843627515872                          
a_ia   25   40                                                      0.20896777815036932102                                                    
mvp2   18   25   63   94   25   18   63   94                        0.00586286354776663354   -0.06986211847682363696                          
a_ia   18   25                                                      0.00856406235177864517                                                    
a_ia   22   24                                                      0.00545304865328650416                                                    
op     18   47   66   95   47   18   66   95                       -0.00272564134710156581                                                    
a_ia   18   39                                                     -0.00157468352330436935                                                    
op     15   47   63   95   47   15   63   95                       -0.00427419933848945371                                                    
a_ia   15   47                                                     -0.00000016094236662639                                                    
mvp2   15   47   63   93   47   15   63   93                       -0.00444222226226321376   -0.27602259170570886404                          
mvp2   15   45   63   95   45   15   63   95                       -0.00437108914337426373    0.26104280055356476886                          
mvp2   15   45   63   89   45   15   63   89                       -0.00321845773464755035    0.01373437087814975352                          
mvp2   15   42   63   93   42   15   63   93                       -0.00406347820307515883   -0.07646763060502306808                          
mvp2   15   41   63   93   41   15   63   93                       -0.00422603937233551573   -0.05525358996159268621                          
mvp2   15   25   18   46   15   18   25   46                       -0.00490666785800008502    0.07574624790330378166                          
a_ia   15   25                                                     -0.00018378394352967133                                                    
mvp3   15   25   18   39   15   18   39   25   15   18   25   39    0.00473406957010971425   -0.08809294659505713387   -0.05237828806735848886
a_ia   25   39                                                      0.04105004053569355493                                                    
a_ia   63   95                                                      0.00043129485268773865                                                    
a_ia   67   88                                                      0.00014111154121604531                                                    
op     23   38   71   83   38   23   71   83                       -0.00599009105599676572                                                    
mvp2   23   38   64   83   38   23   64   83                       -0.00145268476961488775    0.05421708319905879647                          
op      7   28   55   76   28    7   55   76                       -0.01108939247364096672                                                    
a_ia   55   76                                                      0.00269248004496882567                                                    
a_ia    7   28                                                      0.00261672330498189830                                                    
a_ia   17   28                                                      0.00116295042295513538                                                    
om      7   28   55   74   28    7   55   74                       -0.00773038801309713832                                                    
a_ia   62   76                                                      0.00086372082567988027                                                    
om      7   26   55   74   26    7   55   74                       -0.00719054403379942083                                                    
a_ia   55   74                                                      0.00098790962161549359                                                    
op      7   26   55   76   26    7   55   76                       -0.00766593583624403368                                                    
a_ia   65   74                                                     -0.00002356650584397352                                                    
a_ia   73   74                                                      0.04376926416507948697                                                    
a_ia   70   73                                                     -0.00064714102174819998                                                    
a_ia   18   25                                                     -0.02536275622777123956                                                    
a_ia    7   26                                                      0.00088651941324372331                                                    
a_ia   21   26                                                      0.00023387676168931207                                                    
op     22   24   70   72   24   22   70   72                       -0.00791505353326641715                                                    
mvp2   18   42   63   93   42   18   63   93                       -0.00260391521428755433   -0.17148543617392197902                          
a_ia   18   42                                                      0.00190421713413267560                                                    
om     18   40   63   95   40   18   63   95                        0.00228055820727454282                                                    
mvp2   15   40   18   45   15   18   40   45                       -0.00295101793351495219   -0.03126131661924513860                          
om     15   42   63   90   42   15   63   90                       -0.00256624814988076159                                                    
mvp2   15   47   63   90   47   15   63   90                       -0.00214236387134451173    0.08575792949402694099                          
om     15   45   63   90   45   15   63   90                       -0.00332950313783010382                                                    
op     16   38   71   86   38   16   71   86                       -0.00255173641854117761                                                    
a_ia   16   38                                                      0.00159054809405406706                                                    
a_ia   16   32                                                     -0.00180941403739378953                                                    
a_ia   85   86                                                      0.28410634804728901459                                                    
op     16   38   64   86   38   16   64   86                       -0.00136716192553283373                                                    
a_ia   64   86                                                      0.00269794643930019659                                                    
a_ia   64   71                                                     -0.32627326329386135972                                                    
op     23   38   71   75   38   23   71   75                       -0.01111276430161062083                                                    
a_ia   16   23                                                     -0.35805516701875306218                                                    
mvp2   23   38   64   75   38   23   64   75                       -0.00594922042054233258   -0.05835921126254937225                          
a_ia   71   78                                                      0.00155274506344445229                                                    
a_ia   64   75                                                      0.00927530860555435092                                                    
mvp2   22   24   67   72   24   22   67   72                        0.01202543399591533488    0.13848722176697772501                          
a_ia   67   72                                                     -0.04875159879838936866                                                    
a_ia   15   42                                                      0.00045684213337193557                                                    
om     20   29   68   77   29   20   68   77                       -0.00827398457606776799                                                    
a_ia   20   29                                                      0.00773141044573495521                                                    
a_ia   67   77                                                      0.00323944616722307913                                                    
a_ia   19   38                                                      0.00200783480536401767                                                    
mvp2   20   29   68   81   29   20   68   81                       -0.00529509460419526259    1.05099489649607580333                          
a_ia   68   81                                                     -0.00694037238459116294                                                    
a_ia   71   88                                                     -0.00184908244083755347                                                    
mvp2   23   27   71   86   27   23   71   86                       -0.01059658921457975675    0.04506987179357416218                          
a_ia   23   27                                                     -0.00907998309787367251                                                    
op     23   27   64   86   27   23   64   86                       -0.00587265136191446237                                                    
a_ia   21   24                                                     -0.00003463057314521339                                                    
a_ia   21   22                                                      0.52200074689539122108                                                    
a_ia   22   24                                                      0.00510888776113668178                                                    
a_ia   20   29                                                     -0.00270867510965383919                                                    
a_ia   15   46                                                      0.00151515090354363774                                                    
a_ia   65   70                                                     -0.78143737410647262642                                                    
a_ia   65   73                                                     -0.00097064218528072801                                                    
a_ia   69   74                                                      0.00095215594187885604                                                    
op     15   44   63   92   44   15   63   92                       -0.00278608921385673468                                                    
a_ia   15   44                                                     -0.00008667731843755623                                                    
mvp2   15   39   63   87   39   15   63   87                       -0.00309052952841002695    0.78824439738373008879                          
a_ia   21   24                                                     -0.00424208568938947740                                                    
op     13   28   61   76   28   13   61   76                       -0.00285866154771212237                                                    
a_ia   61   76                                                      0.00083086414892744737                                                    
a_ia   13   28                                                      0.00070252130468514474                                                    
op     10   28   58   76   28   10   58   76                       -0.00466443171123494867                                                    
a_ia   58   76                                                     -0.00190827661065315693                                                    
a_ia   10   28                                                     -0.00187769899185086654                                                    
op     12   28   60   76   28   12   60   76                       -0.00280314673865298064                                                    
op     10   28   55   76   28   10   55   76                        0.00506860634490201474                                                    
a_ia   62   74                                                      0.00236633901591204628                                                    
om      7   28   58   76   28    7   58   76                        0.00507277894574726176                                                    
a_ia   14   28                                                      0.00079951142880817553                                                    
a_ia   17   26                                                     -0.00109442611498824583                                                    
a_ia   67   86                                                      0.00485769838302017951                                                    
a_ia   64   67                                                     -0.40778441538971488267                                                    
mvp2   23   27   71   77   27   23   71   77                        0.00795007974273602945   -0.13713848120796046093                          
a_ia   71   77                                                     -0.00101101787061179740                                                    
a_ia   72   78                                                     -0.08066041905907626874                                                    
op     19   36   67   84   36   19   67   84                       -0.00594708099667399723                                                    
a_ia   19   36                                                     -0.03078343013380832605                                                    
a_ia   67   84                                                      0.00339834253499680288                                                    
a_ia   19   32                                                     -0.00072234261818374178                                                    
a_ia   67   85                                                      0.00116867790675449106                                                    
a_ia   75   84                                                      0.44690332123124432151                                                    
mvp2   16   36   67   84   36   16   67   84                       -0.00363401643978816065   -0.40907471013792556791                          
mvp2   19   36   67   75   36   19   67   75                       -0.00607304255879606830   -0.50784666240786568991                          
a_ia   63   87                                                     -0.00023425022211659798                                                    
mvp2   23   27   71   84   27   23   71   84                        0.01146244704865997943   -0.02368497930527915102                          
a_ia   71   84                                                      0.00432911487800207839                                                    
a_ia   72   86                                                      0.06109560583756218355                                                    
op     16   27   71   86   27   16   71   86                       -0.00569735362860270857                                                    
a_ia   64   72                                                      0.03397880295621138330                                                    
a_ia   67   83                                                     -0.00567166693129528623                                                    
a_ia   67   82                                                     -0.00283383382189649445                                                    
a_ia   67   89                                                      0.01718150610266083733                                                    
a_ia   67   93                                                     -0.00165247648842298993                                                    
mvp2   18   25   67   89   25   18   67   89                        0.00608665810047940344   -0.06939779284965952311                          
mvp2   18   25   67   92   25   18   67   92                       -0.00541129571128961141    0.06794054906736668453                          
a_ia   67   92                                                     -0.00159488544553875442                                                    
mvp2   18   25   67   83   25   18   67   83                        0.00726362013330092253   -0.07007650707923442079                          
mvp2   18   40   67   92   40   18   67   92                       -0.00340935670398239115    0.03185112438206865598                          
mvp2   18   25   67   93   25   18   67   93                       -0.00348522307350990603    0.05260585856837529661                          
mvp2   18   40   67   89   40   18   67   89                        0.00291199620029817348   -0.01920545926840021983                          
a_ia   67   83                                                      0.00315694228196751079                                                    
a_ia   19   36                                                      0.03140163565910321364                                                    
a_ia   67   89                                                     -0.01628208957585601524                                                    
a_ia   63   94                                                      0.00099027041677574490                                                    
a_ia   19   34                                                     -0.00160832700583453956                                                    
a_ia   19   33                                                     -0.00160199809147169663                                                    
a_ia   19   37                                                     -0.00079636234697325634                                                    
a_ia   19   41                                                      0.00087628345925658258                                                    
a_ia   18   19                                                     -0.18822193099183079368                                                    
