E(ADAPT): -150.0225936542992144 Eh
E(FCI):   -150.024170221931 Eh
ERROR: 1.577 mEh
