op     31   32   95   96   32   31   95   96                       -0.11380315179356585709                                                    
op     31   33   95   97   33   31   95   97                        0.02298285947890324130                                                    
op     28   33   92   97   33   28   92   97                       -0.07150958514992433734                                                    
op     28   32   92   96   32   28   92   96                       -0.12424843401083397743                                                    
op     31   34   95   98   34   31   95   98                       -0.01619896811410419246                                                    
op     28   32   92   97   32   28   92   97                       -0.03822052516654594195                                                    
op     31   34   95   96   34   31   95   96                        0.06550229359118402150                                                    
mvp2   31   34   92   96   34   31   92   96                       -0.07429674849197080710   -0.29651979926826316225                          
mvp2   31   33   92   96   33   31   92   96                       -0.06503093071802723557   -0.61246435598588921945                          
a_ia   32   33                                                      0.41739858406113355960                                                    
mvp2   28   32   95   97   32   28   95   97                       -0.06350306383854724401    0.77333927774400379462                          
mvp2   28   32   95   98   32   28   95   98                       -0.04944067987302371708    0.68264659968262486611                          
a_ia   30   31                                                      0.08676520617097040200                                                    
a_ia   96   98                                                     -0.58510336042410449053                                                    
mvp2   28   33   92   98   33   28   92   98                       -0.05876967065102954579   -0.51723004332853605991                          
mvp2   28   34   92   98   34   28   92   98                       -0.02703628648817832381   -0.42487755436591895242                          
mvp2   28   33   95   97   33   28   95   97                       -0.06880462657724881193   -0.15649421209494046581                          
a_ia   28   31                                                      0.29418468290263855014                                                    
a_ia   93   95                                                      0.14796653043509552794                                                    
mvp2   28   34   92   97   34   28   92   97                       -0.02685975292654749561    0.51876647868530800789                          
a_ia   92   97                                                     -0.00380739916299630650                                                    
mvp2   28   33   95   96   33   28   95   96                       -0.06554841262962271542   -0.20964317498199722123                          
mvp2   28   33   95   98   33   28   95   98                       -0.01250622360968568596    0.01171343812703033900                          
a_ia   92   93                                                      0.06464753877161177886                                                    
op     25   34   89   98   34   25   89   98                       -0.01880666695936548949                                                    
op     25   34   89   97   34   25   89   97                        0.02127150226737418992                                                    
op     25   34   89   96   34   25   89   96                       -0.01434921072809517036                                                    
a_ia   96   97                                                      0.14848024124275457925                                                    
op     25   32   89   96   32   25   89   96                       -0.02267884919681318820                                                    
a_ia   89   96                                                      0.00018499903885351473                                                    
a_ia   92   95                                                     -0.03381575286958243831                                                    
mvp2   31   32   92   97   32   31   92   97                       -0.02228922490301623802    0.28765734622359401262                          
a_ia   32   34                                                      0.20310687882245836988                                                    
a_ia   94   95                                                      0.09030347129059182465                                                    
a_ia   29   31                                                      0.15249548083689865030                                                    
op     27   32   91   96   32   27   91   96                       -0.00316281874481351422                                                    
a_ia   91   96                                                     -0.00149989629631335506                                                    
a_ia   31   34                                                     -0.00238569914478981406                                                    
op     25   32   89   97   32   25   89   97                        0.01870905736971114133                                                    
om     25   32   89   98   32   25   89   98                       -0.01643568392687810853                                                    
a_ia   89   98                                                     -0.00361915560481210121                                                    
mvp2   28   34   95   96   34   28   95   96                       -0.00020766475428383004    0.21755247023188753475                          
a_ia   91   92                                                      0.02064676982480670789                                                    
mvp2   31   34   89   96   34   31   89   96                       -0.01041871187743267230    0.12575318633302096094                          
a_ia   89   95                                                      0.14853365417230818268                                                    
a_ia   25   31                                                      0.17091749297752886760                                                    
a_ia   25   34                                                     -0.00487006408394385915                                                    
mvp2   31   34   91   96   34   31   91   96                        0.00839700136137964091   -0.07172908929937822642                          
op     25   34   87   98   34   25   87   98                        0.00023166284021513205                                                    
om     23   34   87   98   34   23   87   98                       -0.00029190384605757230                                                    
om     23   34   89   98   34   23   89   98                       -0.00051352566459396615                                                    
a_ia   91   95                                                     -0.08846048916216980862                                                    
om     25   33   89   98   33   25   89   98                        0.01368575529749558282                                                    
a_ia   25   33                                                      0.00314908601182033654                                                    
mvp2   25   33   89   96   33   25   89   96                        0.01813988371229450711    0.26072421278833196601                          
a_ia   28   29                                                      0.07150516345683147201                                                    
mvp2   23   33   89   98   33   23   89   98                        0.00014358202907374738    0.00231241288036314416                          
mvp2   23   34   89   97   34   23   89   97                        0.00037804592643686161   -0.04118105242554109813                          
mvp2   25   33   89   97   33   25   89   97                       -0.01475946963058245333    0.08775716594602707421                          
a_ia   23   25                                                     -0.39544357792277451402                                                    
om     25   34   87   97   34   25   87   97                       -0.00006921349159080676                                                    
a_ia   96   98                                                      0.17983590134171648089                                                    
mvp2   25   33   87   98   33   25   87   98                       -0.00045516741059060115    0.03928221927858618207                          
a_ia   87   89                                                     -0.46173788691892531100                                                    
a_ia   23   31                                                     -0.00696973197237090933                                                    
op     31   35   95   99   35   31   95   99                       -0.00514854898244749941                                                    
op     31   38   95  102   38   31   95  102                       -0.00670133343254686927                                                    
op     31   36   95  100   36   31   95  100                       -0.00512404758452856407                                                    
op     31   40   95  104   40   31   95  104                       -0.00580184910973771412                                                    
op     31   41   95  105   41   31   95  105                       -0.00641650043891631248                                                    
a_ia   31   41                                                      0.00266614404541792296                                                    
op     31   37   95  101   37   31   95  101                       -0.00485077410494538352                                                    
op     31   42   95  106   42   31   95  106                       -0.00480971116648220860                                                    
a_ia   31   42                                                     -0.00189435298752160569                                                    
a_ia   87   89                                                     -0.18267424358808151408                                                    
op     31   47   95  111   47   31   95  111                       -0.00338514460064601175                                                    
a_ia   31   47                                                     -0.00149756678104068989                                                    
a_ia   31   43                                                     -0.00290283267596461300                                                    
a_ia   31   44                                                      0.00212856713336798380                                                    
a_ia   31   45                                                     -0.00282412090511217776                                                    
a_ia   31   46                                                     -0.00264841027621894737                                                    
a_ia   95  111                                                     -0.00256810936678327027                                                    
a_ia   95  107                                                     -0.00334388120759989728                                                    
a_ia   95  108                                                      0.00259339326547220568                                                    
a_ia   95  109                                                     -0.00297450906735266443                                                    
a_ia   31   48                                                     -0.00181861775701895340                                                    
a_ia   31   49                                                     -0.00176307192577845233                                                    
a_ia   31   51                                                     -0.00305969099158928453                                                    
a_ia   31   52                                                      0.00145945837957064061                                                    
a_ia   95  110                                                     -0.00323857796555980688                                                    
a_ia   95  112                                                     -0.00229075626983041595                                                    
a_ia   95  113                                                     -0.00164617622590655893                                                    
a_ia   95  115                                                     -0.00289549173984346171                                                    
om     31   51   95  115   51   31   95  115                       -0.00372132796951200320                                                    
a_ia   95  116                                                      0.00147508787975470434                                                    
op     28   47   92  111   47   28   92  111                       -0.00736059660318796362                                                    
a_ia   28   47                                                      0.00282334596575769441                                                    
a_ia   28   40                                                     -0.00219088069068431842                                                    
a_ia   92  102                                                     -0.00215069702907974081                                                    
a_ia   92  111                                                      0.00213952108474058838                                                    
a_ia   89   97                                                      0.00199204440453073974                                                    
a_ia   92  104                                                     -0.00193656823223217690                                                    
a_ia   25   33                                                     -0.00039922344242722732                                                    
a_ia   87   97                                                      0.00133494617540132242                                                    
a_ia   28   38                                                     -0.00237242432002476855                                                    
om     28   40   92  104   40   28   92  104                       -0.00693702030897072348                                                    
op     28   36   92  100   36   28   92  100                       -0.00489991465073976330                                                    
mvp2   28   47   92   96   47   28   92   96                       -0.00230536736395369271   -0.06561725922864278249                          
a_ia   96  100                                                      0.04201825897646710439                                                    
a_ia   96  111                                                      0.24534264737790539845                                                    
mvp2   28   47   92   98   47   28   92   98                        0.00957372762231254067   -0.33147171561794896988                          
a_ia   92   98                                                     -0.00173336686983591973                                                    
mvp2   28   33   92  111   33   28   92  111                        0.00377238390777780456   -0.01315351437857361847                          
a_ia   28   33                                                     -0.00506376664602160853                                                    
a_ia   98  111                                                     -0.20142357526979007276                                                    
a_ia   23   25                                                     -0.15193818284801619001                                                    
op      0   35   64   99   35    0   64   99                       -0.02060944803783242019                                                    
op     17   35   81   99   35   17   81   99                       -0.00918495509096738105                                                    
op     15   35   79   99   35   15   79   99                       -0.00471024114816222250                                                    
a_ia   79   99                                                     -0.00075281485060937068                                                    
a_ia   15   35                                                     -0.00124584703891030121                                                    
op      0   35   84   99   35    0   84   99                        0.00313345364112113580                                                    
op     20   35   64   99   35   20   64   99                        0.00865482057327453431                                                    
op     20   35   84   99   35   20   84   99                       -0.00752634053309523404                                                    
op     14   35   78   99   35   14   78   99                       -0.01001187835161053245                                                    
op     12   35   76   99   35   12   76   99                       -0.00751089617884189310                                                    
op     11   35   75   99   35   11   75   99                       -0.00449645480423083166                                                    
op      9   35   73   99   35    9   73   99                       -0.00562858144924683473                                                    
a_ia   73   99                                                     -0.00116349071526648589                                                    
a_ia    9   35                                                     -0.00113487596021064497                                                    
mvp2   14   32   64   99   32   14   64   99                       -0.03079177306553041935   -0.46327368987528366739                          
a_ia   14   32                                                      0.00576267687460161986                                                    
mvp2   28   47   92   97   47   28   92   97                        0.01023511957795110276    0.03792245590328972155                          
mvp2   17   32   64   99   32   17   64   99                        0.00992392119263048843    0.14607389491996031206                          
a_ia   17   32                                                     -0.00356719572562300266                                                    
a_ia   97  102                                                      0.04178808386137870812                                                    
mvp2   13   32   64   99   32   13   64   99                        0.00561532781085164606    0.34892014790713526962                          
a_ia   13   32                                                      0.00075390903234534156                                                    
a_ia   15   32                                                     -0.00304928731412872989                                                    
op      0   63   64  127   63    0   64  127                       -0.01632038322398745786                                                    
op      0   37   64  101   37    0   64  101                       -0.00352139419441598262                                                    
op      0   63   64  101   63    0   64  101                        0.00250018208525757584                                                    
op      0   42   64  106   42    0   64  106                       -0.00300028372383480011                                                    
op      0   43   64  127   43    0   64  127                        0.00166726507858544525                                                    
om      0   43   64  107   43    0   64  107                       -0.00354002516385406359                                                    
op      0   63   64  107   63    0   64  107                        0.00073112488876958884                                                    
op      0   44   64  107   44    0   64  107                       -0.00262616517539204742                                                    
om      0   44   64  108   44    0   64  108                       -0.00286695156866557509                                                    
op      0   43   64  108   43    0   64  108                       -0.00266090931589508606                                                    
mvp2   28   56   64  127   56   28   64  127                       -0.00394407054823032142   -0.33686578992042170988                          
a_ia   28   43                                                      0.00249641019400445715                                                    
a_ia   28   56                                                     -0.00156730835215000436                                                    
a_ia   28   44                                                     -0.00202023428466612020                                                    
a_ia   28   41                                                     -0.00366932719287138337                                                    
mvp2   14   56   64  127   56   14   64  127                       -0.00432898989787898047   -0.42452266405385435943                          
mvp2   14   56   92   96   56   14   92   96                       -0.00677320099804301114   -0.00539036989776886782                          
a_ia   14   56                                                     -0.00072843727755832297                                                    
a_ia   64  104                                                      0.00053341769643153755                                                    
mvp2   64   96   92  127   64   92   96  127                        0.00209146486192290579   -0.01801010719071743926                          
mvp2    0   63   92  120   63    0   92  120                       -0.00419537116152389131    0.52619304518754705935                          
a_ia   92  120                                                     -0.00191293664347230285                                                    
a_ia   92  105                                                     -0.00349686705593085225                                                    
op      0   56   64  120   56    0   64  120                       -0.00000010654698772184                                                    
mvp2   28   56   92  120   56   28   92  120                        0.01241078394254560742   -0.10572309267416940548                          
mvp2   14   56   92  120   56   14   92  120                       -0.02998767530084942359   -0.21045679504988895614                          
a_ia   92  107                                                      0.00240757023146573454                                                    
a_ia   92  108                                                     -0.00167666652218270793                                                    
a_ia   14   42                                                     -0.00256122790057387775                                                    
a_ia   14   28                                                      0.42500148569213330729                                                    
a_ia   14   44                                                     -0.00106503893914898593                                                    
a_ia   14   43                                                      0.00050227299838504109                                                    
mvp2    0   63   78  120   63    0   78  120                       -0.00982369192899626258    0.83391118965651389594                          
mvp2    0   63   78   96   63    0   78   96                       -0.00688782959911418604    0.37435112027506095567                          
mvp2   14   56   78  120   56   14   78  120                       -0.00488415686470362528   -0.09607247209504146679                          
mvp2   28   56   78  120   56   28   78  120                        0.00091238584902617200    0.31771123374185239463                          
mvp2    0   63   64  127   63    0   64  127                        0.00138122522764969123   -0.03037594790461623645                          
a_ia   78   92                                                     -0.04350824359567306149                                                    
a_ia   78  108                                                     -0.00098087548793337098                                                    
a_ia   28   42                                                      0.00233917419848777468                                                    
om     14   56   78   96   56   14   78   96                       -0.00456398672475394254                                                    
om     28   56   78   96   56   28   78   96                       -0.00263589536717487175                                                    
op      0   36   64  100   36    0   64  100                       -0.00327944982092882040                                                    
mvp2    0   56   78  127   56    0   78  127                       -0.00386311581358901590   -0.35461430067552757173                          
a_ia   92  101                                                     -0.00160352746658856573                                                    
mvp2   14   63   64  120   63   14   64  120                       -0.00440702656019630219    0.25899363709872380568                          
mvp2   28   63   64  120   63   28   64  120                       -0.00283580826359003434    0.22511032128964372778                          
a_ia   96  107                                                     -0.04134948802334042356                                                    
mvp2    0   37   64  127   37    0   64  127                        0.00105593318674941389    0.22103847644304241982                          
a_ia   92   96                                                     -0.00029729305135068912                                                    
mvp2    0   56   64  120   56    0   64  120                       -0.00888567736984646403    0.13636750917079015766                          
mvp2    0   63   64   99   63    0   64   99                       -0.02525272662852724725   -0.07484581873137199914                          
mvp2   14   56   64   99   56   14   64   99                       -0.03012123893367810168    0.04636014682563434353                          
mvp2   28   56   64   99   56   28   64   99                       -0.02240633030299376410   -0.03646819253525460103                          
a_ia   28   37                                                     -0.00220871764012320121                                                    
mvp2    0   43   64   99   43    0   64   99                        0.00729895629597760755    0.05155956333129737418                          
a_ia   92  106                                                      0.00193970373550972895                                                    
a_ia   96  108                                                      0.01503393619697579627                                                    
mvp2    0   44   64   99   44    0   64   99                        0.00536172414933058002    0.04851340052389572360                          
om      0   37   64   99   37    0   64   99                        0.00544074222673244894                                                    
op      0   44   64  127   44    0   64  127                        0.00088206053590563621                                                    
mvp2    0   56   78   99   56    0   78   99                       -0.00730954438448229177    0.16968008319121391514                          
mvp3   64   99   78  120   64   78  120   99   64   78   99  120   -0.01869581990499797480    0.78120157332967676833   -0.15668556731737964816
mvp2    0   35   64  127   35    0   64  127                       -0.00265782837474920269   -0.09116880036606199444                          
a_ia    0   35                                                      0.00217105313257193525                                                    
mvp2   13   56   64  127   56   13   64  127                        0.00112908146281371323    0.53266206764279655506                          
mvp2   13   56   64   99   56   13   64   99                        0.00274867261231327882    0.10155915661051470589                          
a_ia   33   56                                                     -0.04438104137776517633                                                    
mvp2   13   56   78  120   56   13   78  120                       -0.00608482041559635367   -0.16035262982818246358                          
mvp2    0   63   78  120   63    0   78  120                        0.01343602027559820042   -0.12622413792141051747                          
mvp2    0   35   78  120   35    0   78  120                       -0.00159038845603252195   -0.38386891635528319622                          
mvp2    0   35   78   97   35    0   78   97                       -0.00681615431134018155    0.40132471729411950401                          
a_ia   78   97                                                     -0.00053423312973709786                                                    
a_ia   97  120                                                     -0.02746435388775359671                                                    
mvp2    0   63   78   97   63    0   78   97                       -0.00318284424377890092    0.09307143535819724367                          
mvp2   13   63   64  120   63   13   64  120                        0.00001191878928087382   -0.05756291862547289334                          
mvp2    0   35   78   96   35    0   78   96                       -0.00783970248597923303    0.24115650402013391607                          
om      0   35   92  120   35    0   92  120                       -0.00296015513640122746                                                    
mvp2    0   35   92   96   35    0   92   96                       -0.00467285798614248352   -0.00266703089951499106                          
mvp2    0   35   64  107   35    0   64  107                        0.00408194504905919943   -0.24663171041731368760                          
mvp2    0   56   64   96   56    0   64   96                       -0.00297524120503570803   -0.21873839362169616996                          
mvp2    0   35   64  111   35    0   64  111                        0.00225601754058754557   -0.09743145814004401661                          
mvp2    0   35   64  108   35    0   64  108                        0.00378584687882562755   -0.15834153614901350093                          
a_ia   96  111                                                     -0.13531092366343086542                                                    
op     13   56   92  120   56   13   92  120                        0.12575003081986632636                                                    
mvp2    0   63   92   96   63    0   92   96                       -0.00236663557264368612   -0.01290677313299926771                          
a_ia   99  102                                                     -0.08348557730597576387                                                    
mvp2    0   63   77  120   63    0   77  120                        0.00053630887038488612   -0.41331162413725880400                          
a_ia   77  120                                                     -0.00027946007612929599                                                    
mvp2    0   35   77  120   35    0   77  120                        0.00088485746971138618    0.08344139070293900284                          
mvp2    0   35   77   96   35    0   77   96                        0.00519093850833224259   -0.38985120716908139293                          
mvp2   14   56   77  120   56   14   77  120                        0.00409415786619138269    0.24179560352894166608                          
mvp2   13   56   77  120   56   13   77  120                       -0.03061937314468286819   -0.00048725596536764013                          
a_ia   13   14                                                      0.21663762132990471709                                                    
a_ia   77   92                                                     -0.23091048322614149413                                                    
a_ia   77   78                                                      0.51569526819674826879                                                    
mvp2   14   56   78  120   56   14   78  120                        0.00384311727191899563   -0.06405671742091140208                          
a_ia   96   99                                                     -0.02184757177054080790                                                    
op     13   56   92  120   56   13   92  120                       -0.13484302567153816366                                                    
a_ia   78   92                                                      0.40684419046834857658                                                    
mvp3   64  120   92  127   64   92  127  120   64   92  120  127   -0.00143434897712846256    0.11242393310905093862   -0.07221277028363708161
mvp2   64  120   78  127   64   78  120  127                        0.00306322750720089063   -0.26535843961820299031                          
mvp2   14   33   64   99   33   14   64   99                       -0.00774773910000368590   -0.10081683680683851956                          
a_ia   14   33                                                     -0.00076534982668925559                                                    
a_ia   98  108                                                     -0.02438033353344862611                                                    
mvp2   14   33   92   96   33   14   92   96                       -0.01034802469152948379   -0.13325049448129344665                          
mvp2   14   33   92   97   33   14   92   97                       -0.01507481232287409545   -0.04694760059366751698                          
mvp2   14   35   64  120   35   14   64  120                       -0.00330937895173468843    0.01221178021665185291                          
a_ia   25   27                                                     -0.57282764573937516861                                                    
a_ia   28   45                                                      0.00241937447384342518                                                    
a_ia   28   46                                                      0.00240259195949359605                                                    
a_ia   28   48                                                      0.00092563095363994488                                                    
mvp2    0   47   64   99   47    0   64   99                        0.00262116305700585504    0.05017638717581879987                          
mvp3   64   96   78   99   64   78   99   96   64   78   96   99    0.00786851076390344094   -0.20703616228046659020    0.51901207558121276175
om     14   63   78   99   63   14   78   99                       -0.00241227278498618415                                                    
mvp2    0   63   78   96   63    0   78   96                        0.00506744707602825670   -0.04281081869149522268                          
op     31   54   95  118   54   31   95  118                       -0.00182011176342308290                                                    
a_ia   31   54                                                     -0.00090273876968771140                                                    
a_ia   95  118                                                     -0.00097280744137494420                                                    
mvp2   14   32   64  127   32   14   64  127                       -0.00110362059453326597    0.03302813763921037815                          
a_ia   14   32                                                     -0.00023826820656109123                                                    
a_ia   32   47                                                      0.15082857836174057287                                                    
op     14   32   78   96   32   14   78   96                       -0.00572274897632958201                                                    
mvp2   14   32   92   96   32   14   92   96                       -0.01876267653009956390   -0.16019744062909616056                          
mvp2   14   32   92  120   32   14   92  120                       -0.00435898080878115071   -0.01814220147177506709                          
op     13   32   64  127   32   13   64  127                        0.00078536533566766879                                                    
a_ia   13   14                                                      0.40098759118274573954                                                    
mvp2   13   32   92   96   32   13   92   96                        0.00411690034151161472    0.05461687874589220976                          
mvp2   13   32   92  120   32   13   92  120                        0.00089244181785765411   -0.07289919432812724809                          
mvp2   13   32   78   96   32   13   78   96                       -0.00026415100249173296    0.10073143214631684328                          
a_ia   78   96                                                      0.00194583599772099190                                                    
mvp2   14   32   92   97   32   14   92   97                       -0.00769181986924373073   -0.07391379294221460394                          
mvp2    0   32   64  120   32    0   64  120                       -0.00309141834070642604    0.08026338472286131953                          
om      0   32   64   96   32    0   64   96                       -0.00322838101196492059                                                    
om     13   35   64  120   35   13   64  120                        0.00163676416096838464                                                    
a_ia   96  120                                                      0.00061924917795471530                                                    
a_ia   14   32                                                     -0.00166823521846960450                                                    
mvp2   14   32   77   96   32   14   77   96                        0.00499946439485859147    0.14321573314192001525                          
mvp2   64   96   92   99   64   92   96   99                        0.00666124314401987053    0.16340774370971355989                          
mvp2   13   32   64   99   32   13   64   99                       -0.00374965578821256484   -0.03596901967534032324                          
a_ia   47   56                                                      0.09561386930823460861                                                    
op     31   57   95  121   57   31   95  121                       -0.00178509524297239437                                                    
mvp2    0   32   78   99   32    0   78   99                       -0.00283228590509039709   -0.04803934277728856561                          
a_ia   32   35                                                     -0.04234168722249751632                                                    
mvp2    0   32   13   35    0   13   35   32                        0.00804434653281548007    0.10768789878157317141                          
om      0   63   64  108   63    0   64  108                        0.00173710470819955602                                                    
om      0   63   64  107   63    0   64  107                        0.00236898391340342870                                                    
mvp2    0   48   64   99   48    0   64   99                       -0.00410277353689476008   -0.14886436207304265533                          
mvp2    0   41   64   99   41    0   64   99                       -0.00334173593182130867   -0.18838471904326389850                          
mvp2    0   46   64   99   46    0   64   99                       -0.00388443668148237987   -0.30041934179391738269                          
a_ia   98   99                                                      0.09824579728210822149                                                    
mvp2    0   46   64  110   46    0   64  110                       -0.00269240802442421642    0.87941075696451476151                          
op      0   44   64  110   44    0   64  110                        0.00152981126928110811                                                    
mvp2    0   37   64  106   37    0   64  106                       -0.00242847868422232504    0.55914139459498946039                          
om      0   36   64  106   36    0   64  106                       -0.00243459915850689811                                                    
a_ia   99  100                                                      0.12640209113661102225                                                    
a_ia   98  110                                                     -0.08255907777102047818                                                    
op      0   42   64  101   42    0   64  101                       -0.00247934351359611806                                                    
mvp2    0   45   64   99   45    0   64   99                       -0.00299638520441675767   -0.33626888548842054361                          
mvp2    0   45   64  101   45    0   64  101                        0.00188918049382716564   -0.44869927056270669796                          
mvp2    0   42   64   99   42    0   64   99                        0.00230823440759217501    0.17269957515915065893                          
