op     25   28   81   84   28   25   81   84                       -0.04189050701787271069                                                    
a_ia   81   84                                                     -0.00449296520285039080                                                    
a_ia   25   28                                                     -0.00527402123675386331                                                    
op     23   28   79   84   28   23   79   84                       -0.01376896568559960420                                                    
op     27   28   83   84   28   27   83   84                       -0.01167236787894295781                                                    
op     25   29   81   85   29   25   81   85                       -0.00512569703825992585                                                    
op     25   31   81   87   31   25   81   87                       -0.01067569883223221626                                                    
op     25   37   81   93   37   25   81   93                       -0.02576633958144681352                                                    
a_ia   25   33                                                      0.00066645963603948366                                                    
a_ia   81   93                                                     -0.00249364304800781455                                                    
a_ia   25   37                                                      0.00124731955620506398                                                    
op     27   29   83   85   29   27   83   85                       -0.00498388630841944957                                                    
op     23   31   79   87   31   23   79   87                       -0.01158813055789200894                                                    
op     25   38   81   94   38   25   81   94                       -0.01708043714622319367                                                    
op     25   38   81   93   38   25   81   93                       -0.02121475673120652369                                                    
op     27   31   83   87   31   27   83   87                       -0.00929226623911628795                                                    
a_ia   23   28                                                      0.00153768078929122053                                                    
om     25   37   81   94   37   25   81   94                       -0.01794349778083705049                                                    
op     27   32   83   88   32   27   83   88                       -0.00958268140889928337                                                    
op     27   29   83   87   29   27   83   87                        0.00632005379845141952                                                    
op     25   39   81   95   39   25   81   95                       -0.00426400906448281842                                                    
op     27   39   83   95   39   27   83   95                       -0.00440946739319209545                                                    
op     27   37   83   93   37   27   83   93                       -0.00845697861488485525                                                    
op     27   39   83   93   39   27   83   93                       -0.00325700389498487014                                                    
op     27   38   83   94   38   27   83   94                       -0.00603251610978065497                                                    
op     27   38   83   95   38   27   83   95                       -0.00085642436443652973                                                    
op     27   37   83   95   37   27   83   95                       -0.00698502127006618567                                                    
mvp3   25   37   27   39   25   27   39   37   25   27   37   39    0.02501166627516273472   -0.24704309217573172663   -0.25688435379868762576
mvp2   25   37   83   95   37   25   83   95                        0.01862307682063608569   -0.44667734463856506588                          
mvp2   25   38   81   95   38   25   81   95                        0.01125722279672944706    0.62026857240439248198                          
mvp2   25   39   81   93   39   25   81   93                        0.00452044582602535976   -0.13993973927855582473                          
om     25   37   81   95   37   25   81   95                        0.01368426847857880969                                                    
a_ia   79   84                                                      0.00169444243915902403                                                    
mvp3   25   38   27   39   25   27   39   38   25   27   38   39    0.01669045697767732733   -0.34592952362395507082    0.18024235001937910505
mvp2   25   38   83   95   38   25   83   95                        0.01808891429183575456   -0.25759350650653134451                          
mvp2   25   37   83   94   37   25   83   94                        0.01132223380397145984   -0.25315415513381389623                          
a_ia   83   95                                                      0.00228846761526944539                                                    
op     23   32   79   88   32   23   79   88                       -0.00511135044211191540                                                    
op     23   30   79   86   30   23   79   86                       -0.00661352972896803951                                                    
op     26   32   82   88   32   26   82   88                       -0.00711527712067707655                                                    
mvp3   23   37   25   38   23   25   38   37   23   25   37   38    0.01026189935431031340    0.44572689651121510934   -0.36014598120211477328
mvp2   27   40   83   95   40   27   83   95                       -0.00793000662165515430   -0.49469343627190753843                          
op     27   40   83   94   40   27   83   94                       -0.00582879598318248714                                                    
mvp2   23   37   25   39   23   25   37   39                       -0.00031328104433741763    0.01349150942308365367                          
op     26   32   82   87   32   26   82   87                        0.00388255626980291884                                                    
mvp2   25   37   79   93   37   25   79   93                        0.00750962413913106638   -0.46695546911686375280                          
op     23   36   79   92   36   23   79   92                       -0.00780174705067128785                                                    
a_ia   23   36                                                     -0.00145660522301544306                                                    
a_ia   79   92                                                     -0.00151741576172664144                                                    
a_ia   38   39                                                     -0.39658032147943228507                                                    
op     23   34   79   90   34   23   79   90                       -0.00494238565808091581                                                    
op     23   42   79   98   42   23   79   98                       -0.00612530634690983643                                                    
op     23   35   79   91   35   23   79   91                       -0.00307794778229982620                                                    
a_ia   23   42                                                     -0.00089102884228592003                                                    
a_ia   81   91                                                     -0.00097128237193277360                                                    
op     23   51   79  107   51   23   79  107                       -0.00588207023377065354                                                    
op     23   46   79  102   46   23   79  102                       -0.00424029123159146148                                                    
a_ia   23   46                                                      0.00063989262847551488                                                    
op     23   48   79  104   48   23   79  104                       -0.00456308715304604585                                                    
a_ia   79  102                                                      0.00058854185981672752                                                    
op     23   47   79  103   47   23   79  103                       -0.00309346145393421448                                                    
op     23   50   79  106   50   23   79  106                       -0.00344300190581901594                                                    
a_ia   25   37                                                     -0.00408053660530491649                                                    
om     25   28   75   84   28   25   75   84                       -0.01972909300296775068                                                    
a_ia   75   84                                                     -0.00254547802999648175                                                    
mvp2   25   37   75   93   37   25   75   93                       -0.00963132790352935406    0.33436319840775236001                          
a_ia   75   93                                                     -0.00059819249329247587                                                    
op     18   31   74   87   31   18   74   87                       -0.00801470307552497145                                                    
op     15   31   71   87   31   15   71   87                       -0.00886033544681108162                                                    
op     18   31   71   87   31   18   71   87                        0.00714324058770064892                                                    
op     15   31   74   87   31   15   74   87                        0.00714738277220568641                                                    
op     22   32   78   88   32   22   78   88                       -0.00642473711929578833                                                    
op     22   29   78   88   29   22   78   88                       -0.00494106367824063801                                                    
op     23   49   79  105   49   23   79  105                       -0.00216254150941741887                                                    
op     23   49   79  106   49   23   79  106                       -0.00168423722216415263                                                    
op     23   52   79  108   52   23   79  108                       -0.00216938114966069937                                                    
op     23   50   79  105   50   23   79  105                       -0.00168206956860711345                                                    
mvp2   27   39   83   96   39   27   83   96                       -0.00791778760995582274    0.51118521360761559613                          
mvp2   27   40   83   96   40   27   83   96                       -0.00602797331150618093    0.10873701041667746536                          
mvp2   27   38   83   96   38   27   83   96                       -0.00615372258398881079   -0.07755329864317249411                          
a_ia   89   95                                                     -0.31133770375044667045                                                    
a_ia   81   98                                                      0.00063153523830276274                                                    
op     20   35   76   91   35   20   76   91                       -0.01588575868577218886                                                    
a_ia   20   35                                                      0.00157713542285038092                                                    
a_ia   76   91                                                     -0.00684973188807765955                                                    
op     21   35   77   91   35   21   77   91                       -0.02425868984631911543                                                    
a_ia   77   91                                                      0.00606053676773806848                                                    
a_ia   21   35                                                      0.00554982037664049094                                                    
a_ia   22   35                                                     -0.00215617043401719610                                                    
om     20   33   76   89   33   20   76   89                       -0.00539224464004835462                                                    
a_ia   76   89                                                      0.00137166598923554807                                                    
a_ia   20   33                                                      0.00174073214025820115                                                    
a_ia   78   84                                                      0.00069069769484755199                                                    
a_ia   85   95                                                      0.37746402103760839930                                                    
om     20   35   77   91   35   20   77   91                        0.02075341835385732109                                                    
a_ia   20   25                                                      0.15794920346892610263                                                    
a_ia   75   91                                                      0.00263765888105154007                                                    
om     21   35   76   91   35   21   76   91                        0.01799848449792779831                                                    
op     21   35   75   91   35   21   75   91                       -0.01033343147263039545                                                    
om     27   42   83   98   42   27   83   98                       -0.00580629001397782018                                                    
op     27   41   83   97   41   27   83   97                       -0.00465089361722112807                                                    
om     20   35   78   91   35   20   78   91                       -0.00868035832045712177                                                    
a_ia   78   91                                                     -0.00225720055414958733                                                    
a_ia   76   93                                                     -0.00023414219137047029                                                    
op     26   29   82   88   29   26   82   88                       -0.00483951110605605316                                                    
a_ia   18   28                                                      0.00159972897076330364                                                    
op     27   43   83   99   43   27   83   99                       -0.00244418072065220263                                                    
a_ia   27   43                                                      0.00050540173990860872                                                    
om     18   28   74   84   28   18   74   84                       -0.00441361254281583733                                                    
a_ia   74   84                                                      0.00154829850988173951                                                    
om     15   28   71   84   28   15   71   84                       -0.00629515691834910476                                                    
a_ia   15   28                                                     -0.00104897594426239826                                                    
a_ia   19   31                                                      0.00005387431052972367                                                    
a_ia   19   28                                                     -0.00053449043906100867                                                    
op     16   31   72   87   31   16   72   87                       -0.00326774501798301120                                                    
om     27   43   83   98   43   27   83   98                       -0.00271410268359958441                                                    
a_ia   83   98                                                      0.00053756766400326803                                                    
op     19   35   75   91   35   19   75   91                       -0.00212624251493074862                                                    
a_ia   19   35                                                     -0.01271184422647610862                                                    
om     20   35   75   91   35   20   75   91                        0.01315525588627969138                                                    
op     19   35   77   91   35   19   77   91                        0.00296203890442926386                                                    
a_ia   19   20                                                      0.39853044270716592168                                                    
a_ia   71   84                                                     -0.00103909049891536182                                                    
op     23   53   79  108   53   23   79  108                       -0.00126530963300304955                                                    
op     23   53   79  109   53   23   79  109                       -0.00155164735981266574                                                    
op     23   52   79  109   52   23   79  109                       -0.00127200390731339766                                                    
op     27   44   83  100   44   27   83  100                       -0.00325670004551904075                                                    
a_ia   83   99                                                      0.01115062418737109047                                                    
a_ia   27   44                                                     -0.00055528586242504618                                                    
om     27   44   83   98   44   27   83   98                        0.00314964562808625831                                                    
op     21   45   77  101   45   21   77  101                       -0.00693677757861791040                                                    
a_ia   21   45                                                      0.00264769090695328620                                                    
a_ia   77  101                                                      0.00610762147808537048                                                    
om     21   45   76  101   45   21   76  101                        0.00600293889734831825                                                    
a_ia   76  101                                                     -0.00109678874036937628                                                    
a_ia   77   92                                                      0.00258153705308723173                                                    
a_ia   19   20                                                      0.29299354876784844404                                                    
a_ia   19   35                                                      0.01395714713353994781                                                    
op     20   45   76  101   45   20   76  101                       -0.00551175718149158993                                                    
a_ia   20   45                                                     -0.00124655107273617888                                                    
a_ia   21   42                                                     -0.00079584465381819130                                                    
op     20   45   77  101   45   20   77  101                        0.00609565413121022220                                                    
op     20   40   76   96   40   20   76   96                       -0.00560530787440420564                                                    
a_ia   20   40                                                      0.00098446393955786671                                                    
op     21   36   77   92   36   21   77   92                       -0.00877357611832367199                                                    
a_ia   21   36                                                      0.00010475178128154616                                                    
mvp2   21   36   77  101   36   21   77  101                       -0.00445021015122709727   -0.32563977565048501939                          
a_ia   77  101                                                     -0.00408224495589397385                                                    
om     20   45   76   91   45   20   76   91                       -0.00463609696622515992                                                    
om     20   45   77   91   45   20   77   91                        0.00600598450364412621                                                    
a_ia   20   45                                                     -0.00002355982610253165                                                    
a_ia   19   29                                                     -0.00124939594323019245                                                    
op     21   45   77   91   45   21   77   91                       -0.00437664542391658692                                                    
a_ia   21   40                                                     -0.00076232394723822153                                                    
om     21   45   76   91   45   21   76   91                        0.00593288937216599616                                                    
om     20   35   76  101   35   20   76  101                       -0.00388730313031640127                                                    
a_ia   91   95                                                      0.12821712242987354236                                                    
op     21   35   77  101   35   21   77  101                       -0.00366666975203341038                                                    
op     21   35   76  101   35   21   76  101                        0.00512354468711721366                                                    
om     20   35   77  101   35   20   77  101                        0.00505322358017663582                                                    
op     20   35   76   91   35   20   76   91                       -0.00911730749847613868                                                    
mvp2   21   45   77   92   45   21   77   92                       -0.00931579252742481372    0.16112805989750703106                          
mvp3   20   44   21   45   20   21   45   44   20   21   44   45    0.00478973645534862703    0.28736589894546227253    0.28602072568367309380
a_ia   21   44                                                      0.00078948896521426504                                                    
op     20   41   76   97   41   20   76   97                       -0.00337861521543060496                                                    
mvp2   20   35   21   41   20   21   35   41                        0.00513361095700212537   -0.20909633130146734747                          
mvp2   21   35   76   97   35   21   76   97                       -0.00516497302445976993    0.20982533700333191873                          
a_ia   91  101                                                      0.17358069387290073204                                                    
a_ia   35   45                                                      0.18213877866774225156                                                    
op     27   42   83  100   42   27   83  100                        0.00322035487420446005                                                    
op     27   42   83   99   42   27   83   99                       -0.00322441789270855013                                                    
op      8   31   64   87   31    8   64   87                       -0.00525752665072212830                                                    
op     12   31   68   87   31   12   68   87                       -0.00353599277797780323                                                    
op      8   28   64   84   28    8   64   84                       -0.00751499422653004786                                                    
a_ia   14   28                                                      0.00128778788720440920                                                    
op      6   31   62   87   31    6   62   87                       -0.00455059218686175871                                                    
op      8   31   62   87   31    8   62   87                        0.00393821479147937747                                                    
op     12   28   68   84   28   12   68   84                       -0.00473234535761527571                                                    
op      5   31   61   87   31    5   61   87                       -0.00345116518304180346                                                    
a_ia    5   31                                                      0.00059149293356833917                                                    
om      6   28   64   84   28    6   64   84                        0.00486865851801815495                                                    
om      6   28   62   84   28    6   62   84                       -0.00528035383895019122                                                    
op      8   28   62   84   28    8   62   84                        0.00482123192048886789                                                    
op      5   28   61   84   28    5   61   84                       -0.00660773251620605604                                                    
a_ia   61   84                                                      0.00136885525099443507                                                    
a_ia    5   28                                                      0.00137977678419844022                                                    
op      2   28   58   84   28    2   58   84                       -0.00680250049572003919                                                    
a_ia   58   84                                                     -0.00151078296454024521                                                    
a_ia    2   28                                                     -0.00152221641105011740                                                    
om      2   28   61   84   28    2   61   84                        0.00624962454320190583                                                    
op      5   28   58   84   28    5   58   84                        0.00624366657360307230                                                    
op     23   55   79  111   55   23   79  111                       -0.00143635782304091610                                                    
mvp2   27   39   83   99   39   27   83   99                        0.00534106935762895287   -0.38935629792252157699                          
a_ia   83   99                                                     -0.01080897203452366347                                                    
a_ia   39   43                                                     -0.33121554176625928045                                                    
op     20   34   76   90   34   20   76   90                       -0.00668855412166988357                                                    
a_ia   20   34                                                     -0.00152137244918437394                                                    
a_ia   76   90                                                     -0.00134029903587798795                                                    
op     20   48   76  104   48   20   76  104                       -0.00399217728070354935                                                    
a_ia   20   42                                                      0.00145608551300924465                                                    
a_ia   76   98                                                      0.00157569589409577854                                                    
a_ia   76  104                                                     -0.00073094590141455161                                                    
a_ia   20   48                                                     -0.00084966162140398072                                                    
a_ia   27   42                                                      0.00041817816738603332                                                    
op     20   47   76  103   47   20   76  103                       -0.00315646607277241193                                                    
a_ia   20   47                                                     -0.00154858468603917120                                                    
a_ia   76  103                                                     -0.00147022760134687242                                                    
a_ia   76   81                                                      0.13217656840321173606                                                    
a_ia   91  101                                                      0.16273306002950044258                                                    
a_ia   35   45                                                      0.14774735916599585073                                                    
op     21   34   77   90   34   21   77   90                       -0.00707403855581726151                                                    
mvp2   21   35   77   92   35   21   77   92                       -0.00943529583914663565   -0.06100377309636483003                          
om     20   50   76  106   50   20   76  106                       -0.00305446398511860940                                                    
op     20   49   76  105   49   20   76  105                       -0.00299479424848221251                                                    
a_ia   19   25                                                     -0.26474999881031169302                                                    
op     19   45   77  101   45   19   77  101                       -0.00432170652119814782                                                    
op     12   30   68   86   30   12   68   86                       -0.01267837991830732085                                                    
op     12   30   72   86   30   12   72   86                       -0.00738343011253223859                                                    
op     16   30   72   86   30   16   72   86                       -0.00569171564791979764                                                    
op     16   30   68   86   30   16   68   86                       -0.00744213353798946209                                                    
a_ia   16   30                                                     -0.00062371647955022621                                                    
om     12   32   68   86   32   12   68   86                        0.00511816508328748979                                                    
a_ia   12   32                                                      0.00050993772642933988                                                    
om     12   32   68   88   32   12   68   88                       -0.00515381153734257441                                                    
op     12   30   68   88   30   12   68   88                        0.00520849314914893519                                                    
a_ia   36   38                                                      0.13730484418622418419                                                    
a_ia   81  103                                                     -0.00015633568594314220                                                    
op     14   33   70   89   33   14   70   89                       -0.00917848584279493465                                                    
a_ia   14   33                                                      0.00131832466346131199                                                    
om     12   33   68   89   33   12   68   89                       -0.00495785799479624232                                                    
a_ia   12   33                                                      0.00041935554151510213                                                    
a_ia   70   89                                                      0.00111553823207327998                                                    
om      8   33   64   89   33    8   64   89                       -0.00714212413985639612                                                    
om     15   33   71   89   33   15   71   89                       -0.00536994878286381743                                                    
om     14   29   70   85   29   14   70   85                       -0.00800972368598891309                                                    
a_ia   14   29                                                      0.00116082502680606614                                                    
op     22   29   78   85   29   22   78   85                       -0.00618347645993546149                                                    
a_ia   70   85                                                      0.00154026401700314364                                                    
op      2   33   58   89   33    2   58   89                       -0.00714752979291865057                                                    
a_ia    2   33                                                     -0.00095917503127453888                                                    
op      8   30   64   86   30    8   64   86                       -0.00446116022016200802                                                    
op      6   33   62   89   33    6   62   89                       -0.00395774719140224145                                                    
op      2   33   62   89   33    2   62   89                        0.00347894314934974608                                                    
op      6   33   58   89   33    6   58   89                        0.00347821124168160804                                                    
a_ia   58   89                                                     -0.00095566601200731060                                                    
om     14   29   75   85   29   14   75   85                        0.00596072614881713175                                                    
a_ia   75   85                                                     -0.00176910675809633148                                                    
om     12   45   77  101   45   12   77  101                        0.00373892946345575315                                                    
a_ia   12   45                                                     -0.00092091537495103562                                                    
a_ia   19   40                                                     -0.00027043883340162258                                                    
a_ia   12   37                                                     -0.00077440734180584791                                                    
mvp2   12   35   77   91   35   12   77   91                        0.00240382091250396744    0.12592861069785549200                          
a_ia   12   35                                                     -0.00008779322767813694                                                    
op     21   45   68  101   45   21   68  101                        0.00275879023933103861                                                    
a_ia   68  101                                                     -0.00040504832005922172                                                    
a_ia   68   93                                                     -0.00070035154056131965                                                    
a_ia   21   37                                                      0.00100798816483380657                                                    
op     12   45   68  101   45   12   68  101                       -0.00226988857373898890                                                    
a_ia   12   21                                                      0.25607173050017639770                                                    
a_ia   12   45                                                      0.00025977612863370924                                                    
op     24   32   80   88   32   24   80   88                       -0.00268987353942420383                                                    
om     12   36   68   92   36   12   68   92                       -0.00724546236936260673                                                    
a_ia   68   77                                                      0.34006317849686035215                                                    
mvp2   12   36   77   92   36   12   77   92                        0.00479446533555802617    0.37529666909659842311                          
om     12   41   68   97   41   12   68   97                       -0.00525907024664016166                                                    
mvp2   12   36   77  101   36   12   77  101                        0.00462406924432761345    0.05539142089998087132                          
mvp2   21   45   75  101   45   21   75  101                       -0.00356394263613480462    0.14718222117787777004                          
op     26   29   82   85   29   26   82   85                       -0.00386069279922086808                                                    
mvp2   21   45   78  101   45   21   78  101                        0.00336977157765136178   -0.08654194526484747241                          
op     12   34   68   90   34   12   68   90                       -0.00560290836695296474                                                    
om     12   40   68   96   40   12   68   96                       -0.00358107690859736389                                                    
a_ia   35   38                                                      0.17368333859097515037                                                    
om     21   45   77  101   45   21   77  101                       -0.00336525947733607583                                                    
op     12   51   68  107   51   12   68  107                       -0.00452949646224073792                                                    
op     12   53   68  109   53   12   68  109                       -0.00606041853630188369                                                    
op     20   53   68  109   53   20   68  109                        0.00327732258962048660                                                    
op     12   49   68  105   49   12   68  105                       -0.00514063725671074379                                                    
op     12   53   68  108   53   12   68  108                        0.00449452997502292236                                                    
om     12   52   68  108   52   12   68  108                       -0.00379968939181276602                                                    
om     12   52   68  109   52   12   68  109                        0.00444232393164016061                                                    
op     12   53   76  109   53   12   76  109                        0.00329423950267313534                                                    
op     12   51   79  107   51   12   79  107                        0.00449714971254117513                                                    
op     23   51   68  107   51   23   68  107                        0.00447718022780878647                                                    
om     12   53   81  109   53   12   81  109                        0.00245155917230292439                                                    
a_ia   90   91                                                     -0.09864931935721184264                                                    
op     20   49   68  105   49   20   68  105                        0.00272899676913261613                                                    
op     20   52   68  108   52   20   68  108                        0.00201220978100662791                                                    
op     20   52   68  109   52   20   68  109                       -0.00268460709908723266                                                    
op     12   52   76  109   52   12   76  109                       -0.00250384392960019582                                                    
om     12   52   81  109   52   12   81  109                       -0.00239611009755715497                                                    
a_ia   79   81                                                     -0.04133427300561157147                                                    
op     12   51   81  107   51   12   81  107                        0.00150815261003254468                                                    
om     14   36   70   92   36   14   70   92                       -0.00726706235361633274                                                    
a_ia   14   36                                                      0.00100382794391527808                                                    
op     14   45   70  101   45   14   70  101                       -0.00336986065027568196                                                    
a_ia   70   92                                                      0.00101489072845203877                                                    
om     14   34   70   90   34   14   70   90                       -0.00659026163532551272                                                    
a_ia   14   37                                                      0.00121772701129143571                                                    
mvp3   70   92   77  101   70   77  101   92   70   77   92  101   -0.00404884926635485243   -0.14692873119531341120    0.17113893019760270664
a_ia   36   45                                                     -0.14641113427156524085                                                    
