op     31   33   95   97   33   31   95   97                       -0.08367116335372024039                                                    
a_ia   31   33                                                     -0.01318846695241637432                                                    
op     24   32   88   96   32   24   88   96                       -0.13943887632118717734                                                    
a_ia   24   32                                                      0.04954765277004906376                                                    
a_ia   88   96                                                      0.01101685748062758430                                                    
op     31   36   95  100   36   31   95  100                       -0.06239262575890072021                                                    
a_ia   95   97                                                      0.01618688963808689180                                                    
a_ia   31   36                                                      0.02183824173464429114                                                    
op     28   34   92   98   34   28   92   98                       -0.09757437397954038527                                                    
a_ia   92   98                                                      0.02537085536088878879                                                    
a_ia   28   34                                                      0.02000735759654396345                                                    
mvp2   27   34   92   98   34   27   92   98                       -0.06300175560282485210   -0.89124064056801044487                          
a_ia   27   34                                                     -0.01432160717699933195                                                    
mvp2   28   34   91   98   34   28   91   98                       -0.08731457271293219247    0.63935905222690070371                          
om     27   34   91   98   34   27   91   98                       -0.05554724573849322000                                                    
a_ia   96   98                                                      0.38014957262605064692                                                    
a_ia   32   34                                                      0.00007044834698058394                                                    
a_ia   95  100                                                      0.04848656782932983522                                                    
a_ia   88   91                                                      0.06587968447270881045                                                    
a_ia   95   99                                                      0.00102531311278313366                                                    
a_ia   24   28                                                     -0.03120370060463343448                                                    
a_ia   31   35                                                     -0.00920912829171638241                                                    
op     31   37   95  101   37   31   95  101                       -0.01294009363247666800                                                    
mvp2   24   32   90   96   32   24   90   96                       -0.04029429790774394227   -0.06389978279241020909                          
a_ia   28   29                                                      0.22394343414730377706                                                    
mvp2   24   32   89   97   32   24   89   97                        0.03424079283938193108   -0.14232727825354785089                          
a_ia   96   97                                                      0.09248638575873019407                                                    
a_ia   88   89                                                     -0.15336925322663785831                                                    
mvp2   28   34   89   97   34   28   89   97                        0.04609562419458272664   -0.70435977404844696270                          
a_ia   89   97                                                      0.00260936614699530060                                                    
mvp2   25   33   89   97   33   25   89   97                       -0.03549158947258286567   -0.91690092996634731115                          
a_ia   33   34                                                      0.03443125142984555104                                                    
a_ia   25   28                                                      0.11156579038312214314                                                    
mvp2   27   34   89   97   34   27   89   97                        0.02480021940717891046    0.10308882134257671415                          
a_ia   24   27                                                      0.16118098188225574163                                                    
mvp2   25   33   90   97   33   25   90   97                        0.00049610951107537321    0.02812196949781470973                          
mvp3   25   33   27   34   25   27   34   33   25   27   33   34    0.03344722891889874428   -0.03800532320063930436    0.35944313662655141828
mvp2   27   34   90   97   34   27   90   97                        0.00166464114803073168   -0.04533757704008813116                          
mvp2   31   36   89   97   36   31   89   97                       -0.03928890441570635772   -0.40501507769680117343                          
a_ia   89   91                                                      0.06355223418221192522                                                    
a_ia   31   36                                                     -0.01080774089942956352                                                    
mvp2   25   32   88   96   32   25   88   96                       -0.00069089353341975166    0.12550117655486128787                          
a_ia   25   32                                                      0.00224818858004254950                                                    
a_ia   32   34                                                     -0.01139514112014160079                                                    
mvp3   26   33   28   34   26   28   34   33   26   28   33   34    0.00085814149491054200    0.07274888852146790819    0.98383604704288885046
mvp2   26   32   88   96   32   26   88   96                       -0.00484338309779873497    0.00695189450989048587                          
a_ia   90   96                                                      0.01051404109305010062                                                    
mvp2   25   36   92   98   36   25   92   98                        0.03878836901467561105    0.62325541227720260284                          
a_ia   30   31                                                     -0.15678211677821585202                                                    
op     25   36   91   98   36   25   91   98                        0.03827102873937322097                                                    
a_ia   25   36                                                     -0.05172446586906079974                                                    
mvp2   25   36   89  100   36   25   89  100                       -0.04097913526700378700    0.76973378053907759444                          
a_ia   98  100                                                      0.00667954956983621805                                                    
a_ia   26   32                                                      0.00129798513228908071                                                    
mvp2   25   35   92   98   35   25   92   98                        0.00083909530226485896    0.05219201127193088402                          
a_ia   94   95                                                     -0.09903308630785030708                                                    
a_ia   31   35                                                     -0.00540331444540256226                                                    
mvp2   25   33   95  100   33   25   95  100                       -0.05435133547313480973    0.97656707513591545222                          
a_ia   25   33                                                      0.04163306440379443280                                                    
mvp2   25   36   95   97   36   25   95   97                       -0.04951925130383644930    0.61749207595801702819                          
mvp2   26   35   95  100   35   26   95  100                        0.00144971801114885269   -0.07760368510389004104                          
a_ia   25   36                                                      0.02929615649972067484                                                    
a_ia   25   35                                                      0.00606908274448013894                                                    
a_ia   95  100                                                     -0.03177765387213049575                                                    
a_ia   26   35                                                     -0.00511114280833332296                                                    
a_ia   25   26                                                      0.51790989011246202356                                                    
mvp2   26   35   90   99   35   26   90   99                       -0.03175562378028570776    1.09146888998718050168                          
a_ia   90   95                                                      0.14311184778731156353                                                    
mvp2   25   36   89   99   36   25   89   99                       -0.00196736739007577878    0.50652302371946733572                          
mvp2   25   35   90  100   35   25   90  100                        0.00118975753390343432    0.70453534408972773306                          
a_ia   98   99                                                     -0.12803068570346148869                                                    
mvp2   26   36   89   99   36   26   89   99                        0.00058152609200500145   -0.15337448156117605702                          
mvp2   26   33   90  100   33   26   90  100                       -0.00166879093381678374    0.35358750534278848843                          
a_ia   35   36                                                     -0.36104533717548964455                                                    
a_ia   98  102                                                      0.25387868417093445439                                                    
a_ia   98  101                                                     -0.18523605523357633551                                                    
a_ia   95   97                                                     -0.03417007097580973540                                                    
a_ia   98  103                                                     -0.08212398182780365763                                                    
mvp2   24   32   83   97   32   24   83   97                       -0.03154546632884520224    0.15698522937272355038                          
a_ia   83   97                                                      0.00289247997760344990                                                    
a_ia   32   34                                                      0.42397521188096054523                                                    
a_ia   83   88                                                      0.15243740933589289277                                                    
a_ia   91   95                                                     -0.11212333021175743819                                                    
mvp3   24   32   28   34   24   28   34   32   24   28   32   34   -0.02636051728788513931    0.09103442097428007806    0.00013717161013326979
mvp2   31   33   89  100   33   31   89  100                       -0.04108859574457586483   -0.44943826617117227373                          
mvp2   26   36   90  100   36   26   90  100                        0.00207604591599697304   -0.10084427511466063920                          
a_ia   25   31                                                     -0.18207211056269187455                                                    
mvp2   24   32   87   97   32   24   87   97                       -0.01607228643142956728    0.09949150311866034047                          
mvp3   19   32   24   33   19   24   33   32   19   24   32   33    0.01665863067449642812    0.65310991909926940924   -0.20224055216765729481
a_ia   19   32                                                      0.00115202515381306048                                                    
a_ia   19   24                                                      0.08676536701951234609                                                    
a_ia   19   33                                                      0.00043608300574259843                                                    
mvp2   26   35   95  100   35   26   95  100                       -0.01867970671078053244   -0.09805235076331644817                          
a_ia   90   91                                                     -0.08635709881375520924                                                    
a_ia   83   96                                                     -0.00201222458122471762                                                    
op     17   33   81   97   33   17   81   97                       -0.00664913242421165049                                                    
a_ia   81   97                                                      0.04479899232097257766                                                    
a_ia   17   33                                                      0.00447088808999974389                                                    
mvp2   24   32   81   97   32   24   81   97                       -0.03452651354825059249    0.24421410841290558391                          
a_ia   23   33                                                      0.00478774362097683388                                                    
mvp2   17   32   24   33   17   24   32   33                        0.02094341134267914059   -0.29217304241411906629                          
a_ia   32   33                                                      0.14105488766994325744                                                    
a_ia   17   32                                                     -0.00220001246304583941                                                    
mvp3   23   32   24   33   23   24   33   32   23   24   32   33    0.01546795073080670102    0.70458170742336589942   -0.21728177348100907729
a_ia   87   97                                                      0.00083348295431903750                                                    
mvp2   26   35   87   99   35   26   87   99                       -0.01886833769979669867    0.10493575060772632190                          
a_ia   99  100                                                     -0.14961825499125086525                                                    
a_ia   90   95                                                     -0.36554177091639339370                                                    
mvp2   26   36   95   99   36   26   95   99                       -0.00105262652381047815   -0.07897209773271123001                          
mvp2   31   35   95   99   35   31   95   99                       -0.00857992150810131526   -0.06336397642265030605                          
mvp2   31   36   95  100   36   31   95  100                       -0.02099486806687143881   -0.42613652275238633749                          
a_ia   95  100                                                     -0.04397352251078990443                                                    
mvp2   31   35   90  100   35   31   90  100                       -0.00018724899115386335   -0.52293891190199059960                          
a_ia   87   96                                                     -0.00134892725763953968                                                    
a_ia   96   99                                                     -0.15493196436439513053                                                    
a_ia   89   95                                                     -0.19757843290520302193                                                    
mvp2   31   35   90   99   35   31   90   99                        0.00795829457187525145   -0.01993985564246465378                          
a_ia   89   92                                                      0.11984422366260924497                                                    
mvp2   26   35   83   99   35   26   83   99                       -0.01163064200180647691    0.12189000355397605624                          
a_ia   87   88                                                      0.07754335312838801786                                                    
a_ia   88   91                                                      0.14676229168103768763                                                    
a_ia   83   99                                                      0.00017994855781026768                                                    
a_ia   83  100                                                     -0.00452671395298646917                                                    
mvp2   24   38   88   96   38   24   88   96                       -0.00900427952260577508   -0.09104755038346341867                          
a_ia   34   38                                                      0.25745347766102111287                                                    
a_ia   34   35                                                     -0.14215468003443360034                                                    
a_ia   24   38                                                     -0.00564669132963357100                                                    
a_ia   87   91                                                     -0.04440224327202068472                                                    
a_ia   24   26                                                      0.19451979245066297608                                                    
a_ia   24   34                                                     -0.01218688346213621723                                                    
mvp2   23   35   90   99   35   23   90   99                       -0.02316638591684867104   -0.29393568816104620467                          
a_ia   31   34                                                     -0.00182054802142949551                                                    
om     23   35   87   99   35   23   87   99                       -0.01672546153903201743                                                    
a_ia   24   31                                                      0.03971526565295838834                                                    
a_ia   26   31                                                     -0.21829679717686575890                                                    
a_ia   24   25                                                     -0.32830525660962095458                                                    
a_ia   32   33                                                     -0.01017488053655496612                                                    
a_ia   23   35                                                     -0.00219493425039836345                                                    
mvp2   17   35   87   99   35   17   87   99                        0.01272401182866491655   -0.40586616581988282926                          
a_ia   17   35                                                      0.00075609138413851025                                                    
a_ia   17   36                                                      0.00325768894135444482                                                    
a_ia   17   25                                                     -0.41485466789105507335                                                    
a_ia   17   24                                                     -0.17700218396671169030                                                    
mvp2   17   36   95  100   36   17   95  100                       -0.00186249492367313789   -0.09466519280819096771                          
a_ia   25   36                                                      0.00302771352471088457                                                    
mvp2   17   35   90   99   35   17   90   99                        0.02336127227441620741   -0.12827670268883623050                          
mvp2   17   35   90  100   35   17   90  100                       -0.00495304890574838758    0.12190716707488002957                          
a_ia   83   95                                                      0.07143485878167622760                                                    
mvp2   31   35   90   97   35   31   90   97                       -0.00642663169739091360   -0.01384414881534148586                          
a_ia   97   99                                                      0.21312182602811988175                                                    
a_ia   17   31                                                      0.26873575688132889105                                                    
a_ia   90   97                                                      0.01384769160183336664                                                    
a_ia   97  100                                                     -0.07040470616847840923                                                    
mvp2   31   36   95   97   36   31   95   97                        0.01352408895502169549   -0.00104853170655219404                          
mvp2   31   36   90   97   36   31   90   97                       -0.00275434038331848685    0.05710991718142183898                          
mvp2   31   36   81   97   36   31   81   97                       -0.00407989610961679607    0.11767458716507603333                          
a_ia   81   99                                                     -0.00622803537153402385                                                    
a_ia   81  100                                                      0.01326146328430128848                                                    
mvp2   17   36   81  100   36   17   81  100                       -0.00412030105373512555    0.22670060933802282932                          
a_ia   17   36                                                      0.01789048495520216206                                                    
a_ia   95  100                                                      0.05046916048363435381                                                    
mvp2   17   35   81   99   35   17   81   99                       -0.01341512735987231315    0.17039555623449964550                          
a_ia   22   33                                                     -0.00200115217501487409                                                    
mvp2   26   35   81   99   35   26   81   99                        0.01757533523550200427   -0.14509263855296747336                          
om     26   36   81   99   36   26   81   99                       -0.00293929071618604515                                                    
mvp2   23   35   81   99   35   23   81   99                        0.01550080183375197700    0.11644390646228441888                          
mvp2   17   36   81   97   36   17   81   97                        0.00567615332561057038    0.34206577343862348828                          
a_ia   81   99                                                     -0.00113054078179230773                                                    
a_ia   91   93                                                      0.20876850919247022520                                                    
a_ia   88   93                                                     -0.08884031079397143593                                                    
a_ia   98  106                                                     -0.09964452899176078071                                                    
a_ia   98  107                                                     -0.03728040703794441996                                                    
mvp2   31   36   81  100   36   31   81  100                       -0.00040595411387587768    0.20511499197672516948                          
mvp2   31   36   81   99   36   31   81   99                        0.00596090513838320058    0.04799827724356358488                          
mvp2   31   36   93  100   36   31   93  100                        0.00082518636519541134   -0.04685322274497942530                          
a_ia   99  100                                                     -0.42689138086870442867                                                    
a_ia   35   36                                                     -0.26980946735867572528                                                    
a_ia   91   96                                                      0.00603923582826369505                                                    
mvp2   19   36   88   96   36   19   88   96                        0.00848309892627790822    0.07771037539425437735                          
a_ia   19   36                                                     -0.01633554809493849985                                                    
a_ia   36   38                                                     -0.08248057833143272732                                                    
a_ia   28   32                                                      0.00399448293104776204                                                    
a_ia   23   36                                                     -0.00301709135271736092                                                    
mvp2   21   32   88   96   32   21   88   96                       -0.01488168723804611342   -0.09335318471682875485                          
mvp2   20   32   88   96   32   20   88   96                       -0.01342208231135226700   -0.08156781886267484849                          
a_ia   22   28                                                     -0.10024235356090002713                                                    
op     17   35   83   99   35   17   83   99                        0.00745376671408571820                                                    
mvp2   31   35   81   99   35   31   81   99                       -0.00863819844115320569   -0.19480338992437143397                          
mvp2   17   35   95   99   35   17   95   99                       -0.00720915275619919346   -0.03290056794211814600                          
a_ia   81   95                                                      0.25844233915929903933                                                    
a_ia   81   97                                                     -0.03960634516038488706                                                    
a_ia   95   99                                                      0.00634681838309879287                                                    
a_ia   93   95                                                      0.25783624000214400152                                                    
a_ia   89   90                                                      0.32991123283573015046                                                    
a_ia   90   92                                                     -0.07178994535611218919                                                    
a_ia   81   89                                                     -0.35687017934317738499                                                    
a_ia   90   94                                                      0.15888274298088092551                                                    
a_ia   98  109                                                     -0.07161817869789292856                                                    
a_ia   98  110                                                      0.07090746507556799916                                                    
a_ia   98  112                                                      0.11328408088836211531                                                    
a_ia   95   97                                                      0.00060257040461344862                                                    
a_ia   81   97                                                      0.00036600422592828234                                                    
a_ia   89   97                                                      0.01534325703387522284                                                    
mvp2   14   32   88   96   32   14   88   96                        0.01468261731126349438    0.09445059397262053902                          
a_ia   14   32                                                     -0.00035670932115529125                                                    
a_ia   20   27                                                     -0.06641069486510470243                                                    
a_ia   85   88                                                     -0.15246452422085346456                                                    
a_ia   84   88                                                     -0.15749601195579837620                                                    
a_ia   16   33                                                     -0.00154430053516568929                                                    
op      8   32   72   96   32    8   72   96                       -0.01362240958236220906                                                    
a_ia   15   32                                                      0.00136204635426006096                                                    
a_ia   14   28                                                     -0.10605894149834629858                                                    
op      8   33   72   97   33    8   72   97                       -0.01321154652691367004                                                    
a_ia   78   96                                                     -0.00082910676031951484                                                    
a_ia   16   29                                                     -0.72625691177731543924                                                    
a_ia   88   97                                                     -0.00383121067299747962                                                    
a_ia   77   96                                                     -0.01460048642882237450                                                    
a_ia   81   92                                                     -0.04394332835938896675                                                    
mvp2   31   35   89  100   35   31   89  100                       -0.01191627501446375706    0.13163208301583148585                          
a_ia   89   99                                                      0.03381153226682030721                                                    
a_ia   98  111                                                     -0.02177468031072235868                                                    
a_ia   98  113                                                      0.03634874873366368553                                                    
a_ia   98  114                                                      0.04238331795296255977                                                    
a_ia   98  116                                                     -0.05597800061502722357                                                    
a_ia   98  115                                                      0.03239607137009851978                                                    
a_ia   98  118                                                      0.04518117830396524426                                                    
a_ia   98  119                                                     -0.03327908708546391259                                                    
a_ia   98  120                                                      0.02537633023376106162                                                    
op      8   38   72  102   38    8   72  102                       -0.00668798266331612021                                                    
a_ia   72  102                                                     -0.00237652469000803257                                                    
a_ia    8   38                                                     -0.00193758905706304524                                                    
a_ia    8   34                                                      0.00405189487677828832                                                    
mvp2   31   36   72  102   36   31   72  102                       -0.00988040005921075187    0.11433722936622546518                          
mvp2    8   36   31   38    8   31   36   38                        0.00782474340540035077   -0.12649156412863676868                          
a_ia    8   36                                                     -0.00076533405094610422                                                    
a_ia  100  102                                                     -0.03645923324905962076                                                    
a_ia   72   91                                                     -0.07010154184983874437                                                    
a_ia   83   99                                                     -0.00331691717476766904                                                    
a_ia   19   31                                                      0.10257888217474453452                                                    
a_ia   19   36                                                      0.01427461876079910708                                                    
a_ia   21   38                                                      0.00257044320543640611                                                    
a_ia   21   36                                                     -0.00123819891831937132                                                    
mvp2   31   36   86   97   36   31   86   97                        0.01327815623320868429   -0.14860377418101289315                          
a_ia   19   34                                                      0.00067944509461652142                                                    
a_ia   27   31                                                     -0.08085054121854982900                                                    
a_ia   14   36                                                     -0.00198720283602402256                                                    
a_ia   22   36                                                      0.00509848528321013052                                                    
a_ia   80   88                                                      0.13677275676862052367                                                    
a_ia   80   97                                                     -0.00208002148129425796                                                    
mvp2   13   32   88   96   32   13   88   96                       -0.00927378729069524253   -0.07922736082856306206                          
a_ia   79   88                                                     -0.08922190576498989500                                                    
a_ia   78   88                                                      0.18091219219032375620                                                    
a_ia   78   96                                                      0.00231116994663648932                                                    
a_ia   82   88                                                      0.07273924405314308173                                                    
mvp2   16   32   88   96   32   16   88   96                        0.00795319256706079371    0.07742578215198347991                          
a_ia   77   88                                                     -0.12581138565891969439                                                    
a_ia   77   96                                                      0.01347563229478364495                                                    
a_ia   18   33                                                     -0.00173247090527588730                                                    
a_ia   18   28                                                     -0.08321385060282167345                                                    
a_ia   80   91                                                     -0.16920377776299921901                                                    
a_ia   29   31                                                      0.25117288537233806167                                                    
a_ia   89  100                                                      0.02361762266952140490                                                    
op      2   61   66  125   61    2   66  125                       -0.01050002525444677752                                                    
op     21   61   66  125   61   21   66  125                       -0.00603596401632638772                                                    
a_ia   21   61                                                     -0.02196987787729532543                                                    
a_ia   66  102                                                      0.00295875970492033178                                                    
op      2   61   66  102   61    2   66  102                        0.00409875133469805863                                                    
op      2   37   66  125   37    2   66  125                       -0.00293882074858378998                                                    
a_ia    2   37                                                     -0.00462482545119650458                                                    
op      2   61   66  101   61    2   66  101                       -0.00593866119073688595                                                    
a_ia   66  101                                                     -0.00182415158880842193                                                    
a_ia   83  101                                                      0.00158185042635315752                                                    
om      2   37   66  101   37    2   66  101                       -0.00356500419554623511                                                    
a_ia   99  102                                                     -0.11608190218531844184                                                    
op      2   38   66  125   38    2   66  125                        0.00423168123745807853                                                    
a_ia    2   38                                                      0.00303127244160865221                                                    
mvp2    2   61   89   99   61    2   89   99                        0.01252250984829392233    0.52186509187234975116                          
mvp2   66   99   89  125   66   89   99  125                       -0.01130845359034623673    0.55100616630816001695                          
mvp2   21   61   89   99   61   21   89   99                        0.00719830521313023341    0.44372735102744753632                          
a_ia   21   61                                                      0.01896543691693810749                                                    
mvp2    2   61   66  103   61    2   66  103                        0.00512125478051429078   -0.41458561942954613722                          
a_ia   66  103                                                     -0.00411297312033867025                                                    
mvp2    2   39   66  125   39    2   66  125                        0.00515439152228131230    0.68814977988339620651                          
a_ia    2   39                                                      0.00615939546531389225                                                    
om      2   39   66  103   39    2   66  103                       -0.00350401527182298738                                                    
a_ia   24   39                                                     -0.00186119682876203108                                                    
mvp2    2   39   66  101   39    2   66  101                        0.00355990956863234866   -1.06650193051325281601                          
a_ia   66  101                                                      0.00544683571508518434                                                    
a_ia   34   37                                                     -0.18541650378384291753                                                    
a_ia   19   35                                                     -0.00129132172929430160                                                    
a_ia   20   28                                                      0.12265244300867256255                                                    
a_ia   92  104                                                      0.00240773340318556480                                                    
mvp2    2   37   66  103   37    2   66  103                        0.00266583650263484866    0.64168634485538467160                          
a_ia   66  103                                                      0.00708295116089774270                                                    
a_ia   34   61                                                     -0.06600908512760055025                                                    
a_ia   83   99                                                      0.00152918575312894524                                                    
a_ia   37   61                                                     -0.21657591169888237848                                                    
a_ia   89  102                                                      0.00121498039394539307                                                    
a_ia   19   23                                                     -0.32455647318442709670                                                    
mvp2    2   61   85  125   61    2   85  125                       -0.00647370484828940253    0.71380627946749974910                          
