op     27   28   83   84   28   27   83   84                       -0.02895524027945469217                                                    
a_ia   26   32                                                      0.03649905921867670905                                                    
a_ia   26   31                                                      0.00711334763433514160                                                    
a_ia   82   88                                                      0.04657746643283545984                                                    
om     26   32   82   88   32   26   82   88                       -0.05863203829483639579                                                    
op     24   29   80   85   29   24   80   85                       -0.07627489203372543602                                                    
a_ia   80   85                                                     -0.00023329354579710730                                                    
op     23   28   79   84   28   23   79   84                       -0.03356268979180266482                                                    
a_ia   84   85                                                     -0.10752974589951018458                                                    
a_ia   26   30                                                      0.01002507336065893394                                                    
a_ia   82   90                                                      0.00615502913635347735                                                    
a_ia   82   91                                                     -0.00622470202962546043                                                    
a_ia   26   34                                                      0.00604702409945198638                                                    
a_ia   26   35                                                     -0.00613592735454001389                                                    
op     26   39   82   95   39   26   82   95                       -0.01604834274013288223                                                    
a_ia   26   37                                                      0.00653473210525732685                                                    
op     26   38   82   95   38   26   82   95                        0.01325963204959202356                                                    
a_ia   82   95                                                     -0.00396731195298840982                                                    
a_ia   26   38                                                      0.00552784036827077239                                                    
a_ia   26   39                                                     -0.00334801008766016017                                                    
a_ia   82   92                                                      0.00309766385823103622                                                    
om     26   39   82   94   39   26   82   94                        0.01271657384412367212                                                    
a_ia   82   94                                                      0.00463277179681290899                                                    
op     26   38   82   94   38   26   82   94                       -0.01318635956064347081                                                    
op     25   28   81   84   28   25   81   84                       -0.01477071461427740054                                                    
a_ia   80   84                                                     -0.00225078932829967087                                                    
a_ia   80   88                                                      0.02224219021553317313                                                    
op     24   29   76   85   29   24   76   85                       -0.00266893475901421474                                                    
op     26   40   82   96   40   26   82   96                       -0.00644364206950353256                                                    
a_ia   82   96                                                     -0.00159548177839656351                                                    
a_ia   26   40                                                     -0.00508048915580143305                                                    
a_ia   82   97                                                     -0.00406279746007328843                                                    
a_ia   26   41                                                     -0.00431317941656992037                                                    
om     24   37   80   93   37   24   80   93                       -0.03612313870727958814                                                    
a_ia   24   32                                                      0.00767967528618975371                                                    
a_ia   24   37                                                     -0.00325036120512638138                                                    
a_ia   80   93                                                     -0.00749488471888391100                                                    
op     24   33   80   89   33   24   80   89                       -0.00452988542240547690                                                    
a_ia   32   37                                                     -0.14135534104102179254                                                    
om     26   39   82   96   39   26   82   96                        0.00833039602604895152                                                    
op     26   40   82   95   40   26   82   95                        0.00752291813954932172                                                    
op     24   37   80   85   37   24   80   85                       -0.02389757579026768192                                                    
a_ia   24   31                                                      0.00334703548627825545                                                    
a_ia   80   87                                                      0.00311330280946740421                                                    
a_ia   85   86                                                     -0.21767934674388916827                                                    
op     24   29   80   93   29   24   80   93                       -0.03581875890205259844                                                    
a_ia   80   86                                                      0.00442468740081213181                                                    
op     27   29   83   85   29   27   83   85                       -0.01145129295572936898                                                    
op     27   37   83   93   37   27   83   93                       -0.00773204859912939371                                                    
a_ia   83   93                                                      0.00157246095344164283                                                    
op     23   28   81   84   28   23   81   84                        0.01658100100687827372                                                    
a_ia   25   28                                                     -0.00491092619364860618                                                    
om     20   29   80   85   29   20   80   85                       -0.00360181100204653385                                                    
mvp2   20   37   80   93   37   20   80   93                        0.00005698511903231332   -0.02555418286713515355                          
a_ia   28   29                                                     -0.33541237974112997344                                                    
a_ia   84   85                                                     -0.19485432559627202664                                                    
a_ia   20   37                                                     -0.00118754495665767236                                                    
mvp2   27   37   80   93   37   27   80   93                        0.01129759747183743841    0.09844633694748344821                          
mvp2   26   38   82   88   38   26   82   88                       -0.01631985228695335272   -0.03351756394472349410                          
mvp2   26   39   82   88   39   26   82   88                        0.01491834369492321677    0.04045345748626193172                          
a_ia   26   36                                                      0.00156790285366916566                                                    
a_ia   81   84                                                     -0.00389230101156232350                                                    
a_ia   81   85                                                      0.00291334498449708195                                                    
mvp2   26   32   82   95   32   26   82   95                        0.01485147991936608923   -0.03704046181891904044                          
mvp2   26   32   82   94   32   26   82   94                       -0.01468426520627946937    0.04241406602494154909                          
a_ia   26   32                                                      0.01289646287424050033                                                    
op     18   28   74   84   28   18   74   84                       -0.01162092374760879780                                                    
a_ia   22   28                                                      0.00153091898189270173                                                    
a_ia   74   84                                                      0.00002247293597411627                                                    
op     23   28   74   84   28   23   74   84                       -0.01455702332359575316                                                    
a_ia   23   28                                                      0.00512546133830842163                                                    
mvp2   24   37   76   93   37   24   76   93                        0.00004362425592844489    0.04114088346746417463                          
a_ia   76   93                                                      0.00021265731691424134                                                    
a_ia   76   80                                                     -0.34522662385884206326                                                    
a_ia   20   24                                                     -0.34253531860790836783                                                    
op     26   40   82   94   40   26   82   94                       -0.00505673862811193385                                                    
om     24   37   83   93   37   24   83   93                        0.00713056771105303241                                                    
op     22   35   78   91   35   22   78   91                       -0.01550625530883331313                                                    
a_ia   78   91                                                     -0.00275259861964259394                                                    
a_ia   22   35                                                     -0.00286006927310230490                                                    
a_ia   22   37                                                      0.00059645099905361511                                                    
a_ia   20   35                                                     -0.00306037958490589521                                                    
op     22   36   78   92   36   22   78   92                       -0.01550670460883174333                                                    
a_ia   78   92                                                      0.00317704578436712104                                                    
a_ia   22   36                                                      0.00358124117410140623                                                    
a_ia   24   35                                                     -0.00229252147724696596                                                    
op     22   33   78   89   33   22   78   89                       -0.00766897294612522290                                                    
a_ia   22   33                                                     -0.00283502195505686916                                                    
om     20   35   76   91   35   20   76   91                       -0.00768548205405762165                                                    
a_ia   76   91                                                     -0.00304714666516908879                                                    
om     22   34   78   90   34   22   78   90                       -0.01029284446656724902                                                    
a_ia   22   34                                                     -0.00350625407497780423                                                    
a_ia   22   32                                                     -0.00698294310116120455                                                    
a_ia   78   90                                                     -0.00353756423329284770                                                    
a_ia   78   88                                                     -0.00712170269819993856                                                    
op     22   45   78  101   45   22   78  101                       -0.00947833716637456331                                                    
a_ia   22   45                                                      0.00206915883322203930                                                    
a_ia   78  101                                                      0.00203416122831570753                                                    
op     22   42   78   98   42   22   78   98                       -0.00536707037938541614                                                    
op     22   42   78  101   42   22   78  101                       -0.00439737763853452653                                                    
op     22   44   78  100   44   22   78  100                       -0.00510300683332164801                                                    
a_ia   78  100                                                      0.00230767435671813247                                                    
a_ia   22   44                                                      0.00236591931766101876                                                    
op     22   49   78  105   49   22   78  105                       -0.00572033710776796191                                                    
op     22   49   78  102   49   22   78  102                       -0.00334930121756039012                                                    
op     22   47   78  103   47   22   78  103                       -0.00432501212125206268                                                    
op     22   46   78  102   46   22   78  102                       -0.00413112210707817888                                                    
op     22   47   78  102   47   22   78  102                        0.00230173690093446719                                                    
op     22   48   78  104   48   22   78  104                       -0.00375978102724210637                                                    
a_ia   22   47                                                      0.00071097573303111647                                                    
op     27   28   80   93   28   27   80   93                       -0.02345421010726448860                                                    
a_ia   27   28                                                      0.00101001888337821704                                                    
op     22   46   78  105   46   22   78  105                       -0.00342730929820757183                                                    
op     21   35   77   91   35   21   77   91                       -0.01182364475694176222                                                    
a_ia   77   91                                                     -0.00444392121823572721                                                    
a_ia   21   35                                                     -0.00475569231897353568                                                    
a_ia   77   80                                                     -0.14316557533151583192                                                    
a_ia   80   91                                                     -0.00251118815026779877                                                    
a_ia   23   25                                                     -0.33545690945948197781                                                    
op     22   51   78  107   51   22   78  107                       -0.00247877273200833130                                                    
op     22   48   78  105   48   22   78  105                        0.00167861918161195519                                                    
op     21   35   76   91   35   21   76   91                       -0.00622394647917089844                                                    
mvp3   24   37   27   38   24   27   38   37   24   27   37   38   -0.01556148537923005525    0.47321788597294750511    0.32062800684744946489
a_ia   24   38                                                      0.00214911822111525392                                                    
mvp2   27   38   83   94   38   27   83   94                       -0.00939030431501691396    0.73673363598259955509                          
mvp3   24   28   27   37   24   27   37   28   24   27   28   37    0.01406180156442490663   -0.04239553367665494649   -0.02906332706133673074
a_ia   24   28                                                     -0.00511825157939410202                                                    
a_ia   20   28                                                     -0.00194183762630675415                                                    
a_ia   82  101                                                     -0.00182855343692089173                                                    
a_ia   82   98                                                      0.00177368048413876242                                                    
a_ia   82  100                                                      0.00177215434753616734                                                    
a_ia   82  102                                                     -0.00315891302647535333                                                    
a_ia   82   99                                                      0.00118525044524524681                                                    
a_ia   82  107                                                      0.00390523019158639257                                                    
a_ia   82  104                                                      0.00174737035531681486                                                    
a_ia   82  108                                                      0.00348697576705207660                                                    
a_ia   82  109                                                     -0.00156125185702390154                                                    
a_ia   82  110                                                      0.00203941983036990196                                                    
a_ia   22   48                                                     -0.00026667674600197865                                                    
a_ia   26   45                                                     -0.00154479266390694647                                                    
a_ia   26   42                                                      0.00136664572099508275                                                    
a_ia   26   44                                                      0.00164117515186148772                                                    
a_ia   24   29                                                      0.00327346515798888297                                                    
mvp3   24   28   27   29   24   27   29   28   24   27   28   29    0.01002538124309121197   -0.14565991912443976286    0.21946700164581034453
a_ia   76   85                                                     -0.00137122775564583761                                                    
mvp2   27   28   83   94   28   27   83   94                       -0.01302672139608229349    0.09616573494165969738                          
a_ia   79   94                                                      0.00157340007048877321                                                    
a_ia   83   94                                                      0.00040237744418261440                                                    
a_ia   26   51                                                      0.00388014875981226772                                                    
a_ia   26   52                                                      0.00323876803060402533                                                    
a_ia   26   53                                                     -0.00151077211596007711                                                    
a_ia   26   54                                                      0.00208539225564080685                                                    
op     16   35   72   91   35   16   72   91                       -0.00752379099369529427                                                    
a_ia   72   91                                                     -0.00420034639105448804                                                    
a_ia   16   35                                                     -0.00412103983473164747                                                    
a_ia   72   84                                                     -0.00143149417058379509                                                    
a_ia   23   35                                                     -0.00016376710105846739                                                    
a_ia   74   91                                                     -0.00147151689653903179                                                    
mvp2   21   37   80   93   37   21   80   93                       -0.00577290800072578249   -0.10004178880412918640                          
op     21   35   72   91   35   21   72   91                       -0.00659338791840018666                                                    
op     16   35   77   91   35   16   77   91                       -0.00601319882299386054                                                    
a_ia   81   93                                                      0.00081898728740609434                                                    
a_ia   80   81                                                     -0.04539282734374030376                                                    
a_ia   21   23                                                     -0.22109367676156752025                                                    
a_ia   79   86                                                      0.00026819667402131685                                                    
a_ia   32   40                                                      0.08300081563641982518                                                    
mvp2   25   37   80   93   37   25   80   93                        0.00504314705714325757    0.12484361985603668888                          
mvp2   80   84   83   93   80   83   84   93                        0.01285300827523336818    0.40671024045786902112                          
a_ia   83   84                                                     -0.00287122781107199609                                                    
a_ia   84   93                                                     -0.11284270710704757956                                                    
a_ia   27   28                                                     -0.00886520026180709700                                                    
mvp3   80   84   83   85   80   83   85   84   80   83   84   85    0.00879898271168402628   -0.17309920573812964673    0.07278547711759562888
a_ia   83   85                                                      0.00374862930392824180                                                    
op     13   36   69   92   36   13   69   92                       -0.01678361907264345337                                                    
a_ia   69   92                                                     -0.00298223456787765837                                                    
a_ia   13   36                                                     -0.00272729491868405971                                                    
om     13   36   80   92   36   13   80   92                        0.00441893106094586475                                                    
a_ia   80   92                                                      0.00122618674098544335                                                    
a_ia   69   80                                                     -0.22100091086340789559                                                    
op     24   36   80   92   36   24   80   92                       -0.00625029321986266678                                                    
op     24   36   69   92   36   24   69   92                        0.00310401084165974400                                                    
a_ia   24   36                                                      0.00047704699959592986                                                    
a_ia   13   24                                                     -0.21387652267731735445                                                    
op     13   31   69   87   31   13   69   87                       -0.01174007419359031877                                                    
a_ia   92   93                                                      0.07927312601704357420                                                    
om     16   31   72   87   31   16   72   87                       -0.01348740557459633498                                                    
a_ia   72   87                                                      0.00187562958183465161                                                    
a_ia   18   35                                                     -0.00158467743609938950                                                    
om     16   31   69   87   31   16   69   87                        0.01023616024345708544                                                    
op     13   31   72   87   31   13   72   87                        0.01026671869617263276                                                    
op     11   32   67   88   32   11   67   88                       -0.01942168792472168462                                                    
a_ia   67   88                                                     -0.00307539040020959799                                                    
a_ia   11   32                                                     -0.00292533223813005528                                                    
a_ia   72   88                                                      0.00760207001940296345                                                    
a_ia   16   32                                                      0.00735392669587542607                                                    
a_ia   69   88                                                     -0.00409287251525835855                                                    
om     24   32   80   88   32   24   80   88                       -0.00815721554262229670                                                    
a_ia   24   32                                                      0.00708970721063832080                                                    
op     11   32   69   88   32   11   69   88                        0.00571499469402604598                                                    
a_ia   67   87                                                     -0.00143382348080014002                                                    
a_ia   81   88                                                      0.00649495389043178769                                                    
a_ia   76   88                                                     -0.00522473723206954774                                                    
a_ia   33   38                                                      0.22700372400795709726                                                    
op      8   35   64   91   35    8   64   91                       -0.00604157541659695440                                                    
a_ia   64   91                                                     -0.00156957335246448934                                                    
a_ia    8   35                                                     -0.00146784203502589345                                                    
a_ia   68   91                                                      0.00165282088521356667                                                    
op      6   35   62   91   35    6   62   91                       -0.00617166807660452909                                                    
a_ia   12   35                                                      0.00182397869843194116                                                    
a_ia   14   35                                                      0.00101293041002145385                                                    
a_ia    8   32                                                      0.00953495144259393530                                                    
a_ia    8   24                                                     -0.12391154834721630762                                                    
a_ia   24   32                                                      0.00647923173833381705                                                    
a_ia    8   36                                                      0.00130707968615593377                                                    
a_ia    8   37                                                     -0.00166019545543332489                                                    
a_ia    6   32                                                     -0.01164629662651645720                                                    
a_ia   83   84                                                     -0.00100410367006701089                                                    
a_ia    6   37                                                      0.00211970621092893476                                                    
a_ia    6   28                                                      0.00360335409175976994                                                    
a_ia    6   29                                                     -0.00092658249786758279                                                    
a_ia    6   38                                                     -0.00269059127627475176                                                    
a_ia    6   34                                                     -0.00143148548849757564                                                    
a_ia    6   39                                                      0.00216416216530657081                                                    
a_ia    6   30                                                     -0.00210236804023683846                                                    
a_ia    8   28                                                     -0.00300798920106254810                                                    
a_ia    8   29                                                      0.00054728290169108915                                                    
op      2   35   58   91   35    2   58   91                       -0.00524291992424040943                                                    
a_ia   60   91                                                     -0.00244939037260481903                                                    
a_ia    4   35                                                     -0.00265341703627954483                                                    
op      4   35   60   91   35    4   60   91                       -0.00346722160813089280                                                    
op      2   35   62   91   35    2   62   91                        0.00367003314080417567                                                    
a_ia    6   45                                                      0.00037292563365961444                                                    
mvp2   27   40   83   94   40   27   83   94                        0.00696171209504043050    0.51789619447970269839                          
a_ia   27   40                                                      0.00259251179255476274                                                    
mvp2   27   40   83   96   40   27   83   96                       -0.00887167045662620724    0.78461055915020661011                          
mvp2   27   38   83   96   38   27   83   96                        0.00628191948023730518   -0.13230554644875752723                          
a_ia   84   88                                                      0.14113890609044249524                                                    
a_ia   79   96                                                     -0.00147183359525090225                                                    
a_ia    8   38                                                      0.00125360603630723737                                                    
mvp2   27   40   79   96   40   27   79   96                        0.00388973936717965747   -0.11862094871930731199                          
a_ia   28   29                                                     -0.03384000325380558810                                                    
mvp2   24   36   80   85   36   24   80   85                        0.00577416140286088342    0.05331278692009278758                          
a_ia   86   94                                                     -0.18632610449050540646                                                    
om     22   44   78  101   44   22   78  101                       -0.00560176707434176680                                                    
a_ia   78   99                                                     -0.00068551505651893009                                                    
op     22   45   78  100   45   22   78  100                       -0.00561367604515887030                                                    
a_ia    6   42                                                     -0.00045832537646976263                                                    
om     22   45   78   98   45   22   78   98                       -0.00438961163344535766                                                    
a_ia    6   41                                                      0.00056099521688910531                                                    
op     22   47   78  101   47   22   78  101                       -0.00391799521133024548                                                    
om     22   45   78  103   45   22   78  103                       -0.00390416317712169100                                                    
a_ia   78  103                                                      0.00067253250766622231                                                    
a_ia   27   38                                                      0.00066480542857550416                                                    
a_ia   64   88                                                      0.00865084065084033814                                                    
a_ia   64   84                                                     -0.00307856289713631529                                                    
om      8   34   64   90   34    8   64   90                       -0.00857608227626507208                                                    
a_ia    8   34                                                      0.00207857565524487446                                                    
a_ia   64   90                                                      0.00189145396716943045                                                    
a_ia   79   90                                                      0.00084192511010045044                                                    
om      8   33   64   89   33    8   64   89                       -0.00714578519698394216                                                    
a_ia   79   89                                                     -0.00082370598756832095                                                    
a_ia    8   33                                                     -0.00079503766648948064                                                    
a_ia   64   86                                                      0.00325598545789790739                                                    
op      8   30   64   86   30    8   64   86                       -0.00795317466572145054                                                    
a_ia    8   30                                                      0.00224359861158836748                                                    
a_ia   28   38                                                      0.13238257529775010468                                                    
a_ia   27   38                                                      0.00087169070334762000                                                    
op      8   29   64   85   29    8   64   85                       -0.00673679078487258304                                                    
a_ia   64   85                                                      0.00043200803574828817                                                    
a_ia   64   94                                                      0.00090927646143084859                                                    
a_ia   83   88                                                      0.00420573276339167301                                                    
a_ia   85   88                                                     -0.09781923691310764890                                                    
a_ia   85   94                                                      0.03451531855175522800                                                    
a_ia   26   46                                                     -0.00279917542617046013                                                    
a_ia   25   32                                                      0.00504377256421113113                                                    
op     24   30   80   85   30   24   80   85                        0.00619774639353992598                                                    
a_ia   80   85                                                     -0.00149499284611227822                                                    
a_ia   29   30                                                     -0.16287850146437746202                                                    
a_ia   24   30                                                      0.00234297798335719037                                                    
mvp2   24   29   64   85   29   24   64   85                       -0.00381986546509596693   -0.03927412392093709154                          
a_ia   80   83                                                     -0.07483427702513850699                                                    
a_ia   32   36                                                      0.03771918274813007566                                                    
a_ia    8   30                                                      0.00133426613963193511                                                    
a_ia   64   88                                                     -0.00048139034989230821                                                    
a_ia   32   37                                                     -0.06132786341595776458                                                    
a_ia   76   84                                                     -0.00044588697347584203                                                    
mvp2   24   29   80   88   29   24   80   88                       -0.00872845125632999014    0.05813574895114691915                          
a_ia   24   29                                                      0.00154885087667651919                                                    
a_ia   80   94                                                      0.00192670536643826051                                                    
a_ia   64   80                                                     -0.07046227864262299967                                                    
mvp2   24   37   64   88   37   24   64   88                       -0.00481823535261229671    0.11559673213266179193                          
a_ia   24   37                                                      0.00226471467353534916                                                    
mvp2   24   37   80   88   37   24   80   88                       -0.00694090041260775250    0.10879921192174418776                          
mvp3    8   29   24   37    8   24   37   29    8   24   29   37    0.00436872745259730966    0.10910218540373275986   -0.02359001585224173095
a_ia    8   29                                                     -0.00101506180118102500                                                    
a_ia   85   88                                                     -0.04201053375349557417                                                    
a_ia   28   30                                                      0.07013481465947689342                                                    
om     24   30   80   86   30   24   80   86                       -0.00848234842841870916                                                    
mvp2   24   30   64   86   30   24   64   86                        0.00569149791823537511   -0.36456181210584559516                          
a_ia   64   88                                                      0.00143267400167278441                                                    
