op     11   13   35   37   13   11   35   37                       -0.01525770947641487928                                                    
op      4   13   28   37   13    4   28   37                       -0.06687459654405465692                                                    
op      9   14   33   38   14    9   33   38                       -0.00829156098484158666                                                    
op     11   16   35   40   16   11   35   40                       -0.01525721034238682917                                                    
op      3   14   27   38   14    3   27   38                       -0.04055647776447753039                                                    
a_ia   37   38                                                      0.14423072016739615919                                                    
op      9   19   33   43   19    9   33   43                       -0.00890662404923264935                                                    
op      9   22   33   46   22    9   33   46                       -0.00850242070228338087                                                    
op      9   22   33   44   22    9   33   44                       -0.00035325438006749056                                                    
op      9   20   33   44   20    9   33   44                       -0.00314855964988752660                                                    
op      9   21   33   45   21    9   33   45                       -0.00483790287709550022                                                    
op      9   23   33   47   23    9   33   47                       -0.01392212164210246406                                                    
op      9   21   33   46   21    9   33   46                       -0.00338975637970593321                                                    
op      9   20   33   46   20    9   33   46                        0.00203018672419114825                                                    
op      0   13   28   37   13    0   28   37                        0.00792794194850837686                                                    
a_ia   27   38                                                     -0.00478729030350897623                                                    
op      4   12   28   36   12    4   28   36                       -0.01396783530652338269                                                    
op      0   12   24   36   12    0   24   36                       -0.00933643719762225141                                                    
op      0   13   24   37   13    0   24   37                       -0.00822574286030894851                                                    
mvp2    0   12   28   37   12    0   28   37                        0.00744540467917991465    0.36281074934175033819                          
a_ia    0   12                                                      0.00462567129185918486                                                    
mvp2    0   12   28   36   12    0   28   36                       -0.00565975137706420470    1.23741596665092901119                          
mvp2    4   13   24   36   13    4   24   36                        0.00211838579927341696   -0.01825160567215795837                          
a_ia   24   36                                                      0.00119473842809962008                                                    
mvp2    4   12   24   36   12    4   24   36                       -0.00317708222757135056    0.00588415493540000653                          
mvp2    4   13   24   37   13    4   24   37                        0.00658686939005107865   -0.05742210258592504724                          
op      9   22   33   43   22    9   33   43                       -0.00430301253313776586                                                    
op      9   20   33   43   20    9   33   43                       -0.00066480168922926472                                                    
op      9   21   33   43   21    9   33   43                       -0.00283635692150399632                                                    
op      9   22   33   45   22    9   33   45                       -0.00157876195165410744                                                    
op      9   20   33   45   20    9   33   45                        0.00035683958808058934                                                    
om      4   21   28   45   21    4   28   45                       -0.02017705805520695825                                                    
a_ia   28   45                                                     -0.00505962800455009905                                                    
mvp2    4   13   28   45   13    4   28   45                        0.04516812251408777734   -0.30361443046150532465                          
a_ia   24   37                                                      0.00260592961970559662                                                    
mvp2    4   21   28   37   21    4   28   37                        0.01802760283325985716    0.59187994853466774359                          
a_ia    4   21                                                     -0.00639759812347053414                                                    
a_ia   13   15                                                      0.09304379689084112115                                                    
mvp2    4   21   24   47   21    4   24   47                       -0.04401006992921589756    0.69278575524479535375                          
mvp2    4   13   24   47   13    4   24   47                        0.04869515364689367548   -0.80833604742275855237                          
mvp2    0   23   24   47   23    0   24   47                       -0.03706364731152279185   -1.28911699082703301578                          
om      0   21   24   45   21    0   24   45                       -0.00851888684348758689                                                    
a_ia   11   13                                                     -0.00148192237280774745                                                    
op      6   14   30   38   14    6   30   38                       -0.00405586326640231063                                                    
op      5   14   29   38   14    5   29   38                       -0.00599239525379416035                                                    
a_ia   30   38                                                     -0.00246817592976047214                                                    
a_ia   13   23                                                     -0.02079721083415983843                                                    
op      9   19   33   44   19    9   33   44                       -0.00061370438838094542                                                    
op      9   19   33   46   19    9   33   46                       -0.00169373289116825365                                                    
mvp2    0   23   30   44   23    0   30   44                        0.05668652081326727016   -0.49485390051156891156                          
a_ia   24   47                                                      0.00184570300122893728                                                    
op      9   17   33   41   17    9   33   41                       -0.00074808363920017182                                                    
mvp2    0   23   30   43   23    0   30   43                       -0.04017043909822452102    0.42971100708079584818                          
mvp2    4   21   24   44   21    4   24   44                       -0.00244922217157834401    0.20305046199368495530                          
mvp2    4   21   24   43   21    4   24   43                       -0.00228360188373756458    0.06475804882117809635                          
mvp2    0   23   33   46   23    0   33   46                       -0.04457463358435247852    0.42809651515205321415                          
mvp3    0   22    9   23    0    9   23   22    0    9   22   23    0.02598300826099665672   -0.64940861235249569550    0.34457616218645864548
mvp2    4   21   28   46   21    4   28   46                        0.01160016360875785156   -0.35670194870483568073                          
a_ia   28   44                                                     -0.00269692065902505610                                                    
a_ia   43   46                                                     -0.01406398307186208438                                                    
mvp2    4   21   33   45   21    4   33   45                       -0.01022051828865545332    0.43982412253883806930                          
a_ia   28   43                                                     -0.00268184079309161799                                                    
a_ia   44   46                                                      0.07607664466299711437                                                    
mvp3    0   19    9   23    0    9   23   19    0    9   19   23    0.01802680163678719444   -0.45570727973395996901    0.29992620798456282039
a_ia    9   19                                                      0.00431576175545857720                                                    
mvp2    0   23   33   43   23    0   33   43                       -0.02068697972872500165    0.20638632990696303970                          
a_ia   30   46                                                      0.00186891253282315270                                                    
mvp3    0   21    9   23    0    9   23   21    0    9   21   23    0.01561849413051840697   -0.00351097878176341886    0.30543028650039388827
mvp3    0   22    4   23    0    4   23   22    0    4   22   23   -0.01502102211673288397    0.24383671024955952400   -0.30715264087451576991
a_ia    4   23                                                     -0.00060506503891843630                                                    
a_ia   17   19                                                      0.10496585868639891903                                                    
mvp3    0   21    4   23    0    4   23   21    0    4   21   23    0.00077676814609525747    0.52930422488511230661    0.15730353235301458570
op      4   18   28   42   18    4   28   42                       -0.01318491354742406564                                                    
a_ia   28   35                                                      0.20562850285867739775                                                    
om      4   17   28   42   17    4   28   42                        0.00682562410443130884                                                    
mvp2    4   19   28   43   19    4   28   43                       -0.00632831573952768837    0.17720754092188656381                          
a_ia    4   19                                                      0.00012684604996144637                                                    
a_ia    0    9                                                     -0.07824255217226926129                                                    
op      1   14   25   38   14    1   25   38                       -0.01061321577738772760                                                    
mvp2    0   22   24   46   22    0   24   46                       -0.00613444800331889358   -0.24387176798246110176                          
a_ia   44   47                                                     -0.20342848625991216682                                                    
mvp2    4   20   28   43   20    4   28   43                       -0.01447775740420802031   -0.39233254156862129580                          
a_ia    4   20                                                     -0.00195358999056712652                                                    
a_ia   19   20                                                     -0.48819494848190109204                                                    
mvp2    6   20   30   44   20    6   30   44                       -0.02793068276443688019   -0.56394997608468533379                          
mvp2    0   20   24   44   20    0   24   44                       -0.01596253288529443648   -0.26291858720545924211                          
a_ia   21   23                                                     -0.15973116154690739088                                                    
mvp2    0   20   30   47   20    0   30   47                        0.00862504702888950044    0.15634509921704131674                          
a_ia   45   47                                                     -0.10330993502507991588                                                    
mvp2    0   20   30   44   20    0   30   44                        0.01062317141684179095    0.17990216247788254345                          
mvp2    6   19   30   43   19    6   30   43                       -0.01782045496317704453   -0.51195022441181015083                          
a_ia    6   22                                                      0.00178920651403903963                                                    
mvp2    6   19   33   43   19    6   33   43                       -0.00637072378311405105    0.24049691031791989304                          
a_ia    6   19                                                      0.00070561236819146581                                                    
mvp2    6   20   30   43   20    6   30   43                        0.01588410414762782275    0.20254752963166763879                          
a_ia   13   20                                                     -0.02059161991705870179                                                    
mvp2    0   19   24   43   19    0   24   43                       -0.00508085312533685871   -0.20399549625432206179                          
mvp2    6   19   30   44   19    6   30   44                        0.01504219766654230420    0.12856318159144652924                          
a_ia   20   22                                                      0.43262095566186037354                                                    
mvp2    6   19   33   44   19    6   33   44                        0.00442882466154361030    0.30802888605989786619                          
a_ia   44   46                                                      0.51853139470862219529                                                    
a_ia   33   44                                                     -0.00295511257978978018                                                    
mvp2    6   20   33   44   20    6   33   44                       -0.00212621307604074191   -0.00958160722609141362                          
mvp2    4   20   28   44   20    4   28   44                       -0.01772931184787595801   -0.06873774381297960423                          
op      3   14   29   38   14    3   29   38                       -0.01218860280279242952                                                    
om      3   14   25   38   14    3   25   38                       -0.01543674513440426894                                                    
op      4   18   28   41   18    4   28   41                        0.00772637596594491494                                                    
a_ia   20   23                                                     -0.18140495909926226958                                                    
op      4   17   28   41   17    4   28   41                       -0.00588553860898851419                                                    
op      5   14   27   38   14    5   27   38                        0.00720655491711488880                                                    
om      1   14   27   38   14    1   27   38                       -0.01470228467427780322                                                    
mvp2    0   12   24   47   12    0   24   47                        0.00118222951428332960   -0.58755423889979896401                          
a_ia    6   21                                                      0.00278578589303743593                                                    
mvp2    0   23   24   36   23    0   24   36                       -0.01715412471565988875    0.43540868741217536586                          
a_ia   24   36                                                      0.00229324092179856521                                                    
mvp2    4   19   28   44   19    4   28   44                       -0.01140584930015754034    0.21015204227367814682                          
a_ia   20   21                                                     -0.12912305595644593681                                                    
mvp2    0   20   24   36   20    0   24   36                       -0.01273252580746821704   -0.02725064287267068078                          
a_ia    0   11                                                     -0.08077281054791347892                                                    
mvp2    4   13   28   46   13    4   28   46                       -0.00538091811735108647   -0.09391521612102744776                          
a_ia   41   44                                                      0.40670319880432848070                                                    
a_ia    4    6                                                      0.01427601691834202470                                                    
mvp2    0   23   33   47   23    0   33   47                        0.01227015176352379451   -0.18846470241164908765                          
a_ia   11   12                                                      0.00157802590569630923                                                    
mvp2    0   23   24   37   23    0   24   37                       -0.00993622987721017731    0.19138391568990961722                          
a_ia   30   36                                                      0.00127233471589857411                                                    
a_ia   36   43                                                      0.26963614299259569540                                                    
mvp2    4   19   28   36   19    4   28   36                       -0.01173915121106830321    0.08379975148737513202                          
mvp2    4   21   28   36   21    4   28   36                       -0.00867787247515152196    0.31022772355285299639                          
a_ia   36   46                                                     -0.16556921145478872837                                                    
mvp2    0   23   33   38   23    0   33   38                       -0.02160602903134013070    0.56472603432374535171                          
mvp3    0   14    9   23    0    9   23   14    0    9   14   23    0.01057349372230793894   -0.56686610355508626480    0.76039792509684955846
a_ia   33   38                                                      0.00446683921366544494                                                    
mvp2    0   12   33   38   12    0   33   38                       -0.00770811693812134460   -0.14447039089140148449                          
a_ia    9   14                                                     -0.00365145165107800228                                                    
mvp2    4   20   28   36   20    4   28   36                       -0.01899026794158101966   -0.03164218534890685108                          
mvp2    9   14   30   38   14    9   30   38                        0.00787074955896029452   -0.39833936940717784569                          
mvp2    0   23   29   46   23    0   29   46                        0.00053677306008373914   -0.14003099146083014537                          
a_ia   38   46                                                     -0.21132409579998265303                                                    
a_ia   29   47                                                      0.00060593602541247752                                                    
mvp2    0   23   29   38   23    0   29   38                        0.00557008764616248857    0.00345493486495817301                          
mvp3    0   14    5   23    0    5   23   14    0    5   14   23   -0.00395438580297214921   -0.78161408991269798463   -0.77404565310800721445
a_ia    0    5                                                     -0.11934337792474743190                                                    
a_ia   14   23                                                      0.02039058779225520757                                                    
a_ia   29   30                                                     -0.48388862043237829136                                                    
a_ia   29   37                                                      0.00097587711858888307                                                    
mvp2    0   23   27   38   23    0   27   38                       -0.00675243339847315417    0.07399654245478712311                          
a_ia    5   14                                                     -0.00339928552299378168                                                    
mvp2    0   14    3   23    0    3   14   23                        0.00239177289258534626    0.04875322262422934066                          
a_ia    0    3                                                     -0.08199190255446130171                                                    
a_ia   27   33                                                      0.32081532084659813986                                                    
a_ia   27   46                                                     -0.00083977475487507537                                                    
a_ia   27   30                                                     -0.27857515695951851065                                                    
a_ia    3   23                                                      0.00030823406997081571                                                    
a_ia   14   23                                                     -0.03193165611767768280                                                    
mvp2    4   20   24   42   20    4   24   42                       -0.00804077102160380246    0.13525856419984103041                          
mvp2    4   19   24   42   19    4   24   42                       -0.00577911036070038759    0.31136971146902758800                          
mvp2    4   13   28   42   13    4   28   42                        0.01193258208531510454   -0.05770206845388997641                          
mvp2    5   22   33   46   22    5   33   46                        0.00931908565015103323    0.27470916346888729631                          
mvp2    5   22   29   46   22    5   29   46                       -0.00394006947009958863   -0.31552280776090529946                          
a_ia    5   22                                                     -0.00487132069927592205                                                    
mvp2    5   22   27   46   22    5   27   46                       -0.00470043392717463086    0.00631768388337401211                          
mvp2    3   22   33   46   22    3   33   46                       -0.00004439399671895871    0.09942410565283213431                          
a_ia   37   43                                                     -0.00645903861997659465                                                    
mvp2    3   22   27   46   22    3   27   46                       -0.00087572986319020367   -0.02150701235864809283                          
mvp2    3   22   33   38   22    3   33   38                        0.00260524643358590402   -0.11815082237861952719                          
mvp2    3   23   33   38   23    3   33   38                       -0.00058670874998024969    0.03394204092223319924                          
mvp2    4   12   28   44   12    4   28   44                       -0.00593742510302238020   -0.06377993766933351405                          
a_ia    6   17                                                      0.00058046096790853228                                                    
a_ia   12   20                                                     -0.33804785439997786511                                                    
a_ia   19   21                                                     -0.08123267063080817640                                                    
mvp2    3   22   29   46   22    3   29   46                       -0.00037114849961207813   -0.06326371045390219439                          
a_ia    5    9                                                     -0.16483277142590124775                                                    
a_ia   14   15                                                     -0.18507594035609151173                                                    
mvp2    3   17   27   38   17    3   27   38                       -0.00715196889402162743    0.03185304898532598239                          
a_ia    9   17                                                      0.00262205727407096179                                                    
a_ia   11   22                                                     -0.00028726846918010972                                                    
a_ia    3    9                                                      0.33799197982438994314                                                    
a_ia    3   17                                                     -0.00231917844014464586                                                    
om      3   17   27   41   17    3   27   41                       -0.00417104398476535795                                                    
a_ia   28   41                                                     -0.00254582129746466898                                                    
mvp2    4   17   28   44   17    4   28   44                        0.00232022473620896886   -0.05143246533293541201                          
op      3   14   27   41   14    3   27   41                       -0.00713788486841739588                                                    
a_ia   18   21                                                     -0.13949530068667029270                                                    
mvp2    4   17   28   36   17    4   28   36                        0.00205784018547817363   -0.10738725698192284896                          
a_ia   17   20                                                      0.39219880849280641666                                                    
mvp2   11   22   33   46   22   11   33   46                        0.00375507576263044672    0.25634456839396124739                          
a_ia    4   17                                                     -0.00340191075452419590                                                    
mvp2    4   13   24   40   13    4   24   40                       -0.00333334408422553260    0.05045543481529025237                          
mvp2    4   13   28   40   13    4   28   40                        0.00134828592614037214   -0.00590274374125297763                          
mvp2    4   21   24   40   21    4   24   40                        0.00326131304553745104   -0.11783753673949710905                          
mvp2    4   21   28   42   21    4   28   42                       -0.00647316206213530056    0.07478404577413383381                          
a_ia    4   18                                                      0.00191817196094596102                                                    
a_ia   40   42                                                     -0.22724363287782312071                                                    
a_ia   12   13                                                      0.27326286487131412617                                                    
a_ia    4    6                                                      0.00803813996149539342                                                    
mvp2    5   14   27   38   14    5   27   38                       -0.01614774058730328657   -0.00598663593088932799                          
a_ia   38   41                                                      0.28717780090799122084                                                    
mvp2    5   22   30   46   22    5   30   46                       -0.00448656360750061215   -0.10373010342772427672                          
a_ia   29   33                                                      0.25019612234386540139                                                    
mvp2    4   13   28   44   13    4   28   44                        0.00584057766605845449   -0.29087232184876349317                          
a_ia   40   44                                                      0.11579337702229558493                                                    
mvp2    4   18   24   44   18    4   24   44                       -0.00435066679321466539    0.11763571019656710037                          
a_ia    6   16                                                     -0.00123158663171859194                                                    
a_ia   28   40                                                      0.00004459310523045700                                                    
mvp2    6   18   28   44   18    6   28   44                        0.00461113895691093924    0.02436227425618783110                          
a_ia   39   44                                                     -0.36796034369915192608                                                    
a_ia   35   44                                                     -0.00179676352712908696                                                    
a_ia   30   47                                                      0.00129580160417369010                                                    
mvp2    4   13   28   39   13    4   28   39                       -0.00810939885638051888    0.26220229882901796570                          
a_ia   28   39                                                      0.00117504576334179038                                                    
mvp2    6   18   28   43   18    6   28   43                        0.00671399466442600297    0.27972592257345707534                          
mvp2    4   18   24   43   18    4   24   43                       -0.00412693675609414248   -0.02854199725112964783                          
a_ia   13   16                                                     -0.22366880161767430102                                                    
a_ia   13   19                                                      0.05832674153023657132                                                    
mvp2    6   14   28   37   14    6   28   37                       -0.00827381598582338333   -0.29713052897702729727                          
a_ia   14   17                                                      0.31705949304956548840                                                    
a_ia    9   14                                                      0.00642398677458316629                                                    
a_ia   19   21                                                     -0.13807560115780015408                                                    
mvp2    0   23   26   45   23    0   26   45                        0.00122705694314615126   -0.01027929089144358904                          
mvp2    0   23   26   46   23    0   26   46                       -0.00027448298984064895    0.00084017010294289271                          
a_ia    6   14                                                      0.00444639975024188183                                                    
mvp2    5   22   28   46   22    5   28   46                       -0.00225694008283663103   -0.11645900144369575324                          
a_ia   26   28                                                      0.30719566731059633202                                                    
mvp2    0   23   28   45   23    0   28   45                       -0.00412238325324882932    0.08992586847111928849                          
mvp2    0   23   28   46   23    0   28   46                        0.00132217508115378755   -0.06112621925711214654                          
mvp2    6   18   30   42   18    6   30   42                       -0.00480610768279422437    0.52695917263257585628                          
a_ia   18   20                                                     -0.02627947124039530305                                                    
mvp2    3   14   27   42   14    3   27   42                       -0.00274943360574704228   -0.04114516912166853863                          
a_ia   38   47                                                      0.13648582441825210521                                                    
om      3   17   27   42   17    3   27   42                       -0.00257911391804511655                                                    
a_ia   26   38                                                      0.00047568075327838035                                                    
mvp2    0   22   28   47   22    0   28   47                        0.00282536961333217877   -0.06704343377322682929                          
a_ia   45   46                                                     -0.21945277292334230967                                                    
a_ia   34   46                                                     -0.00554160239829012274                                                    
om      3   18   27   42   18    3   27   42                       -0.00171412495883409267                                                    
mvp2    3   18   27   38   18    3   27   38                       -0.00509426414720617112    0.02368081358184139298                          
op      3   18   27   41   18    3   27   41                       -0.00390306753318117160                                                    
mvp2    4   12   24   37   12    4   24   37                        0.00701518963353519025   -0.03127552676913300522                          
a_ia   39   43                                                      0.18181989599177877936                                                    
a_ia   37   40                                                     -0.14037680371575275706                                                    
mvp2    4   21   24   37   21    4   24   37                       -0.00571103041361312614    0.07338730483201903743                          
mvp2    5   22   33   38   22    5   33   38                        0.00739315821637399635    0.03531288323088549452                          
a_ia   26   29                                                      0.11665610220682892662                                                    
a_ia    3    6                                                     -0.33648637650256374432                                                    
a_ia    5   22                                                      0.00542411499545535775                                                    
mvp2    5   22   29   38   22    5   29   38                       -0.00417706406522229661    0.02713375647012718564                          
mvp2    0   18   24   42   18    0   24   42                       -0.00453371536238722592   -0.54534729363637091115                          
a_ia    0   18                                                     -0.00083437966437222878                                                    
a_ia   24   27                                                     -0.11435779699802085807                                                    
a_ia    3   20                                                      0.00143866355533526515                                                    
a_ia    3   12                                                      0.00167540037262912814                                                    
mvp2    0   17   24   42   17    0   24   42                        0.00257763395481235176    0.11579813477269881861                          
mvp2    0   18   24   36   18    0   24   36                       -0.00336323189198186332   -0.18993724454844954086                          
mvp2    0   18   24   41   18    0   24   41                        0.00293253774597713665   -0.23584666397353071243                          
mvp2    0   14   24   38   14    0   24   38                       -0.00409966097289810472    0.20072102367868321915                          
mvp2    0   23   24   47   23    0   24   47                       -0.00290026171045019293    0.02027096082868172500                          
a_ia   38   42                                                      0.15382678590556991827                                                    
a_ia   14   18                                                      0.07300750305360814707                                                    
a_ia   28   33                                                      0.04653043960537679713                                                    
a_ia   22   23                                                     -0.07449748398424270446                                                    
a_ia   33   34                                                     -0.12355938516327813481                                                    
a_ia   36   41                                                      0.07698334626540188907                                                    
mvp2    5   23   24   47   23    5   24   47                       -0.00378484537743278013   -0.39661350619768853676                          
a_ia    0    5                                                     -0.15058731483953474717                                                    
a_ia   31   46                                                      0.00055540314578901757                                                    
a_ia   31   45                                                      0.00008457594851949458                                                    
a_ia   31   33                                                     -0.19217236705907841943                                                    
mvp2    6   13   30   37   13    6   30   37                       -0.00877473746284308971    0.09028098758835695348                          
a_ia    9   12                                                     -0.00526393594525991805                                                    
a_ia   32   46                                                     -0.00097983931022994127                                                    
mvp2    5   22   24   47   22    5   24   47                        0.00214407399002361455    0.07228146039861992056                          
a_ia   34   46                                                      0.00549594876198876685                                                    
a_ia   28   32                                                     -0.05424264633341072811                                                    
om      3   13   27   38   13    3   27   38                        0.00187192246444489729                                                    
a_ia   24   47                                                     -0.00127606309181240015                                                    
a_ia   13   14                                                      0.19763325168458686920                                                    
a_ia    9   13                                                     -0.00263049637050341567                                                    
a_ia    0    5                                                     -0.07284792113005318648                                                    
a_ia   22   23                                                     -0.03960056872177347698                                                    
mvp2    0   23   24   46   23    0   24   46                       -0.00339259692781197601    0.21900772898643203201                          
mvp2    5   23   29   47   23    5   29   47                       -0.00213878582431976634    0.06303676884827252858                          
a_ia   24   46                                                     -0.00019785909646631865                                                    
a_ia   30   39                                                     -0.00305439399915888267                                                    
a_ia    6   12                                                     -0.00236195219386488948                                                    
a_ia   30   35                                                      0.14367692563343228973                                                    
a_ia   35   44                                                      0.00222757155027584076                                                    
a_ia   30   44                                                      0.00168197492121988676                                                    
op      5   22   29   47   22    5   29   47                        0.00181571492776199436                                                    
mvp2    0   20   28   42   20    0   28   42                       -0.00391503989464152616   -0.03275963843694101180                          
a_ia    5   20                                                     -0.00075470439495260776                                                    
mvp2    0   20   28   36   20    0   28   36                       -0.00486790975578454879   -0.05515117751863889833                          
a_ia   42   47                                                     -0.21148311416059120682                                                    
mvp2    0   13   28   36   13    0   28   36                        0.00746062161195967799   -0.06240719504337840368                          
a_ia    9   14                                                     -0.00004233889152588263                                                    
a_ia    0   13                                                      0.00217389071503940262                                                    
a_ia    3   14                                                     -0.00881666672400113587                                                    
a_ia    4   21                                                      0.00018966752812319714                                                    
a_ia   27   40                                                     -0.00068334843892395997                                                    
a_ia   11   15                                                      0.00064219924193877195                                                    
