op     25   26   77   78   26   25   77   78                       -0.16268774037464733828                                                    
op     25   27   77   79   27   25   77   79                       -0.06262680141407679646                                                    
op     22   27   74   79   27   22   74   79                       -0.06526806661592432501                                                    
op     22   26   74   78   26   22   74   78                       -0.06026032522136834380                                                    
a_ia   22   26                                                      0.00476208669839952529                                                    
mvp2   22   26   77   79   26   22   77   79                       -0.09203624939573726293    0.13028153832221481268                          
mvp2   25   27   74   78   27   25   74   78                       -0.08777782908420174446   -0.04254554989973208939                          
a_ia   76   77                                                     -0.14215115083594145884                                                    
a_ia   24   25                                                     -0.13255345265913917596                                                    
mvp3   22   26   25   27   22   25   27   26   22   25   26   27   -0.07511791271997789177    0.03573469228633816691   -0.30524234597230304189
a_ia   74   75                                                      0.00407595215431057287                                                    
a_ia   26   27                                                     -0.05642751792111033032                                                    
mvp2   25   26   74   79   26   25   74   79                       -0.06422566515199891468   -0.29154785834408258882                          
a_ia   23   25                                                      0.13021009988604614893                                                    
a_ia   22   23                                                     -0.16691469832084310232                                                    
mvp2   25   26   63   79   26   25   63   79                       -0.02144598759805693353   -0.01162304673488400580                          
a_ia   20   25                                                     -0.10673578464541906563                                                    
a_ia   21   25                                                     -0.05159198714988637302                                                    
mvp2   25   27   63   78   27   25   63   78                        0.00008021717040875233   -0.32478087797652377411                          
a_ia   63   78                                                      0.01899282084451130517                                                    
a_ia   75   77                                                      0.14101696629375914949                                                    
om     11   26   63   78   26   11   63   78                       -0.04459903398795828783                                                    
a_ia   11   26                                                      0.00851622263290616188                                                    
a_ia   78   79                                                     -0.06693721653409806516                                                    
mvp2   11   27   74   79   27   11   74   79                       -0.00229943114025481146    0.12472975556158154287                          
op     11   45   63   97   45   11   63   97                       -0.05134438240665973457                                                    
a_ia   11   45                                                     -0.00022329307082521137                                                    
op     22   45   63   97   45   22   63   97                        0.01688895166523932123                                                    
om     11   45   74   97   45   11   74   97                        0.00279810577558029438                                                    
op     22   45   74   97   45   22   74   97                       -0.00036331944004703356                                                    
a_ia   11   22                                                     -0.27213635244046424644                                                    
mvp2   11   45   63   78   45   11   63   78                       -0.02408422222261223308   -0.00530535287964204252                          
mvp2   11   45   74   78   45   11   74   78                        0.00836418716418118810   -0.00194625587273389604                          
a_ia   63   74                                                     -0.06680426488195609358                                                    
mvp2   22   45   63   78   45   22   63   78                        0.01703389228102776196   -0.03807984297964539522                          
mvp2   22   45   74   78   45   22   74   78                       -0.00299159783759349492    0.03703900232590791319                          
om     11   26   63   97   26   11   63   97                       -0.03662289072685732949                                                    
mvp2   22   26   63   97   26   22   63   97                        0.02537430888437053333   -0.00576791611667721790                          
mvp2   11   26   74   97   26   11   74   97                        0.00346196625828904024    0.35923413127471526263                          
mvp2   22   26   74   97   26   22   74   97                       -0.00278927909131802040   -0.09636976475530094344                          
op     11   29   63   81   29   11   63   81                       -0.00500018599491608689                                                    
op     22   30   74   82   30   22   74   82                       -0.00606638022822724408                                                    
op     22   39   74   91   39   22   74   91                       -0.01199109298025085972                                                    
a_ia   74   85                                                     -0.00334013353165240690                                                    
op     22   36   74   91   36   22   74   91                       -0.00477718018452978968                                                    
a_ia   22   36                                                     -0.00413228738815159084                                                    
a_ia   74   91                                                     -0.00303980187549772463                                                    
a_ia   78   91                                                      0.14584136731654256947                                                    
mvp2   22   39   74   78   39   22   74   78                       -0.00260517902378924488   -0.07011407257361802758                          
mvp2   22   33   74   78   33   22   74   78                       -0.00961605254997125077   -0.05859851029008115997                          
a_ia   22   33                                                     -0.00291265235689063201                                                    
a_ia   19   25                                                     -0.11426338639728618463                                                    
a_ia   74   88                                                     -0.00424916986468889916                                                    
a_ia   74   89                                                      0.00284605034647542228                                                    
op     22   38   74   90   38   22   74   90                       -0.00607518665806168218                                                    
a_ia   22   37                                                      0.00300715641018565539                                                    
om     22   36   74   88   36   22   74   88                       -0.00531263703578011611                                                    
op     22   37   74   89   37   22   74   89                       -0.00490715931621325558                                                    
a_ia   78   85                                                      0.02956083863608697723                                                    
a_ia   26   39                                                      0.13829074833794519073                                                    
mvp2    0   51   63   97   51    0   63   97                       -0.03364455245963217378   -0.45565574810130665684                          
mvp2    0   29   63   97   29    0   63   97                        0.02970941146323747076    0.50728378865178369583                          
a_ia    0   29                                                     -0.00148218988573539808                                                    
om      0   51   74   97   51    0   74   97                       -0.00157406303554967790                                                    
om      0   29   74   97   29    0   74   97                        0.00052074113594569006                                                    
mvp2    0   32   63   97   32    0   63   97                       -0.00985618385277257231   -0.14066922082900781832                          
mvp2    0   31   63   97   31    0   63   97                        0.00233252404262293111    0.08055238315946111616                          
op      0   29   63   78   29    0   63   78                        0.02499833197519984659                                                    
om      0   51   63   78   51    0   63   78                       -0.01912938749410182659                                                    
mvp2    0   51   74   78   51    0   74   78                        0.00074002734702713466    0.00022561631686177086                          
op      0   32   63   78   32    0   63   78                       -0.00762047591215324251                                                    
mvp2    0   45   63   81   45    0   63   81                        0.01410534781405423620    0.18476436122249212390                          
mvp2    0   51   52  103   51    0   52  103                       -0.00959430208588987234    0.80435593191336918206                          
mvp2    0   29   52   81   29    0   52   81                       -0.01299589003680914553    0.74757737789108080761                          
mvp2    0   51   52   81   51    0   52   81                        0.00780134752468742299    0.00548708266155620988                          
mvp2    0   29   52  103   29    0   52  103                        0.01089174866801612823   -0.07090964239571825867                          
mvp2   11   45   52  103   45   11   52  103                       -0.00151998027001267431    0.03127901794666043678                          
op     11   51   63  103   51   11   63  103                       -0.00205130154813018203                                                    
mvp2    0   45   52   97   45    0   52   97                       -0.01330721988494396046   -0.34608646492219152790                          
mvp2    0   45   63  103   45    0   63  103                       -0.01573307328127732801   -0.29383848985926996900                          
mvp2    0   32   52  103   32    0   52  103                       -0.00445759970285436891    0.03870241539148736032                          
mvp2    0   31   52  103   31    0   52  103                        0.00363140313957959317    0.11342914724651481650                          
mvp2    0   31   52   83   31    0   52   83                       -0.00470949728158693084    0.80008462706590488533                          
mvp2    0   32   52   83   32    0   52   83                        0.00415604732605543044   -0.17141268817755261900                          
op      0   40   52   92   40    0   52   92                       -0.00989511758614681353                                                    
op      0   34   52   86   34    0   52   86                       -0.00397719261398896302                                                    
mvp2    0   40   52   81   40    0   52   81                       -0.00962126474329121420   -0.56528870774857942205                          
mvp2    0   34   52   81   34    0   52   81                       -0.00365624373751466001   -0.22081240155305495443                          
mvp2    0   29   52   92   29    0   52   92                       -0.00906037856344411516    0.32982152637033335107                          
mvp2    0   29   52   86   29    0   52   86                       -0.00357625154645676863    0.18613350507749698570                          
mvp2    0   51   52   92   51    0   52   92                        0.00390009747655149482   -0.03523783657473213149                          
mvp2    0   51   52   84   51    0   52   84                       -0.00470672311533855327    0.44502101508986741107                          
om      0   32   52   84   32    0   52   84                       -0.00590629034585885351                                                    
mvp2    0   29   52   84   29    0   52   84                        0.00535969272625117909   -0.00179458440326356501                          
mvp2    0   45   74  103   45    0   74  103                        0.00193970248036658892    0.08089141939266382419                          
mvp2    0   29   74   78   29    0   74   78                       -0.00107083478426420382    0.00320906946668358126                          
mvp2    0   45   52   78   45    0   52   78                       -0.00851008174642169275   -0.09887982094716067649                          
mvp2    0   31   52   84   31    0   52   84                        0.00493504796082835668    0.30155377985954701092                          
om      0   40   52  103   40    0   52  103                        0.00661723704943405384                                                    
a_ia   63   74                                                     -0.14955194058938456325                                                    
mvp2    0   40   52   84   40    0   52   84                        0.00440982115810350812   -0.03081294821050939436                          
mvp2    0   32   52   81   32    0   52   81                        0.00457163702109409775    0.05407400828412890076                          
mvp2    0   32   52   92   32    0   52   92                        0.00324677936352452037    0.06767118272242991783                          
a_ia   26   34                                                     -0.01092888996329250025                                                    
mvp2   25   39   74   78   39   25   74   78                        0.01601418177770960391    0.01386315705994665970                          
a_ia   39   45                                                      0.13566214821116157063                                                    
mvp2   25   39   63   78   39   25   63   78                        0.00704141571073511191    0.00005464577358733956                          
a_ia   72   77                                                     -0.10546123708143807784                                                    
a_ia   31   45                                                     -0.04160245051615270306                                                    
a_ia   83   97                                                     -0.05186445898081393224                                                    
mvp2   25   39   74   91   39   25   74   91                        0.00994552834193932617    0.50252672858768365760                          
a_ia   26   36                                                     -0.04280432845662087565                                                    
a_ia   26   37                                                      0.04655667936030104953                                                    
mvp2   19   45   63   97   45   19   63   97                        0.00533947950810045435    0.10367330275002520357                          
mvp2    0   51   52   83   51    0   52   83                        0.00300508038426670464   -0.06841252092871713542                          
mvp2   19   45   74   97   45   19   74   97                       -0.00166508385429427305    0.17712222763840981821                          
mvp2   18   40   63   97   40   18   63   97                        0.01280079092356164842    0.21082335314923358882                          
mvp2   18   40   74   97   40   18   74   97                       -0.00235297441339686131    0.04165652134877018131                          
mvp2   18   40   63   78   40   18   63   78                        0.00971529124160286535    0.02588597022446668255                          
mvp2   18   40   74   78   40   18   74   78                       -0.00352057906349307172   -0.00432861875987346299                          
mvp2   15   40   63   97   40   15   63   97                        0.01235690904034456028    0.26381555876663204119                          
mvp2   15   40   63   78   40   15   63   78                        0.00893421928115366651   -0.01748065050591653471                          
mvp2   18   30   74   78   30   18   74   78                       -0.01026064199209381599   -0.10466398420551477344                          
mvp2   17   40   63   97   40   17   63   97                       -0.01259842293486778710   -0.25935132310182590354                          
mvp2   17   40   63   78   40   17   63   78                       -0.01024078656417273109   -0.00754727662977254000                          
a_ia   15   40                                                      0.00031229861976086396                                                    
a_ia   25   39                                                     -0.00206331819313230937                                                    
a_ia   63   97                                                      0.00010385149022831009                                                    
a_ia   78   97                                                     -0.02989777994803349132                                                    
mvp2   15   40   74   97   40   15   74   97                       -0.00211897564719715648    0.09330393747647500180                          
a_ia   74   97                                                     -0.00067456888846638863                                                    
a_ia   77   78                                                     -0.00354599480140665568                                                    
a_ia   76   78                                                     -0.00147949479318619449                                                    
a_ia   63   72                                                     -0.08092602584944789956                                                    
a_ia   72   78                                                     -0.00263601621851454818                                                    
a_ia   63   75                                                      0.07708186368122132981                                                    
a_ia   63   77                                                      0.02045577664049922847                                                    
a_ia   28   40                                                     -0.13787521528382679081                                                    
a_ia   52   92                                                      0.00076696525608173263                                                    
mvp2   17   40   74   97   40   17   74   97                        0.00221739633965827802   -0.06419274107727512835                          
mvp2   15   29   74   78   29   15   74   78                       -0.00985926203358216541   -0.10616754886900259258                          
a_ia   15   29                                                      0.00544508189666889023                                                    
a_ia   74   78                                                      0.00031293428783051513                                                    
a_ia   29   30                                                      0.26441250538229066347                                                    
a_ia   15   30                                                     -0.00164034354787895320                                                    
mvp2   10   45   63   97   45   10   63   97                        0.00973237377571722038    0.22293971205686777259                          
mvp2   23   45   63   97   45   23   63   97                       -0.00135244091919387867   -0.03247985361968047657                          
mvp2   10   45   74   97   45   10   74   97                       -0.00370296065796539564    0.25661556195625206955                          
a_ia   74   75                                                     -0.14810832517723412916                                                    
a_ia   10   45                                                     -0.00020651031341299824                                                    
a_ia   72   74                                                     -0.04289274841220572926                                                    
mvp2   17   45   63   97   45   17   63   97                       -0.00086853955331355555   -0.01894012783332766833                          
a_ia   10   23                                                     -0.39575570780043456409                                                    
mvp2   20   45   63   97   45   20   63   97                        0.00410684327631596034    0.07083372928989760398                          
mvp2   16   45   63   97   45   16   63   97                       -0.00176198138253647963   -0.05562322762284155342                          
mvp2   12   45   63   97   45   12   63   97                       -0.00031239971690156008   -0.03402523265480669745                          
a_ia   63   71                                                     -0.15518152689358341578                                                    
mvp2    9   40   63   97   40    9   63   97                        0.00945251754848871854    0.25852907635713140433                          
a_ia    9   40                                                     -0.00025585240916919613                                                    
a_ia   16   40                                                      0.00088717252608173024                                                    
op      6   27   58   79   27    6   58   79                       -0.00950287545224795700                                                    
op     13   27   58   79   27   13   58   79                        0.00498111680267679813                                                    
op      6   27   65   79   27    6   65   79                        0.00498023691573689330                                                    
op     13   27   65   79   27   13   65   79                       -0.00403485308247171666                                                    
a_ia   63   68                                                      0.13779380446474898125                                                    
a_ia   17   20                                                      0.23575946581019946446                                                    
a_ia   25   36                                                      0.00636431096985556020                                                    
a_ia   25   37                                                     -0.00604994697970610926                                                    
a_ia   25   26                                                     -0.00604283867000679226                                                    
a_ia   52   86                                                      0.00064861729619195810                                                    
mvp2   25   26   52   86   26   25   52   86                       -0.00594189174840345502    0.01432918629826187076                          
a_ia   11   34                                                      0.00158852688176588279                                                    
a_ia   11   33                                                     -0.00139392528942676929                                                    
op      8   27   60   79   27    8   60   79                       -0.00475510689079082158                                                    
op      0   35   52   87   35    0   52   87                       -0.00185299226221393668                                                    
mvp2   11   33   52  103   33   11   52  103                       -0.00435821920832876568   -0.27379996836672582106                          
a_ia   52  103                                                     -0.00202586974829451231                                                    
om      0   34   52  103   34    0   52  103                        0.00232824723659404240                                                    
a_ia   81   85                                                     -0.13201351681333292620                                                    
a_ia   25   26                                                      0.00069684390312634351                                                    
mvp2   16   40   63   97   40   16   63   97                       -0.00429349546792526671   -0.10077779171368732303                          
a_ia   16   45                                                     -0.00035332505454581755                                                    
mvp2    9   40   74   97   40    9   74   97                       -0.00220595865835250277    0.12429175437057866926                          
mvp2   16   45   74   97   45   16   74   97                        0.00056348913379177586   -0.08788800638199241455                          
mvp2   12   45   74   97   45   12   74   97                        0.00014531604047572573   -0.12596344893317926172                          
a_ia   12   45                                                      0.00577739768062173181                                                    
a_ia   63   74                                                     -0.14075972129108973996                                                    
a_ia    0   34                                                      0.00061004439301278563                                                    
mvp2    0   33   52   85   33    0   52   85                       -0.00185911423918400510   -0.63300911313987529017                          
mvp2   15   48   52  103   48   15   52  103                       -0.00489934795638193553   -0.36091853007323182467                          
a_ia   15   34                                                      0.00133367563998871967                                                    
a_ia    0   15                                                      0.17505374553098748680                                                    
a_ia   15   48                                                     -0.00019910168249241803                                                    
mvp2   18   48   52  103   48   18   52  103                       -0.00503606492422562727   -0.39205479088392669595                          
a_ia   15   35                                                     -0.00110807851070095567                                                    
mvp2   18   48   52   81   48   18   52   81                        0.00382295481297319825    0.04150589160529016136                          
a_ia   18   48                                                     -0.00002635230866712745                                                    
mvp2   15   48   52   81   48   15   52   81                        0.00392225342638416723    0.04973001363739872061                          
mvp2   18   32   52   81   32   18   52   81                        0.00277101578841708242    0.29006035877603103534                          
a_ia   18   32                                                     -0.00072766271091405008                                                    
a_ia   15   33                                                      0.00072031492429718903                                                    
mvp2   17   48   52  103   48   17   52  103                        0.00479912299110265683    0.41127135746609039257                          
mvp2    0   51   52  103   51    0   52  103                        0.00061220177790870245    0.07712171752024259141                          
a_ia   11   17                                                      0.08379122437877162266                                                    
mvp2   18   26   22   35   18   22   26   35                        0.00690675157327899202   -0.09603156168020572647                          
a_ia   22   35                                                      0.00112374387366066331                                                    
a_ia   18   26                                                      0.00007370793831361651                                                    
a_ia   15   32                                                      0.00065366131870777159                                                    
mvp2   17   48   52   81   48   17   52   81                       -0.00361652742728452593   -0.00915669432462302632                          
a_ia   15   51                                                     -0.00083006736548056907                                                    
mvp2   11   45   62   97   45   11   62   97                        0.00011691980203782143    0.09474329636810137345                          
a_ia   62   63                                                      0.28292236173568846569                                                    
a_ia   11   16                                                      0.13388793102618151698                                                    
a_ia   62   74                                                      0.01625809251496920446                                                    
mvp2   11   45   63   97   45   11   63   97                        0.00627982510328827133   -0.08483485237127955103                          
a_ia    9   11                                                      0.08835234115282304679                                                    
mvp2   11   45   67   92   45   11   67   92                        0.00607341404110623307   -0.48867165679204710438                          
mvp2   63   92   70   97   63   70   92   97                       -0.00617912911022070691   -0.48126043931535378295                          
mvp2   63   92   69   97   63   69   92   97                        0.00561517515243373493    0.45006672777610423619                          
a_ia   63   69                                                      0.11940206588259465181                                                    
a_ia   11   21                                                     -0.05226579343718364828                                                    
a_ia   70   92                                                     -0.00148791641679318801                                                    
a_ia   69   74                                                      0.01552700296403781988                                                    
mvp2   69   92   74   97   69   74   97   92                        0.00398120492169936648   -0.02538699039241644820                          
a_ia   92   97                                                     -0.00384839460304361742                                                    
mvp2   11   45   63   97   45   11   63   97                       -0.00839348189594959354   -0.11755611705234034203                          
mvp2   70   92   74   97   70   74   97   92                       -0.00410070854966471283    0.09641300731026430926                          
mvp2   11   45   61   92   45   11   61   92                        0.00486865145001458364   -0.32401516945236952250                          
a_ia   61   92                                                     -0.00090675602244094362                                                    
a_ia   68   92                                                      0.00070077604467499283                                                    
mvp2   11   45   68   92   45   11   68   92                       -0.00225333155961930957    0.17846753381561308860                          
mvp2   11   45   64   97   45   11   64   97                       -0.00435751438116140349    0.17183061464056112455                          
a_ia   64   97                                                      0.00108511606533184682                                                    
a_ia   11   12                                                      0.21258273720032486165                                                    
a_ia   12   45                                                     -0.00588431319097226530                                                    
om      9   28   61   80   28    9   61   80                       -0.00965879811863752831                                                    
a_ia    9   28                                                     -0.00109285991275397446                                                    
a_ia   63   67                                                      0.10633058395240506389                                                    
op      9   29   61   81   29    9   61   81                       -0.00898178147944563021                                                    
a_ia    9   29                                                     -0.00102938929481663955                                                    
a_ia    0   48                                                     -0.00087800862122296662                                                    
a_ia   52   83                                                     -0.00050407217037267045                                                    
mvp2    9   48   52  103   48    9   52  103                       -0.00393843803939066244   -0.34099639057558334132                          
a_ia   67   92                                                     -0.00137567912109091820                                                    
op     11   40   63   92   40   11   63   92                       -0.00430209766297687778                                                    
a_ia   68   74                                                      0.01309902706398339244                                                    
mvp2   22   39   77   91   39   22   77   91                        0.00909786516348610325   -0.30168121229560840302                          
a_ia   22   39                                                     -0.00200956033384688858                                                    
a_ia   52   84                                                     -0.00252535338931594681                                                    
mvp2   22   26   77   91   26   22   77   91                        0.01568973011051154678   -0.00369383266526476534                          
a_ia   17   26                                                      0.00217679495482514095                                                    
a_ia   25   35                                                     -0.00124865819286121087                                                    
om     25   36   77   88   36   25   77   88                       -0.00964326160685846992                                                    
a_ia   77   88                                                      0.00627649720864248157                                                    
a_ia   15   25                                                      0.04286303605671674954                                                    
a_ia   77   89                                                     -0.00590464204095188933                                                    
om     25   37   77   89   37   25   77   89                       -0.00768011929230749766                                                    
a_ia   15   36                                                     -0.00089386911989794470                                                    
om     25   34   77   86   34   25   77   86                       -0.00622230913653521855                                                    
op     25   38   77   90   38   25   77   90                       -0.00299235365455064210                                                    
a_ia   25   38                                                      0.00089835866690352864                                                    
om     10   28   61   80   28   10   61   80                        0.00477519553560182535                                                    
a_ia   52   82                                                      0.00271423908865158761                                                    
a_ia   82   84                                                      0.49367856207176641359                                                    
a_ia   52   84                                                      0.00140046666895647567                                                    
mvp2   61   78   63   81   61   63   78   81                       -0.00787793156298176832    0.13666704735699539142                          
a_ia   61   81                                                      0.00175046388226639195                                                    
a_ia   61   63                                                      0.06226148699896014854                                                    
a_ia   75   78                                                      0.00200321225318770115                                                    
a_ia   78   81                                                     -0.01384928953708950555                                                    
mvp2   67   78   74   81   67   74   78   81                        0.01066802032889517006   -0.13337414284624490857                          
a_ia   67   81                                                      0.00381399782593183764                                                    
a_ia   67   74                                                      0.01693084289827262098                                                    
a_ia   52   82                                                     -0.00360673678853673518                                                    
mvp2    6   31   63   78   31    6   63   78                       -0.01408634699403006965   -0.37223468991482350221                          
a_ia   63   78                                                     -0.00084859970484706321                                                    
a_ia    6   31                                                     -0.00624191808273476343                                                    
mvp2    6   31   58   83   31    6   58   83                       -0.01261119664495591840    0.82927929373582920380                          
op      6   40   58   92   40    6   58   92                       -0.00498675729980632785                                                    
mvp2    6   31   74   78   31    6   74   78                        0.00697936925848232845    0.09456322035523932745                          
a_ia   63   83                                                      0.00058431343312576110                                                    
mvp2   58   78   74   83   58   74   78   83                       -0.00651824697428370070    0.09882891575940788709                          
om      6   29   58   81   29    6   58   81                       -0.00804796234752844057                                                    
op      6   30   58   82   30    6   58   82                       -0.00886163997811737283                                                    
a_ia    6   30                                                     -0.00233025692878943355                                                    
op      6   28   58   80   28    6   58   80                       -0.00504928986762913281                                                    
mvp2    6   32   52  103   32    6   52  103                        0.00364469514998592764    0.85652254240660519180                          
mvp2    6   32   58   84   32    6   58   84                       -0.00709088332231535504    0.80397017879430143772                          
op      6   28   61   80   28    6   61   80                        0.00624816486516246387                                                    
a_ia   78   83                                                      0.01123747197873973050                                                    
a_ia    9   19                                                      0.21733508993901884399                                                    
mvp2    0   51   58  102   51    0   58  102                       -0.00375953740429520351    0.47085837723246354303                          
a_ia   58  102                                                     -0.00163825321564654044                                                    
a_ia   58   86                                                      0.00045732392672551874                                                    
mvp2    0   51   58   86   51    0   58   86                        0.00184450603134991061   -0.48958731240981545607                          
a_ia    0   18                                                      0.11608123714158330442                                                    
mvp2    0   51   52  103   51    0   52  103                       -0.00481879091576626565   -0.09905246915251401940                          
mvp2    0   51   58   85   51    0   58   85                        0.00174248086712264845   -0.41071641719927076686                          
a_ia   19   26                                                     -0.00431990408501219114                                                    
a_ia   19   22                                                     -0.04304268465784145958                                                    
