op     25   26   77   78   26   25   77   78                       -0.06551202221321514307                                                    
op     25   29   77   81   29   25   77   81                       -0.04184920326152714171                                                    
op     23   26   75   78   26   23   75   78                       -0.03434841934658634105                                                    
a_ia   75   78                                                     -0.00656919746221429086                                                    
a_ia   23   26                                                     -0.00740363757176504701                                                    
op     24   27   76   79   27   24   76   79                       -0.04720797359238274038                                                    
op     25   27   76   79   27   25   76   79                       -0.03839656335264401282                                                    
op     24   27   77   79   27   24   77   79                       -0.02768744500532322253                                                    
op     22   26   74   78   26   22   74   78                       -0.02544089768968492427                                                    
op     25   27   77   79   27   25   77   79                       -0.03130962568672112506                                                    
om     23   26   74   78   26   23   74   78                        0.02872450115824819183                                                    
a_ia   74   78                                                      0.00667575799820933381                                                    
op     25   29   75   81   29   25   75   81                       -0.00705716420930966540                                                    
op     23   29   77   81   29   23   77   81                       -0.00951578649541956999                                                    
op     23   29   75   81   29   23   75   81                       -0.00487475434283136597                                                    
op     21   26   73   78   26   21   73   78                       -0.00529643762304584428                                                    
op     22   26   75   78   26   22   75   78                        0.02480684165861923168                                                    
op     24   27   74   79   27   24   74   79                       -0.02581461983417398728                                                    
a_ia   79   81                                                     -0.22362407634368117182                                                    
om     22   26   73   78   26   22   73   78                       -0.00103517977818265417                                                    
op     25   30   77   82   30   25   77   82                       -0.00539310438350296042                                                    
mvp2   25   27   76   78   27   25   76   78                        0.04485515608294719792   -0.36933141198237245950                          
mvp2   25   27   74   78   27   25   74   78                        0.03246362030543330918    0.04542645164648287381                          
mvp2   25   27   75   78   27   25   75   78                       -0.02850728374398658546   -0.15056183544591031365                          
a_ia   24   25                                                     -0.51806715016480331393                                                    
mvp2   24   26   76   78   26   24   76   78                       -0.03809554640259620734   -0.47407495858592846316                          
a_ia   76   78                                                     -0.00915349535232584145                                                    
mvp2   24   26   76   79   26   24   76   79                        0.03743136366659785552   -0.22920312910802717599                          
a_ia   75   79                                                     -0.00640510873028336206                                                    
mvp2   23   26   76   79   26   23   76   79                       -0.02061242494849587631   -0.02837867325641886193                          
mvp2   24   26   77   79   26   24   77   79                        0.03001863729225144259   -0.18992482715201677856                          
mvp2   23   26   77   79   26   23   77   79                       -0.02775477860303783573    0.04523249692600845445                          
mvp2   22   26   77   79   26   22   77   79                        0.02335575027153756825   -0.07562953079785046662                          
a_ia   76   77                                                     -0.00462857096458150433                                                    
om     22   26   76   79   26   22   76   79                        0.01713023193777238329                                                    
mvp2   22   27   76   79   27   22   76   79                       -0.01943243624704212372    0.20388341833125006586                          
a_ia   75   81                                                      0.00320859080592885522                                                    
a_ia   24   25                                                      0.28190459129446432396                                                    
op     22   27   74   79   27   22   74   79                       -0.01374598754806368416                                                    
mvp2   23   27   75   79   27   23   75   79                       -0.01565574079995227588   -0.65157817065590906136                          
mvp2   23   27   76   79   27   23   76   79                        0.02312919627404087797   -0.49954930997885965693                          
mvp2   21   26   74   78   26   21   74   78                       -0.00733224563796998265   -0.16609731255352158663                          
a_ia   75   77                                                     -0.10687878774474394994                                                    
mvp2   25   27   74   79   27   25   74   79                       -0.01919522554672218467   -0.11801500982393448025                          
a_ia   23   25                                                     -0.09428116011439965916                                                    
mvp2   23   27   74   79   27   23   74   79                        0.01469310192030833830    0.41444571697563664658                          
op     21   27   76   79   27   21   76   79                       -0.01283822531775516765                                                    
a_ia   22   27                                                      0.00282661298753155744                                                    
op     21   27   74   79   27   21   74   79                       -0.00938748840255687611                                                    
mvp2   21   26   76   79   26   21   76   79                        0.00837736741414744392   -0.06303759745253446900                          
a_ia   73   76                                                     -0.20457862439566160129                                                    
op     19   26   71   78   26   19   71   78                       -0.00749552000655143678                                                    
op     19   26   70   78   26   19   70   78                        0.00592547413733145612                                                    
op     18   26   70   78   26   18   70   78                       -0.00652210879700777704                                                    
op     18   26   71   78   26   18   71   78                        0.00545621008577507234                                                    
a_ia   23   25                                                     -0.09018132211437236700                                                    
a_ia   75   77                                                     -0.11345255865745405843                                                    
mvp2   24   27   75   79   27   24   75   79                        0.02187983238187642468    0.22049868221615301356                          
mvp2   21   27   77   79   27   21   77   79                       -0.01096026110758305944   -0.01501012173450403699                          
a_ia   21   23                                                      0.31196750921411936508                                                    
mvp2   22   27   77   79   27   22   77   79                       -0.00961806794345554036    0.18513573379285119813                          
om     22   27   75   79   27   22   75   79                        0.00851426157016413852                                                    
op     25   32   77   84   32   25   77   84                       -0.00632631905789106039                                                    
op     25   31   77   83   31   25   77   83                       -0.00571355788834843319                                                    
op     25   31   77   84   31   25   77   84                       -0.00441648950544592557                                                    
op     25   33   77   85   33   25   77   85                       -0.00502859163230490441                                                    
op     25   41   77   93   41   25   77   93                       -0.00809859872820098414                                                    
a_ia   25   41                                                     -0.00118814732500756976                                                    
op     25   41   77   81   41   25   77   81                       -0.01084075928428479899                                                    
a_ia   24   30                                                      0.00100142103197220435                                                    
op     16   26   68   78   26   16   68   78                       -0.00791983297145826270                                                    
op     13   30   65   82   30   13   65   82                       -0.01063267471001831145                                                    
a_ia   13   30                                                      0.00196910921379450351                                                    
a_ia   65   82                                                      0.00196347505217110176                                                    
a_ia   18   30                                                     -0.00111271164600604071                                                    
om     13   31   65   83   31   13   65   83                       -0.01076114904785630336                                                    
a_ia   13   31                                                     -0.00154306666161207421                                                    
a_ia   65   83                                                     -0.00170102068716732708                                                    
op     13   34   65   86   34   13   65   86                       -0.00547083204320871971                                                    
a_ia   13   34                                                      0.00174320647256677214                                                    
a_ia   65   86                                                      0.00179659361134268847                                                    
op     13   28   65   80   28   13   65   80                       -0.00825479196023203715                                                    
op     13   33   65   85   33   13   65   85                       -0.00431852949107046705                                                    
a_ia   13   28                                                      0.00187182080545237987                                                    
a_ia   65   85                                                      0.00143539951960187950                                                    
a_ia   13   33                                                      0.00143370126454785856                                                    
a_ia   65   80                                                      0.00178417529950129772                                                    
op     16   30   68   82   30   16   68   82                       -0.00439437053321220517                                                    
a_ia   16   30                                                      0.00192901511956662945                                                    
op     14   30   66   82   30   14   66   82                       -0.00396896094159978653                                                    
a_ia   68   82                                                      0.00185014788766678590                                                    
op     12   30   64   82   30   12   64   82                       -0.00778589929047183125                                                    
a_ia   14   26                                                     -0.00235614950444261841                                                    
a_ia   66   78                                                     -0.00043974631071770702                                                    
op      9   30   61   82   30    9   61   82                       -0.00758718163388028086                                                    
a_ia   61   82                                                     -0.00190430701139555360                                                    
a_ia    9   30                                                     -0.00205550210850478313                                                    
a_ia   67   82                                                     -0.00159938157316893872                                                    
a_ia   15   30                                                     -0.00164452629386969257                                                    
op      0   30   52   82   30    0   52   82                       -0.00770618006265511284                                                    
op      5   30   57   82   30    5   57   82                       -0.00646767485678636112                                                    
op      0   30   57   82   30    0   57   82                       -0.00351211298114586113                                                    
op      8   30   57   82   30    8   57   82                       -0.00542524307506585517                                                    
op      8   30   60   82   30    8   60   82                       -0.00535644004499782715                                                    
op      5   30   60   82   30    5   60   82                       -0.00533653420303796359                                                    
op      8   30   52   82   30    8   52   82                       -0.00339389910649483912                                                    
op      0   30   56   82   30    0   56   82                        0.00316070744445687410                                                    
a_ia   56   82                                                      0.00141175876187212414                                                    
op      5   30   52   82   30    5   52   82                       -0.00356459524525803203                                                    
op      6   30   58   82   30    6   58   82                       -0.00343577231021017192                                                    
a_ia    6   30                                                     -0.00102353731707706549                                                    
a_ia    4   30                                                      0.00140470112929372650                                                    
op      3   30   55   82   30    3   55   82                       -0.00326834194786327888                                                    
a_ia   69   78                                                     -0.00083594905760403320                                                    
op      3   30   54   82   30    3   54   82                        0.00298715605705648706                                                    
a_ia    3   30                                                     -0.00046631685410421795                                                    
op     12   31   64   83   31   12   64   83                       -0.00785937135176502898                                                    
a_ia   12   31                                                     -0.00702339162630424233                                                    
a_ia   64   83                                                     -0.00355081530227191423                                                    
a_ia   71   83                                                     -0.00003229425120387718                                                    
op      2   30   54   82   30    2   54   82                       -0.00323949885868505356                                                    
a_ia    2   30                                                      0.00049227560872873270                                                    
mvp2   14   27   76   79   27   14   76   79                       -0.00520203492539235684   -0.04574222902578260752                          
a_ia   76   79                                                      0.00097961474185645925                                                    
a_ia   14   27                                                      0.00222896300128706338                                                    
a_ia   73   74                                                     -0.36744366750160922797                                                    
a_ia   27   29                                                     -0.20906644864502990644                                                    
a_ia   71   76                                                      0.27100578437911182483                                                    
a_ia   23   27                                                     -0.00230427452989400480                                                    
a_ia   74   79                                                      0.00405166198398039957                                                    
om     14   27   66   79   27   14   66   79                       -0.00672176094805911582                                                    
a_ia   66   79                                                      0.00274071538448052198                                                    
a_ia   66   83                                                      0.00133597499467408070                                                    
a_ia   14   31                                                     -0.00017346237304823983                                                    
mvp2   24   27   66   79   27   24   66   79                       -0.00632844676628333078    0.05594222456636189361                          
a_ia   72   83                                                     -0.00068312512077449308                                                    
a_ia   23   29                                                      0.00289830046326909315                                                    
a_ia   66   71                                                      0.41986926379785882713                                                    
a_ia   19   31                                                      0.00043104569001933683                                                    
mvp2   25   29   77   93   29   25   77   93                       -0.01304969146347008391    0.10115193024490985729                          
a_ia   77   93                                                     -0.00123109815624132925                                                    
mvp2   25   29   65   86   29   25   65   86                        0.00901938919774337641   -0.26165391347653682574                          
mvp2   13   29   25   34   13   25   29   34                       -0.00864916530116234886    0.26280351540932983534                          
op     14   31   64   83   31   14   64   83                        0.00111895616270989390                                                    
mvp2   24   27   64   83   27   24   64   83                       -0.01074365861464660413    0.14883309803466071575                          
a_ia   66   76                                                     -0.13582343381041736552                                                    
mvp2   12   27   24   31   12   24   27   31                        0.00817696148598761295   -0.20461921855181244845                          
a_ia   14   24                                                     -0.34185617862115991183                                                    
om      2   30   55   82   30    2   55   82                        0.00297958058922123334                                                    
om      9   33   61   85   33    9   61   85                       -0.01144203957388850203                                                    
a_ia   61   85                                                      0.00192733787819047140                                                    
a_ia    9   33                                                      0.00194977820495590456                                                    
a_ia    9   31                                                     -0.00230729876808942382                                                    
a_ia   64   85                                                      0.00152727113306743920                                                    
om      9   31   61   83   31    9   61   83                       -0.00467061696142458908                                                    
a_ia   61   83                                                     -0.00206660163060232160                                                    
a_ia   14   33                                                     -0.00020371962002378548                                                    
a_ia   66   76                                                     -0.08856027922953389753                                                    
a_ia   12   33                                                      0.00155612742703262847                                                    
a_ia   12   14                                                     -0.30251047859453700228                                                    
a_ia   12   31                                                      0.00323981187924785334                                                    
a_ia   64   79                                                      0.00012392924332949604                                                    
a_ia   64   76                                                     -0.05241606658160549714                                                    
a_ia   64   66                                                     -0.16945502740308182599                                                    
mvp2   25   41   65   86   41   25   65   86                        0.00407950978935887800    0.12485470268373131952                          
om     12   28   64   80   28   12   64   80                       -0.00980163903727727590                                                    
om     13   28   64   80   28   13   64   80                        0.00679736384040841024                                                    
op     12   32   64   84   32   12   64   84                       -0.00637328280760957478                                                    
a_ia   12   32                                                      0.00235548959318346556                                                    
a_ia   64   84                                                      0.00233701668844457557                                                    
a_ia   22   29                                                     -0.00178659486433045234                                                    
a_ia   12   34                                                     -0.00166418635630108326                                                    
om     12   34   64   86   34   12   64   86                       -0.00398395579203299471                                                    
a_ia   64   86                                                     -0.00165600998707395334                                                    
om      4   30   52   82   30    4   52   82                        0.00317544563521665558                                                    
om      9   32   61   84   32    9   61   84                       -0.00675203883644052982                                                    
a_ia    9   32                                                     -0.00070500794256764504                                                    
om      9   32   61   85   32    9   61   85                       -0.00425330497717175005                                                    
op     12   28   65   80   28   12   65   80                        0.00665311135324921608                                                    
om     13   32   65   84   32   13   65   84                       -0.00467809947426137650                                                    
op     16   31   68   83   31   16   68   83                       -0.00550991006230442965                                                    
a_ia   19   24                                                      0.22024454771922971630                                                    
om      8   31   60   83   31    8   60   83                       -0.00763552694672687063                                                    
a_ia    8   31                                                      0.00089740154014934239                                                    
op     10   31   62   83   31   10   62   83                       -0.00467377892367757362                                                    
om      5   31   57   83   31    5   57   83                       -0.00570791533749505538                                                    
a_ia   57   83                                                     -0.00088810414396554111                                                    
a_ia    5   31                                                     -0.00081439538729638256                                                    
a_ia   63   83                                                      0.00088788584626978042                                                    
a_ia   11   31                                                      0.00081575636640835846                                                    
op     16   33   68   85   33   16   68   85                       -0.00438865920541160921                                                    
a_ia   65   74                                                     -0.08395462073755728671                                                    
op      4   30   56   82   30    4   56   82                       -0.00224047735921645546                                                    
om     16   32   68   84   32   16   68   84                       -0.00687966348180493563                                                    
a_ia   66   84                                                     -0.00114010742049777398                                                    
a_ia   61   84                                                     -0.00071659640780576714                                                    
om      9   34   61   86   34    9   61   86                       -0.00527803109439036432                                                    
a_ia    9   34                                                     -0.00113966776433454924                                                    
a_ia   64   75                                                      0.10578108826668820852                                                    
mvp2    9   36   77   81   36    9   77   81                       -0.01350809351559971623   -0.18634053710671139026                          
a_ia    9   36                                                     -0.00296677573117315766                                                    
a_ia    9   41                                                     -0.00181719424103265570                                                    
a_ia    9   35                                                      0.00219102495138488859                                                    
a_ia    9   37                                                     -0.00184312620202148705                                                    
a_ia    9   38                                                      0.00220878738042058331                                                    
a_ia    9   40                                                     -0.00178513198086844454                                                    
a_ia    9   42                                                      0.00158983776497236386                                                    
a_ia    9   39                                                      0.00118621379075798815                                                    
a_ia   61   86                                                     -0.00102908154424319917                                                    
a_ia   25   36                                                     -0.00027082693243375103                                                    
mvp2   25   29   61   88   29   25   61   88                       -0.00725877561454190637    0.19632693116852054094                          
a_ia   61   88                                                     -0.00350739195616634998                                                    
a_ia   61   93                                                     -0.00137904415478925547                                                    
a_ia   61   87                                                      0.00215778438551065014                                                    
a_ia   61   89                                                     -0.00185833836093718331                                                    
a_ia   61   90                                                      0.00215640360756923482                                                    
a_ia   61   92                                                     -0.00157308559204618562                                                    
a_ia   61   91                                                      0.00091657322963445030                                                    
a_ia   61   94                                                      0.00156581325949802321                                                    
om      9   40   61   92   40    9   61   92                       -0.00207767647265612136                                                    
om      9   38   61   90   38    9   61   90                       -0.00379735931179165645                                                    
op      9   37   61   89   37    9   61   89                       -0.00471554848830381835                                                    
a_ia   71   79                                                      0.00079111022790937728                                                    
op      9   36   61   88   36    9   61   88                       -0.00454362109973967254                                                    
om      9   37   61   91   37    9   61   91                        0.00120162763872671153                                                    
mvp2    9   36   61   91   36    9   61   91                        0.00216387510233143586   -0.57260827249920376314                          
a_ia    9   36                                                     -0.00088342831066791198                                                    
mvp2    9   36   61   92   36    9   61   92                       -0.00304918718237289681    0.65955662912304102719                          
a_ia   61   92                                                      0.00146850573554732850                                                    
a_ia   61   91                                                     -0.00145506954628381530                                                    
a_ia   77   92                                                      0.00339908915862610498                                                    
mvp2   61   92   77   93   61   77   93   92                       -0.00443781640757377402   -0.09245863949944135851                          
mvp2    9   36   77   93   36    9   77   93                       -0.00518677004292433970   -0.07925783572110511876                          
a_ia   77   93                                                     -0.00052202638270402860                                                    
mvp2    9   37   77   81   37    9   77   81                       -0.00621060749570072953   -0.15758271534865261887                          
op      9   37   77   93   37    9   77   93                       -0.00371259154131535441                                                    
mvp2    9   40   77   81   40    9   77   81                       -0.00557355486176269645   -0.18221185705189085757                          
a_ia    9   36                                                     -0.00199307609745264392                                                    
a_ia   25   40                                                      0.00339771547827612697                                                    
a_ia   25   37                                                     -0.00085929533530877851                                                    
op     25   40   77   92   40   25   77   92                       -0.00491595224919779902                                                    
mvp2    9   36   61   89   36    9   61   89                       -0.00308242158992163250    0.69181322487113050546                          
a_ia   61   89                                                      0.00173161509968309895                                                    
mvp2   25   37   77   93   37   25   77   93                       -0.00375695966265427979   -0.36987433171953648658                          
mvp2   25   40   77   93   40   25   77   93                        0.00379564668128388018    0.24370907004972808263                          
a_ia   77   93                                                     -0.00137453479119065765                                                    
mvp2   25   40   77   81   40   25   77   81                        0.00427153267297307893    0.03815153183762529099                          
mvp2    9   39   61   91   39    9   61   91                       -0.00266162854334369998   -0.76328253673669488322                          
a_ia    9   36                                                     -0.00214360668096740242                                                    
a_ia   61   91                                                      0.00116233476528155070                                                    
a_ia   12   28                                                     -0.00087072457039719109                                                    
om     25   41   77   92   41   25   77   92                        0.00377977468415675085                                                    
a_ia   64   88                                                     -0.00153120464230995477                                                    
a_ia   64   87                                                     -0.00107640251081896586                                                    
a_ia   12   35                                                     -0.00107745432102691755                                                    
a_ia   12   29                                                     -0.00065114790516845075                                                    
op     12   35   64   87   35   12   64   87                       -0.00292445939170822046                                                    
op      9   39   61   89   39    9   61   89                        0.00231232418056513808                                                    
a_ia    9   39                                                     -0.00049415312692428195                                                    
mvp2    9   36   61   93   36    9   61   93                       -0.00225621825345443056    0.25554481880245544234                          
a_ia   61   93                                                      0.00063281833309092729                                                    
a_ia   64   81                                                     -0.00057171686617512305                                                    
om     12   40   64   92   40   12   64   92                       -0.00230959689204614151                                                    
mvp2   12   40   77   81   40   12   77   81                       -0.00480293057724910481   -0.11432676200589138304                          
a_ia   12   41                                                      0.00112462178827664808                                                    
a_ia   12   36                                                     -0.00157858316231299133                                                    
a_ia   12   37                                                     -0.00109119685947929872                                                    
mvp2   25   37   77   81   37   25   77   81                       -0.00562853523764843874   -0.10224740112265581771                          
mvp2   64   81   77   92   64   77   81   92                        0.00327893212511942960   -0.15770374805437531451                          
op     12   44   64   96   44   12   64   96                       -0.00418371315393167680                                                    
a_ia   12   44                                                      0.00059225962370903010                                                    
a_ia   64   93                                                      0.00122076055258168743                                                    
op      9   41   61   93   41    9   61   93                       -0.00256989004151353048                                                    
om     12   38   64   90   38   12   64   90                       -0.00414893303062650789                                                    
a_ia   12   38                                                     -0.00141132923915714245                                                    
a_ia   64   96                                                      0.00061064597228161345                                                    
a_ia   64   90                                                     -0.00131679440844871217                                                    
a_ia   64   89                                                     -0.00099646548396741539                                                    
a_ia   64   91                                                      0.00084811134149189338                                                    
a_ia   12   39                                                      0.00075277800069011437                                                    
a_ia    9   44                                                      0.00040200073653717659                                                    
op     12   43   64   95   43   12   64   95                       -0.00185880298856191972                                                    
a_ia   12   42                                                     -0.00044995946529374618                                                    
op     12   45   64   97   45   12   64   97                       -0.00210136750425231117                                                    
op     12   50   64  102   50   12   64  102                       -0.00286171408040429174                                                    
op     12   46   64   98   46   12   64   98                       -0.00147307280068863494                                                    
op     12   47   64   99   47   12   64   99                       -0.00171821878228678318                                                    
op     12   47   64  102   47   12   64  102                       -0.00111100725286080826                                                    
om      9   44   61   96   44    9   61   96                       -0.00178518206251768240                                                    
op      7   31   59   83   31    7   59   83                       -0.00186810237524207804                                                    
om      3   31   55   83   31    3   55   83                       -0.00397993920027621666                                                    
a_ia   56   83                                                     -0.00041931255671034663                                                    
op      6   31   58   83   31    6   58   83                       -0.00467392037094420138                                                    
a_ia    6   31                                                     -0.00041598448577806490                                                    
om      2   31   54   83   31    2   54   83                       -0.00387189513457914837                                                    
a_ia   58   82                                                     -0.00096593683472704782                                                    
a_ia    0   30                                                     -0.00037412874608723056                                                    
a_ia    2   31                                                      0.00037606408492479914                                                    
a_ia   76   84                                                     -0.00049522835079786960                                                    
op      2   31   55   83   31    2   55   83                        0.00354891412404472048                                                    
