op     31   32   95   96   32   31   95   96                       -0.13247794410856797431                                                    
op     31   33   95   97   33   31   95   97                       -0.01326568692326556345                                                    
op     28   33   92   97   33   28   92   97                       -0.05611410353881515767                                                    
op     28   32   92   96   32   28   92   96                       -0.11318227677209551085                                                    
op     31   34   95   98   34   31   95   98                       -0.00578517646703623038                                                    
a_ia   92   96                                                     -0.00071183878980195930                                                    
mvp2   31   33   92   96   33   31   92   96                       -0.06416398428835348722   -0.48815200604121106176                          
a_ia   32   33                                                     -0.07564515784702628698                                                    
mvp2   28   32   95   97   32   28   95   97                       -0.07535781025675800104    0.52303360901000317540                          
mvp2   31   34   92   96   34   31   92   96                       -0.07409564969504023324   -0.73465386126693410507                          
mvp2   28   32   95   98   32   28   95   98                       -0.04129460071404040394    0.31931807360581637711                          
a_ia   96   98                                                      0.09477176290493366517                                                    
a_ia   92   98                                                     -0.00371359928085235498                                                    
om     28   33   92   98   33   28   92   98                       -0.02821962403660258772                                                    
mvp2   28   34   92   98   34   28   92   98                       -0.02805273308460858386   -0.47073557777427543769                          
mvp2   28   33   95   97   33   28   95   97                       -0.00339954497379905312    0.02554237065199125786                          
a_ia   28   33                                                     -0.00716026787047677974                                                    
mvp2   28   34   92   97   34   28   92   97                       -0.05316233021214322729   -0.47252847383919388546                          
a_ia   93   95                                                      0.13098902967533626596                                                    
a_ia   96   97                                                      0.25827890122347518798                                                    
a_ia   29   32                                                      0.00218864305967755033                                                    
mvp2   31   34   95   96   34   31   95   96                        0.04051638278560638212   -0.11829951006174387051                          
mvp2   28   34   95   96   34   28   95   96                       -0.05734241590970854535   -0.10876298135828037228                          
om     28   34   95   98   34   28   95   98                        0.00164464006804633284                                                    
a_ia   92   93                                                      0.09158893070637222356                                                    
a_ia   32   33                                                      0.01296795184464533644                                                    
op     25   34   89   98   34   25   89   98                       -0.01833973778308869637                                                    
op     25   33   89   98   33   25   89   98                        0.02554987137753510218                                                    
a_ia   33   34                                                     -0.26078451837216021225                                                    
op     25   32   89   98   32   25   89   98                       -0.00786421454198927249                                                    
op     25   34   87   98   34   25   87   98                        0.01612198417780575169                                                    
op     25   34   91   98   34   25   91   98                       -0.01065301056856047222                                                    
op     27   34   91   98   34   27   91   98                       -0.00698126608178551832                                                    
a_ia   29   31                                                      0.14190859612986217453                                                    
a_ia   89   95                                                      0.11930035183333374815                                                    
op     25   33   87   98   33   25   87   98                       -0.01250213076387662881                                                    
a_ia   25   33                                                      0.00063007894080663600                                                    
mvp2   28   33   95   96   33   28   95   96                       -0.03297804646700168429   -0.09279783096029169120                          
a_ia   92   97                                                     -0.00861434965982270200                                                    
op     31   32   92   97   32   31   92   97                       -0.02060741915441804267                                                    
a_ia   31   32                                                     -0.00450890547881241215                                                    
a_ia   91   95                                                      0.07835552929429955016                                                    
mvp2   25   32   95   96   32   25   95   96                        0.00099535585439990961    0.00453006429142616043                          
op     25   32   89   96   32   25   89   96                       -0.00301103166416943511                                                    
a_ia   87   95                                                     -0.08971523482751359024                                                    
a_ia   25   31                                                      0.15458844885772646260                                                    
om     23   34   89   98   34   23   89   98                       -0.00099182602475721376                                                    
mvp2   23   33   89   98   33   23   89   98                        0.00057217184255274167    0.06358210692725825564                          
op     28   47   92  111   47   28   92  111                       -0.00730752933608467929                                                    
a_ia   28   47                                                     -0.00080345438444507332                                                    
a_ia   92  102                                                      0.00184705855502714680                                                    
op     28   40   92  104   40   28   92  104                       -0.00712548153674828245                                                    
a_ia   28   40                                                      0.00130960488115800596                                                    
a_ia   92  111                                                     -0.00127769653961656588                                                    
a_ia   28   41                                                     -0.00372184378805135710                                                    
a_ia   28   42                                                     -0.00253884188945164690                                                    
a_ia   92  105                                                     -0.00448346801781574975                                                    
mvp2   31   47   95   96   47   31   95   96                       -0.00498744143951243384   -0.02351695584282147145                          
a_ia   31   47                                                      0.02799474827454092457                                                    
op     28   56   92  120   56   28   92  120                       -0.00115489468321168780                                                    
a_ia   28   56                                                      0.00324293901947178944                                                    
a_ia   92  120                                                      0.00152019791806239785                                                    
op     28   48   92  112   48   28   92  112                       -0.00309050255512226041                                                    
mvp2   31   32   95  111   32   31   95  111                       -0.00412519247237539809   -0.04390435573639787231                          
a_ia   32   47                                                     -0.09632009732516613743                                                    
a_ia   95  111                                                     -0.01611286587988185540                                                    
a_ia   96  111                                                     -0.19047197147756100843                                                    
a_ia   96   99                                                     -0.08436251373411002286                                                    
a_ia   32   35                                                     -0.06578130082730367090                                                    
a_ia   31   47                                                     -0.01423117190571157251                                                    
a_ia   97  111                                                      0.15301259616612450376                                                    
a_ia   95   97                                                      0.00132445722185264673                                                    
a_ia   28   46                                                      0.00235715151747187615                                                    
mvp2   31   47   95   97   47   31   95   97                        0.00188935586301204237    0.02321238598599079800                          
mvp2   31   47   95  111   47   31   95  111                       -0.00378782966642161704   -0.04558293767944247149                          
a_ia   92  110                                                      0.00245453087519785680                                                    
a_ia   95  111                                                      0.01970081846684981070                                                    
a_ia   28   45                                                      0.00275962538108995813                                                    
a_ia   92  109                                                      0.00268328738079091824                                                    
op     25   34   89   97   34   25   89   97                        0.01482000104755815638                                                    
a_ia   89   97                                                      0.00164947593353947453                                                    
a_ia   23   33                                                     -0.00013927198468119393                                                    
op     25   34   87   97   34   25   87   97                       -0.00894396564258524186                                                    
op     31   36   95  100   36   31   95  100                       -0.00544006903369925136                                                    
a_ia   96  100                                                      0.03917386995758016799                                                    
om     25   33   89   97   33   25   89   97                       -0.01302929547306866907                                                    
om     29   34   93   98   34   29   93   98                       -0.00906591714081336937                                                    
a_ia   91   98                                                     -0.00182066276225134344                                                    
om     23   34   87   98   34   23   87   98                        0.00012877622902573730                                                    
a_ia   33   47                                                      0.21922856684626101931                                                    
a_ia   32   47                                                     -0.04127563689443041611                                                    
a_ia   31   33                                                      0.00946623522053351325                                                    
mvp2   25   32   89   97   32   25   89   97                        0.00673400334372977784   -0.22184588635826785197                          
a_ia   31   47                                                     -0.01040799204774198530                                                    
mvp2   23   34   89   97   34   23   89   97                        0.00047547298023294186    0.04422069625227584289                          
a_ia   23   29                                                      0.19381019386586104125                                                    
om     23   34   87   97   34   23   87   97                       -0.00011371869984978562                                                    
op     30   34   94   98   34   30   94   98                       -0.00547203311514913183                                                    
op     30   34   89   98   34   30   89   98                       -0.00378827443994419512                                                    
om     25   34   94   98   34   25   94   98                       -0.01168219791912026434                                                    
a_ia   89   98                                                     -0.00256371667878669499                                                    
a_ia   25   34                                                     -0.00466546151390485365                                                    
a_ia   25   30                                                      0.23098234849725041151                                                    
a_ia   87   98                                                      0.00189377188000840581                                                    
a_ia   87   97                                                     -0.00068244006173916866                                                    
mvp2   31   41   95   96   41   31   95   96                       -0.01268856192196659086   -0.00832157321312698879                          
a_ia   31   41                                                      0.00344331044484541245                                                    
om     31   41   95  105   41   31   95  105                       -0.00738604195522264868                                                    
a_ia   95  105                                                      0.00380984458641430573                                                    
op     31   37   95  101   37   31   95  101                       -0.00546118456602231409                                                    
a_ia   95  101                                                      0.00192336027737081993                                                    
a_ia   31   37                                                      0.00148553092648394240                                                    
op     31   38   95  102   38   31   95  102                       -0.00744217612311379260                                                    
a_ia   33   35                                                      0.08469309212169734424                                                    
a_ia   96  105                                                      0.04089922079363721846                                                    
a_ia   96  101                                                     -0.01716118175207238458                                                    
om     28   56   77  120   56   28   77  120                        0.01165811222459631029                                                    
a_ia   77   95                                                      0.10350130280126514093                                                    
om     28   56   77   96   56   28   77   96                       -0.00881937757891002733                                                    
a_ia   77   96                                                     -0.00660270235246519701                                                    
a_ia   95  120                                                     -0.00081944222052985900                                                    
a_ia   95   99                                                     -0.00168284542736536996                                                    
a_ia   31   38                                                     -0.00046759081278432898                                                    
om     13   56   77  120   56   13   77  120                       -0.02080391681215825947                                                    
op     13   32   77  120   32   13   77  120                        0.01992252115084462358                                                    
a_ia   13   32                                                      0.00545033211954961110                                                    
a_ia   77  120                                                     -0.00094866190081043607                                                    
op     13   32   77   96   32   13   77   96                       -0.02892611877687757682                                                    
a_ia   28   38                                                      0.00174784591925817461                                                    
om     13   56   77   96   56   13   77   96                        0.02163247235387037726                                                    
om     13   56   92  120   56   13   92  120                        0.01207943302658237052                                                    
a_ia   92  101                                                     -0.00209440841409610102                                                    
a_ia   13   28                                                     -0.07523741830967407840                                                    
a_ia   13   31                                                      0.04853674720098914014                                                    
a_ia   77   92                                                     -0.37908343095656266142                                                    
a_ia   32   33                                                      0.32963421871654924322                                                    
a_ia   32   36                                                      0.03561383852206120859                                                    
om     13   32   92  120   32   13   92  120                       -0.00690599231259658806                                                    
mvp2   13   32   92   96   32   13   92   96                        0.02017436481773944579    0.16830000916910248243                          
om     13   56   92   96   56   13   92   96                       -0.00693852853554988418                                                    
a_ia   92   96                                                     -0.00412123114181179792                                                    
om     28   32   77  120   32   28   77  120                       -0.00504865407664400849                                                    
a_ia   32   37                                                     -0.01689897706884505024                                                    
mvp2   28   32   77   96   32   28   77   96                        0.02178653982313377355   -0.22834922296129381292                          
a_ia   28   37                                                     -0.00195144475972860304                                                    
a_ia   13   32                                                     -0.01160755597880035531                                                    
a_ia   13   28                                                     -0.32081151597824841826                                                    
op     13   56   77  120   56   13   77  120                       -0.01074452697169164458                                                    
mvp2   28   32   92  120   32   28   92  120                        0.00460388202566599722    0.01240242366559570278                          
om     14   56   77  120   56   14   77  120                        0.00131243400249929322                                                    
op     14   56   92  120   56   14   92  120                       -0.00123286887922311491                                                    
a_ia   28   32                                                     -0.00358443464648976282                                                    
mvp2   14   32   92  120   32   14   92  120                       -0.00104662787379784772   -0.13792759568514503798                          
mvp2   14   32   77  120   32   14   77  120                        0.00122925632425584046    0.02254022888944721970                          
a_ia   14   32                                                      0.00018257341087776519                                                    
op     14   32   77   96   32   14   77   96                       -0.00116320847064552255                                                    
om     14   56   77   96   56   14   77   96                       -0.00073157722297647904                                                    
mvp2   14   56   92   96   56   14   92   96                        0.00097109503910005951   -0.01478096643804336675                          
op     13   56   78  120   56   13   78  120                       -0.00106678149187448119                                                    
op     14   56   78  120   56   14   78  120                        0.00021527565111611915                                                    
a_ia   13   14                                                      0.55704684446912988705                                                    
a_ia   13   34                                                     -0.00062195520479577592                                                    
om     28   56   78  120   56   28   78  120                        0.00063679896462639498                                                    
mvp2   28   56   78   96   56   28   78   96                       -0.00036626723905164424    0.07932746659081849061                          
mvp2   13   56   78   96   56   13   78   96                        0.00062014503492688561    0.09351587317078013939                          
a_ia   78   96                                                     -0.00079121430587674759                                                    
a_ia   78   92                                                      0.00567997861859141293                                                    
a_ia   77   78                                                      0.57727641379609606620                                                    
a_ia   13   25                                                     -0.23468329895257813988                                                    
a_ia   95  107                                                     -0.00321899717852619201                                                    
a_ia   95  106                                                      0.00254546382798990318                                                    
a_ia   95  112                                                      0.00241952528651594384                                                    
a_ia   95  110                                                     -0.00349270185459358683                                                    
a_ia   95  109                                                     -0.00363926623095674456                                                    
a_ia   95  113                                                      0.00203845354438689360                                                    
a_ia   95  115                                                      0.00291641442979528398                                                    
a_ia   95  116                                                     -0.00210409801450341669                                                    
a_ia   78   92                                                      0.00516514654167839465                                                    
a_ia   31   43                                                     -0.00361474135664216619                                                    
a_ia   31   42                                                      0.00248168676329523245                                                    
a_ia   31   46                                                     -0.00297605442970680237                                                    
a_ia   31   45                                                     -0.00361477203294053662                                                    
a_ia   31   48                                                      0.00217670300250912387                                                    
a_ia   31   49                                                      0.00197697220109252590                                                    
a_ia   31   51                                                      0.00291777068005098610                                                    
a_ia   31   52                                                     -0.00200390457439151475                                                    
op     31   51   95  115   51   31   95  115                       -0.00306643965170940282                                                    
a_ia   33   36                                                     -0.01906862524338150816                                                    
a_ia   14   34                                                     -0.00012441830560599025                                                    
op     31   49   95  113   49   31   95  113                       -0.00382000463514536263                                                    
mvp2   28   34   92   96   34   28   92   96                        0.01904715286804894991    0.20124571051859174720                          
mvp2   25   34   89   96   34   25   89   96                       -0.00454572288328836463   -0.14643096586663195691                          
a_ia   28   56                                                     -0.00169476188389981676                                                    
a_ia   89   96                                                      0.00195132228159072677                                                    
a_ia   96   98                                                     -0.31947521062835904093                                                    
mvp2   13   56   64  127   56   13   64  127                       -0.00899490702358250044    0.29259161646872866580                          
mvp2   28   56   64  127   56   28   64  127                        0.00791886734271237021   -0.06497834393789311824                          
a_ia   64  127                                                     -0.00086326981919607312                                                    
mvp2   28   32   64  127   32   28   64  127                       -0.00560604799988124233    0.00416478117778472726                          
om     13   32   64  127   32   13   64  127                        0.00359877546693095898                                                    
op     14   56   64  127   56   14   64  127                       -0.00585752749240895602                                                    
mvp2   13   56   64   99   56   13   64   99                        0.01495089613771688995   -0.68029161360306622530                          
mvp2   13   32   64   99   32   13   64   99                       -0.01301872718399028385    0.14349178850168539667                          
mvp2   28   56   64   99   56   28   64   99                       -0.01339693981473252804    0.19581716668652157654                          
mvp2   28   32   64   99   32   28   64   99                        0.01286384559534544531   -0.02795456535220776015                          
mvp2   14   56   64   99   56   14   64   99                        0.01074367001084419043   -0.01426356372797313483                          
mvp2   14   32   64   99   32   14   64   99                       -0.00661948958563543348    0.14341526900637580066                          
mvp2    0   63   64  127   63    0   64  127                       -0.00835919317176535455   -0.71043682124849594217                          
mvp2    0   63   64   99   63    0   64   99                        0.00744279134477569913    0.13901690622336695946                          
mvp2    0   35   64   99   35    0   64   99                       -0.01256639045030452304   -0.78626683339128544681                          
mvp2    0   35   64  127   35    0   64  127                        0.00679481037837296499   -0.05004875067547526896                          
mvp2    0   56   64  120   56    0   64  120                        0.00169783138003915565   -0.30268299237147611169                          
mvp2    0   63   77  120   63    0   77  120                       -0.00261903552901422308    0.03390478145590963832                          
mvp2    0   56   77  127   56    0   77  127                       -0.00604867169651286240   -0.24855375375597221765                          
mvp2    0   56   77   99   56    0   77   99                        0.01032979594219482836    0.21189431819202825258                          
mvp2    0   56   64   96   56    0   64   96                        0.00808795533875803635    0.24324054615204715457                          
mvp2    0   56   92  127   56    0   92  127                        0.00539861563987348737    0.19294410039778686627                          
om      0   63   92  120   63    0   92  120                        0.00177820268339405466                                                    
mvp2    0   56   92   99   56    0   92   99                       -0.00901121670299571617   -0.13767070052711080641                          
mvp2    0   56   78  127   56    0   78  127                       -0.00445309432631961488   -0.16828128014762538944                          
a_ia   92   99                                                      0.00204769923874206653                                                    
mvp2    0   56   78   99   56    0   78   99                        0.00714758735478968673    0.19217381659429993990                          
mvp2    0   56   64  120   56    0   64  120                       -0.01240986701132061089   -0.25333909033671847544                          
om     13   35   77   99   35   13   77   99                       -0.00476065775941992946                                                    
om      0   63   78  120   63    0   78  120                       -0.00167340274860210765                                                    
om      0   32   64   96   32    0   64   96                       -0.00317585378667273018                                                    
mvp2    0   32   64  120   32    0   64  120                        0.00290064730302223199   -0.13496788465326106654                          
mvp2    0   63   64   98   63    0   64   98                       -0.00151378750435943285    0.28750468383856569998                          
a_ia   89   92                                                     -0.06376842284682814055                                                    
a_ia   25   28                                                     -0.09504986627304706781                                                    
a_ia   23   34                                                     -0.00000829584028902943                                                    
a_ia   23   28                                                      0.02517270319291907074                                                    
a_ia   23   25                                                      0.37405369022560408521                                                    
a_ia   78   89                                                     -0.15019895036755420703                                                    
mvp2    0   35   77  120   35    0   77  120                        0.00070232568183699752    0.01601645227846316619                          
a_ia    0   35                                                     -0.00007188184963863566                                                    
mvp2    0   35   77   96   35    0   77   96                       -0.00249893392056321382   -0.03853082674305382399                          
mvp2    0   35   64  101   35    0   64  101                        0.00295012800922079535   -0.30203690583704018158                          
mvp2    0   37   64  101   37    0   64  101                       -0.00342741094568543370   -0.79721303374904028960                          
mvp2    0   37   64   99   37    0   64   99                        0.00282932357124451557    0.06117345892675445096                          
a_ia    0   37                                                      0.00069231030369533528                                                    
mvp2    0   37   64  127   37    0   64  127                       -0.00199680701534354389    0.09096729866233933814                          
om      0   36   64  100   36    0   64  100                       -0.00289798029599960122                                                    
a_ia    0   36                                                      0.00091958779368615210                                                    
a_ia   23   25                                                      0.23034838053348033471                                                    
a_ia   64  100                                                      0.00041914547547620648                                                    
a_ia   14   36                                                     -0.00087374176173923856                                                    
mvp2    0   43   64   99   43    0   64   99                        0.00451345630126340387    0.30905913948532920399                          
a_ia   14   37                                                      0.00148975005084740287                                                    
om      0   43   64  127   43    0   64  127                       -0.00275093083649515088                                                    
a_ia   99  100                                                      0.16598526496136981057                                                    
mvp2    0   41   64   99   41    0   64   99                       -0.00284066109463844982   -0.18089317109061978095                          
mvp2    0   43   64  107   43    0   64  107                       -0.00323537880306600098    0.78549272856239649165                          
mvp2    0   35   64  107   35    0   64  107                        0.00402673820101605903   -0.01453874939695294806                          
mvp2    0   35   64  112   35    0   64  112                        0.00430616826607090920   -0.19560014014662796544                          
mvp2    0   35   64  105   35    0   64  105                       -0.00285114067140483218    0.20106275813887117265                          
a_ia   33   39                                                      0.05770799784612400118                                                    
a_ia   33   38                                                     -0.02778803531917580644                                                    
mvp2    0   48   64   99   48    0   64   99                        0.00439604619112285520    0.19069813552361941644                          
op      0   48   64  112   48    0   64  112                       -0.00304089047322691607                                                    
op      0   48   64  127   48    0   64  127                       -0.00237176738535005210                                                    
mvp2    0   45   64   99   45    0   64   99                       -0.00393346312495002157   -0.25259846327851293024                          
op      0   45   64  127   45    0   64  127                        0.00233180058470723421                                                    
mvp2    0   46   64   99   46    0   64   99                       -0.00387841761727033846   -0.25137357874556903736                          
mvp2    0   46   64  110   46    0   64  110                       -0.00283310255980074276    0.78577467600736827791                          
mvp2    0   35   64  110   35    0   64  110                       -0.00371773853365670514    0.03799760281671268891                          
a_ia   33   46                                                     -0.03021956551978888933                                                    
mvp2    0   35   64  109   35    0   64  109                       -0.00377296024313791270    0.27048212513119435085                          
a_ia   99  102                                                      0.12041155248339005523                                                    
op      0   44   64  108   44    0   64  108                       -0.00239161902066154820                                                    
a_ia   64  104                                                      0.00052361694182185095                                                    
a_ia    0   40                                                      0.00051266375527191229                                                    
op      0   42   64  106   42    0   64  106                       -0.00270795068665764848                                                    
mvp2    0   35   64  108   35    0   64  108                        0.00289548691362188654   -0.11984700052529217995                          
a_ia   35   40                                                      0.17081198297688082732                                                    
mvp2    0   44   64   99   44    0   64   99                        0.00291873494987085003    0.11034202644691995521                          
mvp2    0   42   64   99   42    0   64   99                       -0.00193078388109694577   -0.18667133994494114480                          
mvp2    0   49   64   99   49    0   64   99                       -0.00267533331874282446   -0.11884183968683020849                          
a_ia   99  104                                                      0.17286341821725809131                                                    
mvp2    0   35   64  113   35    0   64  113                       -0.00265111074226947671    0.12653815994346281903                          
op      0   49   64  113   49    0   64  113                       -0.00170631683969660070                                                    
mvp2    0   35   64  106   35    0   64  106                       -0.00215412764582168566    0.19071466666506728393                          
a_ia   43   47                                                     -0.13194958020276500998                                                    
a_ia   31   50                                                      0.00084254788064796907                                                    
op     29   34   93   97   34   29   93   97                        0.00579246061219661126                                                    
a_ia   32   63                                                     -0.00205973950314533669                                                    
om     13   37   77  101   37   13   77  101                       -0.00279554254571115404                                                    
op      0   58   64  122   58    0   64  122                       -0.00244992167612346438                                                    
op      0   57   64  121   57    0   64  121                       -0.00196801107979871536                                                    
op      0   62   64  126   62    0   64  126                       -0.00231255848047601763                                                    
a_ia    0   55                                                     -0.00039220207207381011                                                    
a_ia   64  119                                                     -0.00045909236617947040                                                    
op      0   62   64  121   62    0   64  121                       -0.00111207950736266271                                                    
op      0   57   64  126   57    0   64  126                       -0.00109651677596312781                                                    
op     22   37   86  101   37   22   86  101                       -0.00872865892143176968                                                    
mvp2   28   32   86  101   32   28   86  101                       -0.00915249552350598863    0.10286174472726931917                          
a_ia   86   92                                                     -0.01812734971142967652                                                    
mvp2   22   32   28   37   22   28   32   37                        0.00826987498851204823   -0.10714096741215385633                          
a_ia   78  101                                                      0.00142855768656655730                                                    
mvp2   28   32   86  107   32   28   86  107                       -0.00638764141218101360    0.10733519228604485041                          
