op     17   18   53   54   18   17   53   54                       -0.03415901271968640324                                                    
a_ia   16   20                                                      0.04217373410868627270                                                    
a_ia   16   19                                                     -0.00019017869020320158                                                    
op     15   19   51   55   19   15   51   55                       -0.05496512892679681489                                                    
a_ia   51   55                                                     -0.00514845374102181584                                                    
a_ia   16   18                                                     -0.00064695208515506584                                                    
a_ia   53   54                                                      0.01179204171583713399                                                    
a_ia   52   55                                                     -0.00111792066019084720                                                    
a_ia   52   56                                                      0.03146526197636188849                                                    
om     16   20   52   56   20   16   52   56                       -0.06164237798341841434                                                    
a_ia   15   19                                                     -0.00252768514356450274                                                    
a_ia   15   20                                                      0.03252531256435022000                                                    
a_ia   15   18                                                     -0.00558829424978549063                                                    
op     13   18   49   54   18   13   49   54                       -0.02751368061745530433                                                    
a_ia   51   54                                                     -0.00177485757510005668                                                    
a_ia   51   56                                                      0.02007519894377826283                                                    
op     16   25   52   61   25   16   52   61                       -0.01557311977759463437                                                    
op     16   25   52   59   25   16   52   59                        0.01155731302256586372                                                    
op     16   23   52   59   23   16   52   59                       -0.01448783580801228307                                                    
a_ia   52   59                                                     -0.00832090754811995979                                                    
a_ia    5   20                                                      0.02587466173356636062                                                    
a_ia    5   19                                                      0.00115920979096749790                                                    
a_ia    5   18                                                     -0.00597371654473030644                                                    
a_ia    6   20                                                     -0.03586695306746402051                                                    
a_ia    6   18                                                      0.00987634604626928120                                                    
a_ia    6   19                                                      0.00443742303133292781                                                    
a_ia    4   20                                                      0.07436225677916695476                                                    
a_ia    4   19                                                      0.00952957397161087287                                                    
a_ia    4   18                                                     -0.01742151829136879063                                                    
op      4   21   51   57   21    4   51   57                        0.00543347174146516839                                                    
a_ia    4   21                                                      0.00300299595317676631                                                    
a_ia   18   20                                                     -0.39300724892818078571                                                    
a_ia   18   19                                                      0.20776332547095663350                                                    
a_ia   54   55                                                      0.16795825157397328842                                                    
op     16   23   52   61   23   16   52   61                        0.01163640211927039272                                                    
a_ia   16   23                                                     -0.00916294874323862404                                                    
a_ia   52   61                                                      0.00890013736356252451                                                    
op     12   22   48   58   22   12   48   58                       -0.02576915944119779339                                                    
a_ia   12   22                                                     -0.00277041845068929206                                                    
a_ia   16   24                                                     -0.00164044496658602868                                                    
a_ia    4   25                                                     -0.01300417400782633709                                                    
om     15   19   50   55   19   15   50   55                       -0.02583365211254081903                                                    
a_ia   50   55                                                     -0.00022641535185357567                                                    
a_ia   50   54                                                     -0.00134045698973254404                                                    
op     13   22   48   58   22   13   48   58                       -0.01393399603596025445                                                    
a_ia   48   58                                                     -0.00257509399657814301                                                    
a_ia   13   22                                                     -0.00107527298696413862                                                    
a_ia   12   20                                                     -0.00264410313246003737                                                    
a_ia   12   21                                                     -0.00288542057702668520                                                    
a_ia   16   28                                                      0.00313625224644090714                                                    
a_ia   16   27                                                     -0.00242243365134517472                                                    
a_ia   16   31                                                      0.00393841288413732636                                                    
a_ia   16   32                                                     -0.00255442898494406996                                                    
a_ia   16   34                                                      0.00390734029025485534                                                    
a_ia   52   60                                                     -0.00080707356713114354                                                    
op     10   22   46   58   22   10   46   58                       -0.01340750582330614386                                                    
a_ia    8   20                                                      0.01103890876578955509                                                    
a_ia    8   18                                                      0.00389917753226720317                                                    
a_ia    8   19                                                      0.00199813296177468085                                                    
a_ia   50   58                                                     -0.00130907290288349463                                                    
a_ia    2   20                                                     -0.01707067919323194960                                                    
a_ia    2   19                                                     -0.00087838320757088295                                                    
a_ia    2   18                                                     -0.00590248081477848328                                                    
a_ia   46   54                                                     -0.00151007015822151669                                                    
op      1   22   37   58   22    1   37   58                       -0.01002820156996036063                                                    
op     11   22   47   58   22   11   47   58                       -0.00599732572211225147                                                    
a_ia    5   15                                                     -0.22402079220412221550                                                    
a_ia   18   19                                                      0.18797415672020606481                                                    
op     12   30   48   66   30   12   48   66                       -0.01117208800743818564                                                    
a_ia   12   30                                                     -0.00227523766724647535                                                    
a_ia   48   66                                                     -0.00247754559568548732                                                    
a_ia   12   23                                                     -0.00075115326121823070                                                    
op     14   19   51   55   19   14   51   55                       -0.02246944430602561271                                                    
a_ia   14   19                                                      0.00005770673391850925                                                    
op     13   19   51   55   19   13   51   55                        0.01512353122796845743                                                    
om     14   19   50   55   19   14   50   55                       -0.01103017041814975327                                                    
a_ia    2   21                                                     -0.00111282873827298176                                                    
a_ia    2   25                                                     -0.00157017420962860172                                                    
om      2   30   48   66   30    2   48   66                        0.00461809216911303680                                                    
a_ia   14   20                                                      0.00864508416002146909                                                    
a_ia   14   18                                                      0.00338333373783285089                                                    
a_ia   40   56                                                     -0.01537139091045915638                                                    
a_ia   40   57                                                      0.01982426920759791308                                                    
om      4   21   40   57   21    4   40   57                       -0.01166194919133850712                                                    
om      4   25   40   61   25    4   40   61                       -0.00534993444405409795                                                    
a_ia   40   55                                                      0.00690766871843174687                                                    
mvp2    4   20   40   56   20    4   40   56                       -0.00546178370447736837    0.10559331816195467735                          
a_ia   14   21                                                     -0.00080521441303988664                                                    
a_ia    2   23                                                      0.00230486503878198339                                                    
a_ia   41   56                                                      0.01172462306099794280                                                    
a_ia   41   55                                                      0.00215272840420696263                                                    
a_ia   41   61                                                     -0.00287716936243674832                                                    
a_ia   55   56                                                     -0.16832344826052952902                                                    
a_ia   40   56                                                      0.01331641543032812715                                                    
a_ia   42   56                                                     -0.01195786182884398322                                                    
a_ia   42   55                                                     -0.00447676351904484349                                                    
om      6   20   42   56   20    6   42   56                       -0.01178916513356217076                                                    
a_ia    6   20                                                      0.00829067311066403884                                                    
om      5   20   42   56   20    5   42   56                        0.01066457321201563606                                                    
a_ia    5   20                                                     -0.01404024921980694639                                                    
mvp2    5   20   41   56   20    5   41   56                       -0.01057368029414886695    0.08202187813981251518                          
op      5   25   41   61   25    5   41   61                       -0.00435360706456327292                                                    
a_ia    5   25                                                      0.00569456452514209045                                                    
om      6   20   41   56   20    6   41   56                        0.01130898099555914874                                                    
a_ia   48   59                                                     -0.00069133964061872995                                                    
mvp2   15   19   50   54   19   15   50   54                        0.00455815926998877959   -0.03053626593741335521                          
op     14   18   50   54   18   14   50   54                       -0.01133470981282451440                                                    
mvp2   15   19   53   54   19   15   53   54                        0.02598260410362536119   -0.21965537936275206232                          
a_ia   40   54                                                      0.00901312832692707788                                                    
a_ia   42   54                                                     -0.00261487791217002077                                                    
a_ia   41   54                                                      0.00226994792810629757                                                    
a_ia   54   56                                                     -0.41325557432753279308                                                    
a_ia   41   56                                                      0.01325483604516665588                                                    
a_ia   40   56                                                      0.02349345061430921713                                                    
a_ia   42   56                                                     -0.01062199065831446673                                                    
mvp2   15   18   17   19   15   17   18   19                       -0.01967540175298374688   -0.29872100604188184247                          
a_ia   17   18                                                      0.00938270880646459131                                                    
a_ia    0   20                                                      0.01080784552936327539                                                    
a_ia    0   19                                                      0.00155525978275825082                                                    
a_ia   19   20                                                     -0.34538044024852559977                                                    
a_ia    6   19                                                     -0.00301237362955806675                                                    
a_ia    6   20                                                      0.00737308545476172451                                                    
a_ia    4   19                                                     -0.02775227844819179793                                                    
a_ia    4   20                                                     -0.04036391690427437035                                                    
a_ia    0   18                                                      0.00325642405339540133                                                    
om      4   19   40   55   19    4   40   55                       -0.00973615067181177012                                                    
a_ia   55   56                                                     -0.20861739314235538956                                                    
a_ia   15   17                                                     -0.14474263778752974319                                                    
a_ia   52   63                                                     -0.00186010713921755649                                                    
a_ia   52   62                                                     -0.00106243823155435769                                                    
a_ia   52   64                                                      0.00234597720358500125                                                    
a_ia   52   67                                                      0.00265488365898245739                                                    
a_ia   52   68                                                     -0.00177344642406171665                                                    
a_ia   52   70                                                      0.00377853084639250686                                                    
a_ia    1   20                                                     -0.00750359034807804564                                                    
a_ia    1   18                                                     -0.00295160319127743456                                                    
a_ia    1   19                                                     -0.00348141101018536797                                                    
om      1   21   40   57   21    1   40   57                       -0.00716951385635651497                                                    
a_ia    1   21                                                     -0.00116968381480443413                                                    
a_ia   38   56                                                     -0.01446660224429650171                                                    
a_ia   38   55                                                     -0.00634443381349699548                                                    
a_ia   38   54                                                     -0.00703179464020302260                                                    
a_ia   54   55                                                      0.21349873924952816884                                                    
om      4   20   38   56   20    4   38   56                        0.00564319964281286782                                                    
a_ia   41   54                                                      0.00159382414132082785                                                    
om     12   30   38   66   30   12   38   66                        0.00425224356427430367                                                    
a_ia   38   61                                                     -0.00230498638077709234                                                    
a_ia   36   56                                                      0.00103788816360291794                                                    
a_ia   36   55                                                      0.00504144486644155735                                                    
a_ia   36   54                                                      0.00320259307280277607                                                    
a_ia    2   28                                                     -0.00214492785483470566                                                    
a_ia    2   27                                                      0.00164223939133770224                                                    
a_ia    2   31                                                     -0.00209618150158585219                                                    
a_ia    2   32                                                      0.00201869849720569478                                                    
a_ia    2   34                                                     -0.00216430970243071527                                                    
a_ia    2   33                                                     -0.00088729022737754398                                                    
op     10   22   49   58   22   10   49   58                        0.00679529375862095858                                                    
a_ia   49   58                                                     -0.00099013069001186306                                                    
a_ia   11   22                                                      0.00101094500627594208                                                    
om     13   22   49   58   22   13   49   58                       -0.00835117156187527646                                                    
op     13   22   46   58   22   13   46   58                        0.00698264092922371363                                                    
om     16   31   52   67   31   16   52   67                       -0.00420802771733350036                                                    
op      4   21   37   57   21    4   37   57                       -0.00779465350771982920                                                    
a_ia   37   57                                                     -0.00150121279188591712                                                    
a_ia   37   56                                                     -0.00738042349091201297                                                    
a_ia   37   55                                                     -0.00323873492764021860                                                    
a_ia   37   54                                                     -0.00303732732135093353                                                    
op      1   21   37   57   21    1   37   57                       -0.00705631611851709108                                                    
op      1   19   37   55   19    1   37   55                       -0.00704115271092872926                                                    
mvp2    4   21   51   55   21    4   51   55                        0.01115733133816109064    0.13904930559187625438                          
a_ia   51   57                                                     -0.00018556442165802478                                                    
om      4   19   51   55   19    4   51   55                       -0.00825575037557369461                                                    
mvp3   40   55   51   57   40   51   57   55   40   51   55   57   -0.00667699079089000957   -0.12701047132717172006    0.20090038835997678368
a_ia   40   57                                                     -0.00665616799628909999                                                    
a_ia   55   57                                                      0.11895392029876893092                                                    
om      1   25   37   61   25    1   37   61                       -0.00419128937576460341                                                    
a_ia    1   25                                                     -0.00151122535843984437                                                    
op      1   30   37   66   30    1   37   66                       -0.00424281944809449998                                                    
a_ia    5   30                                                      0.00070312714525756455                                                    
om      1   26   37   62   26    1   37   62                       -0.00483087529410377876                                                    
om      1   24   37   60   24    1   37   60                       -0.00362715854275044323                                                    
a_ia   48   63                                                     -0.00103988039030532948                                                    
om      1   23   37   59   23    1   37   59                       -0.00229950953500264194                                                    
a_ia   56   61                                                     -0.22658005962851079929                                                    
a_ia   40   57                                                     -0.01204519972592285777                                                    
a_ia   20   25                                                     -0.24208986119859535191                                                    
a_ia   41   61                                                      0.01102281569901586607                                                    
a_ia    4   25                                                      0.01620091446984455938                                                    
a_ia   51   55                                                      0.00079274208697501717                                                    
mvp2    8   19   51   55   19    8   51   55                        0.00055428627381468596   -0.03373920706071791703                          
om      1   28   37   64   28    1   37   64                       -0.00356708688581071267                                                    
a_ia    1   28                                                     -0.00101070162033297414                                                    
a_ia   48   64                                                      0.00108910075324805417                                                    
op      1   29   37   65   29    1   37   65                       -0.00270005935369352400                                                    
a_ia    1   29                                                      0.00087378185525552017                                                    
a_ia   37   64                                                     -0.00099171509925420035                                                    
a_ia   37   65                                                      0.00083420013394420187                                                    
a_ia   37   63                                                      0.00076809401635662437                                                    
op      1   35   37   71   35    1   37   71                       -0.00343334838048383120                                                    
a_ia   37   69                                                     -0.00079115327398226326                                                    
a_ia    1   32                                                      0.00071202276256899068                                                    
a_ia   37   67                                                     -0.00123745360200305213                                                    
a_ia    1   31                                                     -0.00120934017774640477                                                    
a_ia    1   35                                                     -0.00088448853799142550                                                    
a_ia    5   28                                                      0.00191983522448354389                                                    
a_ia    5   24                                                     -0.00097184313241578473                                                    
a_ia    5   32                                                     -0.00207278020767661959                                                    
a_ia    5   27                                                     -0.00145802606365915506                                                    
a_ia    5   31                                                      0.00258517774600711169                                                    
a_ia    5   34                                                      0.00250224555375601473                                                    
a_ia    5   33                                                      0.00034875911656111528                                                    
op     12   28   48   64   28   12   48   64                       -0.00442945877584483699                                                    
a_ia   12   28                                                      0.00133572103344195559                                                    
a_ia   12   24                                                      0.00095115274087204961                                                    
op      5   34   52   70   34    5   52   70                       -0.00227688996843367943                                                    
a_ia   42   57                                                      0.00083922388050153925                                                    
op     12   28   48   66   28   12   48   66                        0.00542803211362614859                                                    
a_ia   16   33                                                      0.00057678480003565936                                                    
mvp2    1   35   48   66   35    1   48   66                       -0.00476612953991433549   -0.16588826530925743219                          
a_ia    1   35                                                      0.00100597928357064065                                                    
a_ia    1   27                                                      0.00083167436087937415                                                    
a_ia   37   71                                                     -0.00036627080990002251                                                    
a_ia   38   64                                                     -0.00205396632961070760                                                    
a_ia   38   68                                                      0.00193414270126822906                                                    
a_ia   38   63                                                      0.00166646341971623895                                                    
a_ia   38   67                                                     -0.00199337692095137922                                                    
a_ia   38   70                                                     -0.00223090581845230120                                                    
op      1   33   37   69   33    1   37   69                       -0.00298299829516892115                                                    
a_ia    5   16                                                     -0.16070850889363980096                                                    
a_ia   42   61                                                     -0.00575447135663548562                                                    
a_ia   36   56                                                      0.00915749223191904792                                                    
a_ia   42   60                                                     -0.00014852981132353228                                                    
a_ia   42   59                                                      0.00444378259027024790                                                    
a_ia   42   64                                                     -0.00318278468014964030                                                    
a_ia    1   33                                                     -0.00055155275426355696                                                    
a_ia   42   62                                                      0.00063011671893864626                                                    
op     16   34   52   70   34   16   52   70                       -0.00274654811663664969                                                    
a_ia    1   34                                                     -0.00111906500069380789                                                    
op     10   25   46   61   25   10   46   61                       -0.01306738266994255521                                                    
a_ia    6   25                                                     -0.00451443852240961205                                                    
a_ia    8   25                                                      0.00281722323953623437                                                    
a_ia   46   61                                                     -0.00147082291763402616                                                    
op     10   23   46   61   23   10   46   61                       -0.01009760552811426321                                                    
a_ia   51   61                                                      0.00449496640184789825                                                    
a_ia   10   25                                                     -0.00157933473297261874                                                    
a_ia   40   61                                                      0.00453282599249584233                                                    
a_ia   10   23                                                     -0.00073313599698927347                                                    
op     10   24   46   61   24   10   46   61                        0.01099379531516075925                                                    
a_ia   10   24                                                      0.00180547472837592517                                                    
a_ia    4   24                                                      0.00275855740865021916                                                    
om     10   24   46   60   24   10   46   60                       -0.01094284710875776875                                                    
a_ia   36   60                                                     -0.00037983972833328028                                                    
a_ia   41   60                                                     -0.00167650814444721694                                                    
om     10   24   46   59   24   10   46   59                        0.00926617610302494198                                                    
a_ia   56   59                                                      0.23783709383523979342                                                    
a_ia   36   59                                                     -0.00162502660895468606                                                    
a_ia   41   59                                                     -0.00383177519472985241                                                    
a_ia   41   64                                                      0.00214899384703544014                                                    
om     10   23   46   59   23   10   46   59                       -0.00934393247166409591                                                    
om     10   23   46   60   23   10   46   60                        0.00879984994705348446                                                    
a_ia   46   60                                                      0.00162148982977694837                                                    
a_ia   46   56                                                      0.00129338367031010489                                                    
om     10   25   46   59   25   10   46   59                       -0.01076722396825833747                                                    
om     10   25   46   60   25   10   46   60                        0.01100109484951739686                                                    
a_ia   40   59                                                     -0.00273316735705525808                                                    
a_ia   40   60                                                      0.00091437788599940120                                                    
om      4   24   40   60   24    4   40   60                       -0.00537664381173997424                                                    
a_ia   36   64                                                      0.00158383403759966546                                                    
a_ia   10   20                                                     -0.00184016385322045774                                                    
op     10   25   40   57   25   10   40   57                        0.00588288230768172112                                                    
mvp2   10   24   40   57   24   10   40   57                       -0.00563411890965758236   -0.02728078974441035254                          
a_ia   20   24                                                      0.13418163924702555811                                                    
a_ia    4   24                                                     -0.00326356376406250091                                                    
op     10   21   46   57   21   10   46   57                       -0.00863086657203467923                                                    
a_ia   40   46                                                     -0.14510052473288267971                                                    
op     10   23   40   57   23   10   40   57                        0.00534136764044881602                                                    
a_ia   20   23                                                      0.19647843353550492607                                                    
a_ia    4   23                                                     -0.00442220470118823757                                                    
a_ia   56   60                                                      0.13718090216983555574                                                    
a_ia    4   30                                                      0.00107271804808240141                                                    
a_ia    4   28                                                      0.00112222678450473790                                                    
mvp2    4   35   48   66   35    4   48   66                       -0.00427374719442580060   -0.24316943596856227527                          
a_ia    4   29                                                     -0.00138333060289331914                                                    
a_ia    4   35                                                      0.00124140827979403608                                                    
a_ia    4   31                                                      0.00347798474729024091                                                    
a_ia    4   32                                                     -0.00217593802645006835                                                    
a_ia    4   27                                                     -0.00122008471076583895                                                    
a_ia    4   33                                                      0.00139509485804256575                                                    
a_ia    4   34                                                      0.00256975629560473760                                                    
a_ia   40   60                                                     -0.00173129007767352421                                                    
mvp2   15   19   51   59   19   15   51   59                        0.00178763035120086105   -0.17496670658573787449                          
a_ia   51   59                                                      0.00178535753542471303                                                    
a_ia   55   61                                                     -0.11685516118634395322                                                    
a_ia   55   59                                                     -0.15502965415416483652                                                    
a_ia    8   15                                                     -0.23119255583705955459                                                    
a_ia    8   18                                                     -0.00019621342543923526                                                    
om     15   24   51   60   24   15   51   60                       -0.01089432390143737703                                                    
a_ia   15   25                                                      0.00376492922844882862                                                    
a_ia   15   24                                                      0.00188000380038526728                                                    
a_ia    8   19                                                     -0.00175447198088686247                                                    
