op     20   24   68   72   24   20   68   72                       -0.01986092585714107142                                                    
op     19   24   67   72   24   19   67   72                       -0.04140406625690192660                                                    
op     22   25   70   73   25   22   70   73                       -0.02074859070839365702                                                    
op     20   25   68   73   25   20   68   73                       -0.04140966771367735055                                                    
op     20   25   68   72   25   20   68   72                       -0.01287962164148577504                                                    
op     20   24   68   73   24   20   68   73                       -0.04819080055915402755                                                    
op     19   25   67   73   25   19   67   73                       -0.01573513812427901684                                                    
a_ia   67   73                                                      0.00807741837449659980                                                    
a_ia   19   25                                                      0.00971765459272396284                                                    
om     19   25   67   72   25   19   67   72                        0.03673085330750422428                                                    
op     19   24   67   73   24   19   67   73                        0.00908846428819594203                                                    
op     22   26   70   74   26   22   70   74                       -0.01657563256600165513                                                    
op     20   26   68   74   26   20   68   74                       -0.00617620189164681550                                                    
op     20   27   68   75   27   20   68   75                       -0.00761670922277799152                                                    
op     19   27   67   75   27   19   67   75                       -0.00930754173131157457                                                    
op     20   33   68   81   33   20   68   81                       -0.00918109535874287418                                                    
op     20   33   68   79   33   20   68   79                        0.00645178787516672257                                                    
op     20   31   68   81   31   20   68   81                        0.00993234165718101178                                                    
op     20   32   68   80   32   20   68   80                       -0.00546362879438221181                                                    
op     20   34   68   82   34   20   68   82                       -0.00229438526270509197                                                    
op     20   34   68   81   34   20   68   81                       -0.00408645087034367749                                                    
op     20   31   68   79   31   20   68   79                       -0.00615896338319698623                                                    
op     19   24   71   72   24   19   71   72                       -0.02843561520683578897                                                    
a_ia   19   24                                                     -0.00204587602423154154                                                    
a_ia   67   75                                                     -0.00174840208016067825                                                    
om     23   24   67   72   24   23   67   72                       -0.02012801647730392413                                                    
om     23   24   71   72   24   23   71   72                       -0.01888871924283333850                                                    
a_ia   71   72                                                      0.00136456895322478321                                                    
op     22   24   70   72   24   22   70   72                       -0.01067914833825040800                                                    
op     20   33   68   82   33   20   68   82                       -0.00031925137653977852                                                    
om     19   25   71   73   25   19   71   73                       -0.01328554484119614729                                                    
op     17   32   65   80   32   17   65   80                       -0.01454171028450214863                                                    
a_ia   70   80                                                     -0.00267947323437128055                                                    
a_ia   65   80                                                      0.00248540122179055677                                                    
a_ia   17   32                                                      0.00258129871820577273                                                    
op     17   27   65   75   27   17   65   75                       -0.00845832963068518170                                                    
a_ia   67   74                                                      0.00246010814652435463                                                    
a_ia   22   32                                                     -0.00277468896141308064                                                    
om     19   25   71   72   25   19   71   72                        0.02734391555503284249                                                    
op     22   35   70   83   35   22   70   83                       -0.01776319756942594877                                                    
op     22   30   70   83   30   22   70   83                        0.00894953979510080232                                                    
a_ia   22   29                                                     -0.00155703710646146057                                                    
op     22   28   70   76   28   22   70   76                       -0.00549505132729540512                                                    
op     22   35   70   78   35   22   70   78                        0.00891059859773649272                                                    
op     22   30   70   78   30   22   70   78                       -0.00625422868037823869                                                    
a_ia   22   30                                                     -0.00064421244891046871                                                    
op     22   35   70   79   35   22   70   79                       -0.00320749135370213250                                                    
op     20   39   68   87   39   20   68   87                       -0.00687205716957191987                                                    
op     17   28   65   76   28   17   65   76                       -0.00606618894870274671                                                    
a_ia   67   83                                                      0.00192580778534363136                                                    
a_ia   17   28                                                     -0.00153242819974868261                                                    
op     19   24   63   72   24   19   63   72                        0.00434686345258446412                                                    
mvp2   19   24   63   73   24   19   63   73                       -0.00339219056729460301    0.03180251179558010038                          
a_ia   72   73                                                     -0.38795717830815407146                                                    
op     19   25   63   73   25   19   63   73                        0.00408191907971491071                                                    
a_ia   24   25                                                     -0.19013906625117138471                                                    
mvp2   19   24   71   73   24   19   71   73                        0.00816805107616228217   -0.05970128885693577747                          
a_ia   71   73                                                      0.00494064061499213062                                                    
om     22   35   70   81   35   22   70   81                       -0.00772374449249307871                                                    
om     22   31   70   79   31   22   70   79                       -0.00514791055763184815                                                    
op     22   31   70   83   31   22   70   83                       -0.02096376065174705358                                                    
op     22   31   70   78   31   22   70   78                        0.01107257935288733994                                                    
op     13   32   65   80   32   13   65   80                       -0.00910974443924609384                                                    
a_ia   13   32                                                      0.00278070934724104117                                                    
om     13   32   61   80   32   13   61   80                       -0.00455852429209761042                                                    
a_ia   61   80                                                      0.00171663506040996522                                                    
om     17   32   61   80   32   17   61   80                       -0.00364439840643837132                                                    
a_ia   19   32                                                     -0.00055338472878042812                                                    
a_ia   13   19                                                     -0.21964996476559237037                                                    
a_ia   17   24                                                     -0.00099165454234120668                                                    
om     17   32   59   80   32   17   59   80                        0.01234252015681403490                                                    
a_ia   59   80                                                     -0.00259930252528730362                                                    
a_ia   61   73                                                     -0.00048726458389117218                                                    
om     13   32   59   80   32   13   59   80                        0.00879974326265388525                                                    
op     11   32   65   80   32   11   65   80                        0.00900752853070174546                                                    
a_ia   11   32                                                     -0.00157226378731313695                                                    
op     11   32   59   80   32   11   59   80                       -0.00868135989173225535                                                    
a_ia   21   32                                                     -0.00117453774425103062                                                    
om     17   32   57   80   32   17   57   80                        0.00834689047132529741                                                    
a_ia   57   80                                                     -0.00154660652647096671                                                    
om     11   32   57   80   32   11   57   80                       -0.00537635887075532844                                                    
om     13   32   57   80   32   13   57   80                        0.00639181250279541487                                                    
om     17   32   62   80   32   17   62   80                        0.00644490863259468937                                                    
om     11   32   62   80   32   11   62   80                       -0.00407678846557544498                                                    
a_ia   62   80                                                     -0.00090091354325042515                                                    
op      9   32   65   80   32    9   65   80                        0.00811209074180004562                                                    
a_ia    9   32                                                     -0.00155807542647119833                                                    
a_ia   18   32                                                      0.00143068199750511914                                                    
op     14   32   65   80   32   14   65   80                        0.00642858738579702577                                                    
a_ia   14   32                                                     -0.00099614398902017772                                                    
op      9   32   57   80   32    9   57   80                       -0.00580727455149608780                                                    
op      9   32   59   80   32    9   59   80                       -0.00778081032118075559                                                    
op     16   32   64   80   32   16   64   80                       -0.00351864052772533388                                                    
op     15   32   64   80   32   15   64   80                        0.00417421685886244179                                                    
mvp2   20   33   70   83   33   20   70   83                       -0.01695850556671795253   -0.35733681304190306749                          
a_ia   22   31                                                      0.00185558850011554471                                                    
mvp2   68   81   70   83   68   70   83   81                       -0.01804958231806157859   -0.53267209053844688516                          
mvp2   68   79   70   81   68   70   79   81                        0.00785051236683999981    0.42007101629251430985                          
op     20   33   70   78   33   20   70   78                        0.01081689808808170873                                                    
mvp2   20   31   70   83   31   20   70   83                        0.01340906206232936673    0.07359952408837389104                          
mvp2   22   33   70   83   33   22   70   83                       -0.00710155188548672843   -0.20404064409128827573                          
op     22   33   70   81   33   22   70   81                       -0.00635754903075579428                                                    
op      6   32   54   80   32    6   54   80                       -0.00541116890422318336                                                    
a_ia   60   80                                                      0.00157687657031420911                                                    
a_ia   66   80                                                      0.00130260410914299039                                                    
a_ia   12   32                                                      0.00165068389791995628                                                    
mvp3   68   78   70   81   68   70   81   78   68   70   78   81   -0.01005067034878186390   -0.39881632366664993006    0.19389545948719436042
a_ia   68   78                                                      0.00134772220346423351                                                    
mvp2   68   82   70   83   68   70   83   82                       -0.00449578177314906811   -0.32618510678845125117                          
mvp2   20   34   70   83   34   20   70   83                       -0.01015314821633163736   -0.58282855178130266172                          
op      2   32   50   80   32    2   50   80                       -0.00475104630229461911                                                    
op      2   32   52   80   32    2   52   80                        0.00318200659534253116                                                    
op      4   32   52   80   32    4   52   80                       -0.00315235857088654601                                                    
op      6   32   50   80   32    6   50   80                       -0.00372960418285873388                                                    
a_ia    7   32                                                      0.00068510193519006192                                                    
op      2   32   54   80   32    2   54   80                       -0.00332382055989421639                                                    
op      4   32   54   80   32    4   54   80                        0.00275339817848206008                                                    
op      4   32   50   80   32    4   50   80                        0.00301224101172562451                                                    
op     23   25   71   73   25   23   71   73                       -0.01677153444178061323                                                    
a_ia   23   25                                                      0.00462612914257281432                                                    
mvp2   19   24   61   72   24   19   61   72                        0.00109658974125350760    0.05954983179388913944                          
mvp3   67   81   68   82   67   68   82   81   67   68   81   82    0.00454630762196272901    0.18302210192839077352   -0.40408199143597456349
a_ia   67   81                                                      0.00035430227965853735                                                    
om     20   31   70   78   31   20   70   78                       -0.00729372461234399465                                                    
om     23   25   67   73   25   23   67   73                       -0.01411283437028549789                                                    
mvp2   22   35   68   81   35   22   68   81                       -0.00252198936209857691   -0.18055906694289106107                          
a_ia   22   35                                                      0.00041722678110779079                                                    
op      6   32   52   80   32    6   52   80                        0.00262231017243465996                                                    
op      6   32   53   80   32    6   53   80                        0.00235776851514483054                                                    
om     19   25   63   72   25   19   63   72                       -0.00376548159042102652                                                    
op     23   25   71   72   25   23   71   72                        0.01714886979979165019                                                    
mvp2   23   25   67   72   25   23   67   72                        0.01667409638193098620   -0.04493023557183170591                          
om     15   24   67   72   24   15   67   72                       -0.00090181620769870779                                                    
mvp2   15   25   67   72   25   15   67   72                       -0.00146866624282761629   -0.05296530602933135351                          
om     15   27   63   75   27   15   63   75                       -0.00607780530989779615                                                    
a_ia   15   19                                                      0.44401829153956123841                                                    
a_ia   63   75                                                     -0.00111009937243161335                                                    
a_ia   15   27                                                     -0.00106370395782091269                                                    
a_ia   61   67                                                     -0.39212419803964637666                                                    
op     15   27   67   75   27   15   67   75                       -0.00712301771744230580                                                    
a_ia   63   73                                                     -0.00073564027852885186                                                    
a_ia   63   71                                                      0.47843333325749182183                                                    
om     20   34   70   78   34   20   70   78                        0.00709227041225090910                                                    
op      5   32   54   80   32    5   54   80                        0.00238017600423129794                                                    
op      5   32   53   80   32    5   53   80                       -0.00137730350349433051                                                    
op     22   37   70   85   37   22   70   85                       -0.00440770314254729581                                                    
a_ia   70   77                                                     -0.00153817855407629425                                                    
mvp2   20   34   68   79   34   20   68   79                        0.00553059037596962278   -0.47457176304117321131                          
mvp2   20   34   68   73   34   20   68   73                        0.01364876866373912825   -0.76028606551313293593                          
om     20   33   68   73   33   20   68   73                        0.01058518812026625067                                                    
om     20   31   68   73   31   20   68   73                       -0.01120700527976826316                                                    
a_ia   73   81                                                     -0.29669753575415341862                                                    
om     20   39   68   73   39   20   68   73                        0.00949798447473882389                                                    
a_ia   20   39                                                      0.00138113043004767884                                                    
om     19   28   67   76   28   19   67   76                       -0.00429346086751993677                                                    
a_ia   15   25                                                      0.00177958106363147977                                                    
a_ia   63   74                                                     -0.00098244130176959512                                                    
a_ia   19   26                                                      0.00321429836132591405                                                    
a_ia   19   35                                                      0.00228771980631750291                                                    
a_ia   19   30                                                      0.00089959971884271566                                                    
a_ia   19   33                                                     -0.00011421516977869142                                                    
mvp3   19   33   20   34   19   20   34   33   19   20   33   34    0.00432571489038201685    0.27858974900477129211   -0.35351179059378684544
a_ia   19   34                                                     -0.00134993893598922858                                                    
a_ia   19   20                                                     -0.20380066362596951923                                                    
op     19   36   67   84   36   19   67   84                       -0.00644511242412958932                                                    
op     19   38   67   86   38   19   67   86                       -0.00465556172997275402                                                    
a_ia   19   38                                                     -0.00183331789567931880                                                    
a_ia   67   86                                                     -0.00171414860121536436                                                    
op     22   40   70   88   40   22   70   88                       -0.00273837026524687607                                                    
mvp2   19   38   68   73   38   19   68   73                       -0.00740883814734613795   -0.18712387255251175522                          
a_ia   73   84                                                      0.09759094307621440922                                                    
a_ia   67   78                                                      0.00116794551510211427                                                    
op     22   41   70   89   41   22   70   89                       -0.00272666333913883837                                                    
a_ia   70   89                                                     -0.00069720369615308079                                                    
a_ia   22   41                                                     -0.00065190774120355271                                                    
a_ia   23   28                                                      0.00040705485878774562                                                    
op     19   42   67   90   42   19   67   90                       -0.00453030113320398477                                                    
op     19   37   67   85   37   19   67   85                       -0.00181430982866809644                                                    
op     19   44   67   92   44   19   67   92                       -0.00305014474150425369                                                    
a_ia   19   44                                                      0.00093958521149633113                                                    
op     19   43   67   91   43   19   67   91                       -0.00299951659060281213                                                    
a_ia   67   92                                                      0.00062229569029273544                                                    
a_ia   19   43                                                      0.00093313894286605500                                                    
a_ia   70   91                                                      0.00038600553198896907                                                    
a_ia   67   91                                                      0.00067088411310888799                                                    
mvp2   20   33   68   74   33   20   68   74                       -0.00582496350818765326    0.48618261963728526265                          
om     11   28   59   76   28   11   59   76                       -0.00529250421919682905                                                    
a_ia   11   28                                                      0.00109617737934491989                                                    
a_ia   61   76                                                      0.00021395451102455520                                                    
a_ia   59   76                                                      0.00120540200704076289                                                    
a_ia   24   28                                                     -0.19736821485898944917                                                    
a_ia   11   24                                                      0.00005750596479526988                                                    
op     22   45   70   93   45   22   70   93                       -0.00205603291821362553                                                    
mvp2   20   26   68   81   26   20   68   81                       -0.00691438509267690554   -0.41681720785765730142                          
a_ia   68   74                                                     -0.00071302608256928112                                                    
mvp3   68   81   71   82   68   71   82   81   68   71   81   82   -0.00637555984318641591    0.46398661816506886479   -0.30390750602549676529
a_ia   71   82                                                     -0.00137253823171371372                                                    
a_ia   20   26                                                     -0.00118563042572902648                                                    
om     18   24   68   72   24   18   68   72                        0.00595615419995088480                                                    
a_ia   72   76                                                     -0.16554812360183504549                                                    
mvp2   18   25   68   72   25   18   68   72                        0.00151088251494275127    0.07446407520348956310                          
a_ia   18   25                                                     -0.00652106456445527508                                                    
a_ia   59   68                                                     -0.07530784887237165770                                                    
a_ia   68   72                                                     -0.00072302015159251122                                                    
mvp2   23   34   71   82   34   23   71   82                       -0.00451293835986994220   -0.78852691073005831690                          
a_ia   23   35                                                      0.00166644179829085687                                                    
a_ia   15   29                                                      0.00144350317286415014                                                    
a_ia   15   35                                                     -0.00127754444873752005                                                    
a_ia   15   30                                                     -0.00031731246871334839                                                    
a_ia   81   82                                                      0.31701516207647412182                                                    
op     22   46   70   94   46   22   70   94                       -0.00144575781939439022                                                    
op     19   45   67   93   45   19   67   93                       -0.00125815719838436968                                                    
mvp2   20   33   71   73   33   20   71   73                       -0.00576122592174954911    0.05404524454727913790                          
a_ia   73   74                                                      0.04458480867153779420                                                    
op     18   25   68   73   25   18   68   73                        0.00193298182077710130                                                    
a_ia   61   68                                                     -0.15212702531263211370                                                    
mvp2   18   24   68   73   24   18   68   73                        0.00138526078796604606   -0.00517909629286545780                          
op     20   24   66   72   24   20   66   72                        0.00575803279850494853                                                    
a_ia   66   68                                                      0.29929024628597561408                                                    
a_ia   66   73                                                      0.00166044474984127768                                                    
a_ia   18   20                                                      0.29995934238133264982                                                    
mvp2   20   24   68   72   24   20   68   72                       -0.01602485272925134943    0.11410722518729854436                          
mvp2   20   34   68   72   34   20   68   72                        0.01054300866389332007   -0.18973331022864700635                          
mvp2   20   24   68   82   24   20   68   82                        0.00002785720973761381    0.10231819660973731634                          
op     20   25   68   82   25   20   68   82                        0.00237067589195421626                                                    
a_ia   25   34                                                      0.07918858519721777567                                                    
a_ia   15   33                                                      0.00105307765861851945                                                    
a_ia   15   36                                                     -0.00094617316756404220                                                    
a_ia   15   38                                                     -0.00089309686335678528                                                    
mvp2   20   29   68   72   29   20   68   72                        0.00089595771527173677   -0.05666612747563159330                          
a_ia   29   34                                                      0.25941122215483064517                                                    
a_ia   72   82                                                     -0.03920070295619339229                                                    
mvp2   20   33   68   72   33   20   68   72                        0.00808143459119524919   -0.22486975876437836908                          
a_ia   63   81                                                      0.00088157940919634126                                                    
om     20   31   68   72   31   20   68   72                       -0.00872303179253887742                                                    
a_ia   33   34                                                      0.23419574266971504573                                                    
a_ia   25   33                                                     -0.23039478580846489697                                                    
a_ia   24   29                                                      0.13156699744152103304                                                    
om     15   38   63   86   38   15   63   86                       -0.00268682579198515530                                                    
a_ia   63   86                                                     -0.00122159333242619441                                                    
om     15   36   63   84   36   15   63   84                       -0.00279622358678145461                                                    
mvp2   20   39   68   72   39   20   68   72                        0.00778004588573446426    0.13246939419550829431                          
op      2   28   50   76   28    2   50   76                       -0.00510126194722327567                                                    
a_ia   65   76                                                     -0.00128773204484722466                                                    
op     10   28   58   76   28   10   58   76                       -0.00406140258591034756                                                    
op      6   28   54   76   28    6   54   76                       -0.00581235798065496412                                                    
op      8   28   56   76   28    8   56   76                       -0.00238066917080712991                                                    
op      2   27   50   75   27    2   50   75                       -0.00543475526243621804                                                    
a_ia   59   61                                                     -0.57122590248398075197                                                    
om     11   27   59   75   27   11   59   75                       -0.00399088328396383137                                                    
om      2   25   50   73   25    2   50   73                       -0.00380229878149182304                                                    
a_ia   18   25                                                      0.00759398553215869139                                                    
om      2   24   50   73   24    2   50   73                       -0.00430572192835128927                                                    
om      2   24   50   72   24    2   50   72                       -0.00468700470579602648                                                    
a_ia   30   31                                                      0.41189729281880155254                                                    
op      2   24   50   82   24    2   50   82                        0.00180992126847801709                                                    
a_ia   72   82                                                     -0.05603496314615004359                                                    
op      2   34   50   82   34    2   50   82                       -0.00204450005480641102                                                    
a_ia   24   25                                                      0.24757181428196439743                                                    
a_ia    2   34                                                     -0.00046663322581590308                                                    
a_ia   50   82                                                     -0.00045522410438891679                                                    
op      2   34   50   72   34    2   50   72                        0.00235654305661257661                                                    
mvp2    2   25   68   73   25    2   68   73                        0.00713139483529365119    0.08957695707226787096                          
a_ia   50   68                                                      0.13502191369029661883                                                    
mvp2    2   24   68   73   24    2   68   73                        0.00568678000476273687    0.19578341808980204153                          
mvp2    2   25   68   72   25    2   68   72                        0.00586017618292493728    0.08403309043402547307                          
a_ia   50   72                                                     -0.00058865842754621538                                                    
op      2   25   50   72   25    2   50   72                       -0.00229331622214348123                                                    
mvp2    2   34   68   73   34    2   68   73                       -0.00355634817684636218   -0.04989806904230596057                          
op     10   27   58   75   27   10   58   75                       -0.00434186361767578948                                                    
a_ia   62   75                                                     -0.00125709402388991570                                                    
op     16   27   64   75   27   16   64   75                       -0.00609779777015557155                                                    
a_ia   16   27                                                      0.00138385551449519127                                                    
om     16   27   65   75   27   16   65   75                        0.00469856291021816027                                                    
op     12   27   60   75   27   12   60   75                       -0.00462013763841999034                                                    
a_ia   12   27                                                     -0.00159748073828044294                                                    
a_ia   60   75                                                     -0.00157060464614325237                                                    
a_ia   14   27                                                     -0.00099433491080924566                                                    
om      6   27   54   75   27    6   54   75                       -0.00365231940800545734                                                    
a_ia    6   27                                                      0.00063305492787395212                                                    
mvp2   10   24   68   73   24   10   68   73                       -0.00792547582103255745   -0.04030978486918591203                          
mvp2   10   24   68   72   24   10   68   72                       -0.00900295452247970932    0.01743062909485335391                          
mvp2   10   24   68   82   24   10   68   82                        0.00328791327314970723    0.12408360752210625955                          
a_ia   72   82                                                     -0.07396683522528045562                                                    
a_ia   62   73                                                      0.00249958608445577466                                                    
a_ia   62   68                                                     -0.20546610618756355748                                                    
a_ia   62   82                                                     -0.00077645727642284819                                                    
mvp2   16   24   68   73   24   16   68   73                       -0.00669484919554162901   -0.09586453297349352420                          
op     17   27   64   75   27   17   64   75                        0.00470445890188191020                                                    
a_ia   64   75                                                      0.00127760761723701263                                                    
om     12   28   60   76   28   12   60   76                       -0.00314047030196623958                                                    
op      6   24   68   72   24    6   68   72                        0.00830642324359477657                                                    
a_ia    6   24                                                      0.00085904628446915713                                                    
om      6   24   54   72   24    6   54   72                       -0.00585700754783179383                                                    
a_ia   68   69                                                      0.09758128112970339274                                                    
op     14   32   57   80   32   14   57   80                       -0.00407827641363438156                                                    
a_ia    8   32                                                     -0.00057666966586417535                                                    
op      6   25   54   73   25    6   54   73                       -0.00547003314187868763                                                    
a_ia   54   73                                                      0.00205150010534687136                                                    
a_ia    6   25                                                      0.00166380903770434511                                                    
