op     10   13   34   37   13   10   34   37                       -0.02791303249815932017                                                    
op     10   13   34   36   13   10   34   36                       -0.01858944753347908929                                                    
op     10   13   34   38   13   10   34   38                        0.00701996815371657909                                                    
op      9   14   33   38   14    9   33   38                        0.00063190769663335421                                                    
op      3   14   27   38   14    3   27   38                       -0.01015375535615460623                                                    
op      9   19   33   43   19    9   33   43                       -0.01405607229498205546                                                    
op      9   19   31   43   19    9   31   43                       -0.01132955643783949660                                                    
op      9   19   34   43   19    9   34   43                       -0.00358286615711336364                                                    
op      7   19   31   43   19    7   31   43                       -0.01101777794942477608                                                    
op      7   19   33   43   19    7   33   43                       -0.01340614698533367129                                                    
op      7   19   34   43   19    7   34   43                       -0.00357014694681378553                                                    
op      7   19   32   43   19    7   32   43                        0.00673982972781351445                                                    
op      9   19   32   43   19    9   32   43                        0.00693582813003689597                                                    
op      3   13   27   38   13    3   27   38                        0.00050571515447425707                                                    
a_ia   13   14                                                     -0.19341852526178782146                                                    
op     10   19   31   43   19   10   31   43                       -0.00180631173787625392                                                    
op     10   19   34   43   19   10   34   43                       -0.00230833656054530703                                                    
a_ia    8   13                                                      0.00183572569459757680                                                    
op      8   19   31   43   19    8   31   43                        0.00000011868082173782                                                    
a_ia    7   10                                                     -0.24475019001462028356                                                    
a_ia   31   34                                                     -0.36067522814999197767                                                    
op      8   19   33   43   19    8   33   43                       -0.00023299573835322264                                                    
a_ia    3   14                                                     -0.00332384573620703172                                                    
op      3   16   27   40   16    3   27   40                       -0.01600540250534187095                                                    
op      3   17   27   41   17    3   27   41                       -0.01300685523577722533                                                    
op      3   21   27   45   21    3   27   45                       -0.04807994453956148523                                                    
op      3   18   27   42   18    3   27   42                       -0.01314130589723739792                                                    
op      3   22   27   45   22    3   27   45                       -0.03323401296864206267                                                    
op      3   22   27   46   22    3   27   46                       -0.04377700712068072209                                                    
op      3   21   27   46   21    3   27   46                       -0.05420572599224615651                                                    
op      3   17   27   42   17    3   27   42                       -0.00895475573229526783                                                    
op      3   18   27   41   18    3   27   41                       -0.00468875806584170829                                                    
mvp3    3   21   10   22    3   10   22   21    3   10   21   22   -0.01518980472591657110    0.53550610606101178846   -0.24321912055428346333
op      6   19   31   43   19    6   31   43                       -0.00550687496554838445                                                    
op      6   19   33   43   19    6   33   43                       -0.00523705829447578680                                                    
op      0   14   24   38   14    0   24   38                        0.00284757452356176367                                                    
a_ia    4   14                                                      0.00494793597963983159                                                    
op      7   19   30   43   19    7   30   43                       -0.00054353947592868568                                                    
op      6   19   30   43   19    6   30   43                       -0.00029299706873578467                                                    
op      8   19   30   43   19    8   30   43                       -0.00004209289964720292                                                    
op      9   19   30   43   19    9   30   43                       -0.00055566734642895402                                                    
mvp3   27   45   34   46   27   34   46   45   27   34   45   46   -0.03642350624854884256    0.44111813867823712609   -0.12720236022629083372
a_ia   34   45                                                     -0.00070987402561010051                                                    
op      0   12   24   36   12    0   24   36                       -0.00541719301126084886                                                    
a_ia   32   37                                                     -0.00040730463003586814                                                    
op      0   19   24   43   19    0   24   43                       -0.00526555856819749864                                                    
a_ia   12   13                                                     -0.51449122369150135370                                                    
a_ia   34   46                                                     -0.00321623223859350202                                                    
op      3   16   27   41   16    3   27   41                        0.00487031013758397122                                                    
a_ia   10   22                                                     -0.00299999693911970735                                                    
op      3   18   27   40   18    3   27   40                       -0.00572066537884657195                                                    
op      3   17   27   40   17    3   27   40                        0.00707548928426457967                                                    
a_ia    3   17                                                     -0.00184905619404496019                                                    
op     10   20   34   44   20   10   34   44                       -0.00532616805095588279                                                    
a_ia    5   13                                                      0.00196995857313549474                                                    
op      0   18   24   36   18    0   24   36                       -0.01255903334948775193                                                    
op      0   18   24   42   18    0   24   42                       -0.01633703331238544471                                                    
op      0   12   24   42   12    0   24   42                       -0.00655383624612561246                                                    
mvp2    0   18   27   45   18    0   27   45                       -0.00795722583669757760   -0.08495184010581974254                          
mvp2    0   18   27   46   18    0   27   46                       -0.01050014261811826367   -0.09114216866704205611                          
mvp2    0   23   27   45   23    0   27   45                       -0.04071790293345631251   -0.93318121613492088784                          
mvp2    0   23   27   46   23    0   27   46                       -0.04622404011042592631   -0.50016767712408438662                          
mvp2    0   23   24   47   23    0   24   47                       -0.02791398136874451152    0.29462389597336469116                          
mvp2    0   18   24   47   18    0   24   47                       -0.00874646526252386564   -0.20701845215381242671                          
mvp2    0   21   24   45   21    0   24   45                       -0.00065972434475584419   -0.09633817532502925163                          
om      0   17   27   41   17    0   27   41                        0.00548859604422155360                                                    
op      3   17   24   41   17    3   24   41                        0.00394743401966700380                                                    
op      0   17   24   41   17    0   24   41                       -0.00278249834282473258                                                    
mvp2    0   21   27   47   21    0   27   47                       -0.00377888778372804154   -0.04137388078519121937                          
a_ia   45   47                                                     -0.12943545377313953049                                                    
mvp2    0   23   24   42   23    0   24   42                       -0.02615385353583913816    0.27733873649269857875                          
op      1   14   25   38   14    1   25   38                       -0.00167054519647569059                                                    
mvp2    0   23   24   36   23    0   24   36                       -0.03157489557489381871    0.32973054411263841290                          
mvp2    0   23   31   43   23    0   31   43                       -0.02165397760776091238    0.39116188413930741419                          
mvp2    0   23   33   43   23    0   33   43                       -0.03813713038123724142    0.61104718071945862690                          
mvp2    0   23   32   43   23    0   32   43                        0.01781651079606039190   -0.26629883434797729791                          
a_ia   31   43                                                      0.00394706043433647440                                                    
mvp2    0   12   33   43   12    0   33   43                       -0.01417779545669236967   -0.48079080280789132651                          
mvp2    0   12   31   43   12    0   31   43                       -0.01180585868714332035   -0.43357200491177327883                          
mvp3    0   19    9   23    0    9   23   19    0    9   19   23    0.03358818895896865248    0.45959597680152164401    0.58300579358178161726
a_ia    0    9                                                     -0.06490374364944798136                                                    
mvp2    0   23   30   43   23    0   30   43                       -0.00124538602602136282    0.02144929467525830136                          
mvp3    0   19    7   23    0    7   23   19    0    7   19   23    0.02882539478792145102    0.49064587687564531482    0.55072630241295295050
op      2   13   26   37   13    2   26   37                       -0.00912884618411829649                                                    
mvp2    0   23   31   43   23    0   31   43                       -0.00901734435472980114    0.25472608974567667595                          
a_ia    8    9                                                      0.45933592501700781785                                                    
om      4   13   28   37   13    4   28   37                       -0.01224070188496961462                                                    
a_ia    4   13                                                      0.00282642424844262554                                                    
a_ia   28   37                                                      0.00093012892535820511                                                    
a_ia   34   44                                                      0.00101426640587548578                                                    
mvp3    0   19    6   23    0    6   23   19    0    6   19   23    0.01128050901863751274    0.15995932236125470771    0.37436532817717521615
om      4   13   29   37   13    4   29   37                       -0.00374338070119938603                                                    
mvp2    0   23   28   45   23    0   28   45                        0.01082037082273435216   -0.82346738568650923451                          
a_ia   43   45                                                      0.15886534741360280876                                                    
a_ia   28   43                                                      0.00031717223429124987                                                    
a_ia   24   33                                                     -0.26884848582813181128                                                    
mvp2    3   16   24   42   16    3   24   42                       -0.00774784974407588794   -0.60745142561840292927                          
mvp2    3   16   27   42   16    3   27   42                       -0.00537983596543826180   -0.24887457950392319339                          
mvp2    3   21   27   40   21    3   27   40                       -0.00729628211451062783    0.11383126840664828383                          
op      3   12   27   36   12    3   27   36                       -0.01703045308070206404                                                    
a_ia    3   12                                                     -0.00340952182808892251                                                    
a_ia   24   27                                                      0.12556083311098631405                                                    
mvp2    3   12   24   36   12    3   24   36                       -0.00630799423671754133   -0.36503993372520027183                          
mvp2    3   18   27   36   18    3   27   36                       -0.01010862098190267941   -0.45316312312065498702                          
mvp2    3   12   27   42   12    3   27   42                       -0.00902404437511525326   -0.35427900168620496402                          
mvp2    3   16   24   40   16    3   24   40                       -0.00453011947565458602   -0.01521204624193361540                          
a_ia   27   36                                                      0.00097966801743602306                                                    
mvp2    3   18   24   40   18    3   24   40                       -0.00740369733905123749   -0.32433705186757166850                          
a_ia    7   15                                                      0.00304576406874858437                                                    
mvp2    3   21   27   36   21    3   27   36                       -0.01095802152376644523    0.19889437269834708832                          
mvp2    3   16   27   36   16    3   27   36                       -0.01113109480969154581    0.35234678981875466874                          
a_ia   29   37                                                      0.00174541562284189324                                                    
mvp2    3   21   28   44   21    3   28   44                        0.00938799000414666275   -0.64529226647067949862                          
a_ia   28   36                                                      0.01078487491546310101                                                    
mvp2    3   16   28   40   16    3   28   40                        0.00781115410769103995   -0.53694773675088702802                          
mvp2    3   18   28   40   18    3   28   40                        0.00570545737938472561   -0.02401038232777090095                          
a_ia    9   19                                                      0.00327414498357910411                                                    
a_ia   33   42                                                      0.00171930146832215830                                                    
a_ia   27   33                                                      0.15065413662299526054                                                    
a_ia   43   45                                                     -0.04706436214637586823                                                    
a_ia   33   36                                                     -0.00022759125518616909                                                    
mvp2    3   14   27   45   14    3   27   45                        0.00717203542148657849    0.30476404006579549399                          
mvp2    3   14   27   46   14    3   27   46                        0.01464343478827709842    0.12943950018795735701                          
a_ia    3   14                                                     -0.00023886305972580099                                                    
mvp2    3   21   27   38   21    3   27   38                        0.00747277630548330227   -0.19728718429948222113                          
mvp2    0   14   27   38   14    0   27   38                        0.00271783999361906604    0.30826184217042590374                          
mvp2    4   21   27   45   21    4   27   45                        0.01288095470105567360    0.41704355974347695479                          
a_ia    4   19                                                      0.00123756442241522695                                                    
a_ia    4   21                                                     -0.01150928823212029814                                                    
a_ia   21   23                                                     -0.16320096006154793944                                                    
mvp2    9   21   27   45   21    9   27   45                       -0.00370942891557156460   -0.20164536163090657217                          
a_ia    0    4                                                     -0.21047990101219005155                                                    
om      4   21   27   38   21    4   27   38                       -0.01151499748299595303                                                    
mvp2    9   21   27   38   21    9   27   38                        0.00044652731333706219   -0.01298166309785407993                          
mvp2    4   20   28   44   20    4   28   44                       -0.00731762767904552830   -0.71376752049536795752                          
a_ia    4   12                                                     -0.00919270861828142515                                                    
mvp2    4   16   28   40   16    4   28   40                       -0.00822774358420183538   -0.60434753595881784971                          
a_ia   33   40                                                      0.00103355084259532798                                                    
a_ia    3    9                                                      0.16674385395887911243                                                    
a_ia    9   14                                                     -0.00040199858561551331                                                    
a_ia    0    9                                                     -0.23614638125190431928                                                    
a_ia   14   23                                                     -0.45644669423293693367                                                    
mvp2    3   22   27   38   22    3   27   38                        0.00857972202420826009   -0.00187585629609738442                          
a_ia    3    7                                                     -0.17572208599568622800                                                    
a_ia   27   31                                                     -0.16097487941682936397                                                    
a_ia   27   32                                                      0.14677076550078976824                                                    
a_ia   43   46                                                      0.07828085236063819785                                                    
a_ia   38   46                                                      0.67925764450424663821                                                    
om      4   16   27   40   16    4   27   40                        0.00749036010837497539                                                    
op      4   16   27   42   16    4   27   42                        0.00478275994467595132                                                    
a_ia   28   33                                                     -0.20159957814338086424                                                    
mvp2    4   18   27   40   18    4   27   40                        0.00588974123311812158   -0.08056796476245356442                          
om      3   16   28   42   16    3   28   42                        0.00577818337069073082                                                    
a_ia   44   47                                                     -0.07733408493477766932                                                    
a_ia   18   20                                                      0.08561305504605891403                                                    
a_ia   33   41                                                     -0.00168686929769769995                                                    
a_ia   33   34                                                     -0.37309633590744190057                                                    
a_ia   43   46                                                     -0.06885761032881571042                                                    
a_ia   33   39                                                      0.00124871451561680245                                                    
a_ia   19   23                                                      0.17112896570388630435                                                    
a_ia   19   21                                                      0.10019535141050026072                                                    
a_ia    0    9                                                      0.00946941636304872783                                                    
a_ia   12   15                                                     -0.05897504290331697513                                                    
mvp2    3   17   27   38   17    3   27   38                       -0.01252557357168949947   -0.07580297219082809956                          
a_ia    4   17                                                      0.00331940617470487254                                                    
a_ia   38   42                                                     -0.20283975914905466587                                                    
mvp2    3   16   27   38   16    3   27   38                        0.00617964567148321896    0.03916416746970373397                          
mvp2    3   14   27   42   14    3   27   42                       -0.00877268243285931823    0.10046401968440406283                          
a_ia    7   14                                                     -0.00081862269712201308                                                    
mvp2    3   14   27   41   14    3   27   41                       -0.00384593006632047256   -0.15700056433599041128                          
a_ia   28   41                                                      0.01385539582496121691                                                    
a_ia    7   12                                                     -0.00129497653551402243                                                    
a_ia    0   21                                                      0.00144061481009067922                                                    
om      4   17   28   41   17    4   28   41                       -0.00323040862558080562                                                    
op     11   13   35   37   13   11   35   37                       -0.00524292365964383958                                                    
mvp2   10   20   24   36   20   10   24   36                        0.00382958406101169182    0.43732455544872683717                          
mvp2    0   16   27   42   16    0   27   42                       -0.00478417667221411012   -0.22435104591510668381                          
a_ia    0    7                                                     -0.18721283309313868637                                                    
a_ia   19   23                                                      0.05134015309595894860                                                    
mvp2    0   17   27   42   17    0   27   42                        0.00488571902794295194    0.10232852998373073716                          
a_ia    7   17                                                      0.00071880771045867813                                                    
a_ia   12   17                                                      0.11657491419245102904                                                    
a_ia   38   41                                                      0.21488906026810389305                                                    
mvp2    4   12   28   36   12    4   28   36                       -0.01020245765023682603    0.40325091756846004332                          
a_ia   28   36                                                     -0.00075458624704971599                                                    
a_ia    4   12                                                      0.01536642571809837196                                                    
mvp2    3   12   28   36   12    3   28   36                        0.00812972549302163477   -0.30913013930536270557                          
a_ia   36   41                                                      0.08787043555290673102                                                    
a_ia    3   12                                                      0.00383819986923587906                                                    
a_ia   30   45                                                     -0.00001583108201344773                                                    
om      5   13   29   37   13    5   29   37                       -0.00281871306224083492                                                    
mvp2    3   22   27   42   22    3   27   42                        0.01007218173274828169   -0.00323853469643342433                          
a_ia    0    3                                                      0.04306093158818090350                                                    
a_ia   32   43                                                     -0.00182680120854193141                                                    
a_ia   42   43                                                      0.19656524249149809336                                                    
a_ia   24   34                                                     -0.06223560523384734366                                                    
a_ia    9   15                                                      0.00163415227788836818                                                    
a_ia    9   16                                                     -0.00010252739611858386                                                    
mvp2    9   14   33   38   14    9   33   38                       -0.02228848789860772214   -0.02420157012855742029                          
mvp2    9   14   33   41   14    9   33   41                       -0.00347314618914304051    0.16942637627674608791                          
a_ia   33   41                                                      0.01774269056384790086                                                    
a_ia   28   41                                                     -0.01280026323398067781                                                    
a_ia    9   12                                                      0.00189807387893685961                                                    
mvp2    9   17   33   38   17    9   33   38                       -0.00774323772266922745   -0.16408234008495800604                          
a_ia    9   17                                                     -0.00227448236812187324                                                    
mvp2    0   22   27   47   22    0   27   47                       -0.00414069359309276672   -0.08285271875318658830                          
a_ia    0   22                                                      0.00105469254755352561                                                    
mvp2    0   14   24   38   14    0   24   38                       -0.01176064550394954195    0.29336851847197320531                          
a_ia   24   38                                                     -0.00038138219965801363                                                    
a_ia    0   17                                                      0.00046447230686283100                                                    
a_ia   15   19                                                     -0.33870574838206968238                                                    
a_ia   16   19                                                      0.15332490167562795591                                                    
mvp2    3   19   27   43   19    3   27   43                       -0.00359229778604741850   -0.00453772420250304377                          
a_ia    3   19                                                      0.00226130341936678098                                                    
mvp2    3   19   27   42   19    3   27   42                       -0.00388645227383017586    0.01588398439476057522                          
mvp2    0   22   24   46   22    0   24   46                       -0.00752770659826832757   -0.00013226028868735561                          
a_ia   24   44                                                     -0.00119815632835468255                                                    
a_ia   24   46                                                      0.00040176741259775623                                                    
mvp2    0   14   24   46   14    0   24   46                       -0.00096388608706997748    0.35795091132794931710                          
mvp2    0   14   27   46   14    0   27   46                       -0.00375270005037907535    0.02655184595003533959                          
a_ia   43   47                                                      0.15247565071719898500                                                    
mvp2    9   17   33   41   17    9   33   41                       -0.00458297260525367643   -0.25164299686461255590                          
a_ia   28   38                                                      0.00181370740952599505                                                    
mvp2    4   22   24   47   22    4   24   47                       -0.00414754597189936208   -0.59147425201014669494                          
a_ia    4   14                                                     -0.00614817186794354952                                                    
a_ia   46   47                                                      0.04814824415118371115                                                    
a_ia   36   40                                                      0.10946241276378658458                                                    
a_ia   24   43                                                      0.00210234170557854847                                                    
a_ia    7   19                                                      0.00320705058374101855                                                    
a_ia   43   44                                                     -0.13400099808883206287                                                    
a_ia   41   43                                                      0.27369651508342951463                                                    
a_ia   33   41                                                     -0.01556143998306276643                                                    
a_ia   33   43                                                     -0.00366425719413687647                                                    
mvp2    9   17   33   43   17    9   33   43                        0.00639728079915008463    0.17965503784637776308                          
mvp2    0   18   33   43   18    0   33   43                       -0.00554561008978701059   -0.02582627276163357993                          
a_ia    9   18                                                      0.00285817872170287439                                                    
mvp2    9   18   33   43   18    9   33   43                        0.00453180427839455433    0.34178242718433782255                          
mvp2    9   18   33   44   18    9   33   44                       -0.00345956911542290822    0.35444123586557929606                          
mvp2    4   22   28   46   22    4   28   46                       -0.00538328250365648769    0.35978936339466538463                          
mvp2    3   21   24   47   21    3   24   47                       -0.00362602980763915630   -0.07983734177780305030                          
mvp2    3   22   28   46   22    3   28   46                       -0.00663230440259290725    0.20500193377641384718                          
mvp2    4   21   28   45   21    4   28   45                       -0.00879368097747524127   -0.07334596401457499359                          
a_ia   24   45                                                     -0.00189414504172876722                                                    
mvp2    4   21   27   46   21    4   27   46                        0.01189140317774480676    0.23787593960846009633                          
a_ia    4   21                                                      0.00362488823610971353                                                    
mvp2    0   12   28   45   12    0   28   45                        0.01083713120525486850   -0.24354432157136349235                          
mvp2    3   12   24   45   12    3   24   45                       -0.00669523974072836099    0.12233479353928997102                          
op      0   18   28   45   18    0   28   45                        0.00799376640371514055                                                    
mvp2    3   18   24   45   18    3   24   45                       -0.00917749217518949549   -0.01153800883532264676                          
a_ia    4    7                                                     -0.06410644865516594570                                                    
a_ia   14   22                                                      0.58190119787294325437                                                    
mvp2    3   22   28   44   22    3   28   44                        0.00594927432463694932    0.23048865549249530904                          
mvp2    0   12   24   45   12    0   24   45                       -0.00496075291908213388    0.06775713590465973213                          
mvp2    4   13   27   45   13    4   27   45                       -0.00423032360821556062   -0.20104323664162337959                          
a_ia    4   13                                                     -0.00170189161130877668                                                    
a_ia   45   47                                                     -0.16074499711676132341                                                    
a_ia   13   19                                                      0.07673863831354559017                                                    
a_ia   13   21                                                      0.44833338599405858638                                                    
a_ia   12   21                                                     -0.21751246678791957834                                                    
mvp2    0   21   24   45   21    0   24   45                       -0.00856922464633004186    0.08482123808775395013                          
a_ia    7   18                                                      0.00068444738743244043                                                    
mvp2    4   21   28   37   21    4   28   37                        0.00838577958009908281   -0.54341835270802341107                          
a_ia    4   21                                                      0.00087140409535959250                                                    
a_ia   27   37                                                     -0.00433407600257724665                                                    
a_ia   28   47                                                      0.00087867663882285497                                                    
mvp2    4   13   28   45   13    4   28   45                        0.01016649391102911887    0.11216040630062390493                          
a_ia    4   13                                                     -0.00082946093835561951                                                    
a_ia   28   37                                                     -0.00116672686111726352                                                    
a_ia   37   45                                                      0.49406565740284780208                                                    
mvp3    0   13    4   21    0    4   21   13    0    4   13   21    0.00278555598652425671    0.38035197016347632726   -0.08837113245157793284
a_ia    0   13                                                     -0.00400733131304639029                                                    
mvp2    4   23   28   47   23    4   28   47                       -0.00304703451076437405   -0.07687526419013532286                          
a_ia   30   31                                                     -0.45072954137224174875                                                    
mvp2    4   21   24   47   21    4   24   47                        0.00204576317997374633    0.30767285878580896696                          
mvp2    0   23   24   47   23    0   24   47                       -0.00389136283279453796    0.16989377220603613106                          
a_ia   21   23                                                     -0.32522033452109344598                                                    
a_ia    7   13                                                      0.00101553701618804955                                                    
a_ia    4   21                                                      0.00498456577572067069                                                    
om      9   22   33   38   22    9   33   38                        0.01368639278965011821                                                    
a_ia   44   46                                                      0.12904980793750536749                                                    
a_ia    9   22                                                      0.00041881124747698330                                                    
mvp2    0   13   24   37   13    0   24   37                       -0.00403039071041746098    0.21039314889729909819                          
mvp2    0   13   24   45   13    0   24   45                        0.00347642041996496821    0.13342450306652398062                          
a_ia    0   13                                                      0.00305170257140465525                                                    
op      0   16   24   45   16    0   24   45                       -0.00296075873769694126                                                    
a_ia    9   10                                                     -0.40305054431708475793                                                    
a_ia    9   20                                                      0.00200478326250560406                                                    
mvp2    0   16   24   42   16    0   24   42                       -0.00304792994878504229   -0.05960325973710613873                          
a_ia   28   32                                                      0.16378384860197908734                                                    
mvp2    3   18   24   38   18    3   24   38                        0.00789852770776573905    0.00903570107318374741                          
mvp2    0   22   24   38   22    0   24   38                        0.01021418669670883309    0.20600816636077920463                          
a_ia   18   22                                                     -0.07650987863284965107                                                    
mvp2    3   18   24   46   18    3   24   46                       -0.00613889032395783293    0.04216911085004296234                          
a_ia    0   22                                                     -0.00051090526962955705                                                    
mvp2    3   18   24   41   18    3   24   41                        0.00532850837463661776    0.00964321148777475684                          
a_ia   40   43                                                      0.14284104450791085261                                                    
a_ia   39   43                                                     -0.34244157737123309682                                                    
a_ia   34   43                                                     -0.00043231153444061362                                                    
a_ia   33   40                                                     -0.00051444770038915717                                                    
a_ia   33   36                                                      0.00512136018043995132                                                    
