op     10   16   38   44   16   10   38   44                       -0.00344438548637403599                                                    
op      5   16   33   44   16    5   33   44                       -0.04186461540545260984                                                    
a_ia    5   16                                                      0.00271966111988585727                                                    
a_ia   33   44                                                     -0.00494620553612846667                                                    
op      8   16   36   44   16    8   36   44                       -0.00065109973468669270                                                    
a_ia    4   16                                                      0.00078504002110742557                                                    
a_ia   32   44                                                      0.01422399671987806084                                                    
om      4   16   32   44   16    4   32   44                       -0.00362254639581305890                                                    
op      4   19   32   47   19    4   32   47                        0.01794375278866252796                                                    
a_ia   32   47                                                     -0.01097850556926827439                                                    
a_ia    4   19                                                     -0.10054728123478204327                                                    
a_ia   32   43                                                     -0.01278603403804042492                                                    
a_ia   32   42                                                      0.01469101100391971733                                                    
a_ia    4   15                                                     -0.00847166877213765233                                                    
a_ia    4   14                                                      0.00040545515590678183                                                    
op      4   15   32   43   15    4   32   43                       -0.00953881611295748916                                                    
op      4   25   32   53   25    4   32   53                       -0.02205783598696789416                                                    
a_ia    4   20                                                     -0.00100463423603960921                                                    
op      4   21   32   49   21    4   32   49                       -0.01218115656524497090                                                    
op      4   21   32   48   21    4   32   48                       -0.00850911142160088417                                                    
op      9   16   37   44   16    9   37   44                       -0.01552798916685862660                                                    
op      4   21   32   53   21    4   32   53                        0.00651511881566129748                                                    
a_ia    4   21                                                     -0.07381129683706957878                                                    
om      4   20   32   48   20    4   32   48                       -0.00835608354307148735                                                    
om      4   25   32   43   25    4   32   43                        0.00536282875357962235                                                    
op      4   20   32   49   20    4   32   49                       -0.00754373454759683926                                                    
op     10   16   36   44   16   10   36   44                        0.00061115226393950990                                                    
om      4   15   32   53   15    4   32   53                       -0.03842402800483424308                                                    
op      7   16   35   44   16    7   35   44                       -0.00273048881528657923                                                    
op      8   16   38   44   16    8   38   44                        0.00175007676874049372                                                    
op      5   18   33   46   18    5   33   46                       -0.00943641837827697422                                                    
a_ia    5   19                                                     -0.00166336154268494074                                                    
op      4   14   32   42   14    4   32   42                       -0.01404108466284545616                                                    
om      4   25   32   42   25    4   32   42                        0.00525150447980441901                                                    
op      5   25   32   53   25    5   32   53                        0.04461020937634824907                                                    
a_ia   33   47                                                     -0.00298175946941505680                                                    
om      5   25   33   53   25    5   33   53                        0.00352103179964215456                                                    
op      4   25   33   53   25    4   33   53                        0.00812426575177911670                                                    
om      5   20   33   48   20    5   33   48                       -0.00814561328026031789                                                    
op      5   15   33   43   15    5   33   43                       -0.00503744262892142757                                                    
a_ia   33   43                                                     -0.00796043782052463164                                                    
a_ia   32   50                                                      0.00420234293059438928                                                    
op      5   21   33   49   21    5   33   49                       -0.00678153012794270246                                                    
op      5   26   33   54   26    5   33   54                       -0.00233030653138082680                                                    
a_ia   32   54                                                      0.00259773851061187531                                                    
a_ia   33   54                                                     -0.00796376382881226579                                                    
a_ia    5   26                                                      0.00309747745105557566                                                    
op      5   23   33   51   23    5   33   51                       -0.00441495276388615809                                                    
mvp3   32   53   33   54   32   33   54   53   32   33   53   54   -0.03748881927022544580    0.24874843916979302860    0.61269294599053891748
a_ia   33   53                                                      0.00258269383963146597                                                    
mvp2    5   26   32   53   26    5   32   53                       -0.04529666079907689047   -0.17639946396549352481                          
a_ia   32   33                                                     -0.14269463454518865886                                                    
mvp3   32   43   33   54   32   33   54   43   32   33   43   54    0.00394852811209515323    0.12708151649749124812    0.10125963584247801852
op      5   21   32   49   21    5   32   49                        0.00591293264980410124                                                    
mvp2    5   26   33   53   26    5   33   53                       -0.00625214781495349141    0.01573246631565138401                          
op      9   16   38   44   16    9   38   44                       -0.00168188750929849093                                                    
a_ia   38   44                                                     -0.00348831845468234886                                                    
om      5   23   33   48   23    5   33   48                       -0.00603157391335414073                                                    
mvp2    4   14   32   53   14    4   32   53                        0.00706633949214565630    0.07731745240635597149                          
mvp2    4   14   32   49   14    4   32   49                       -0.00958730281410354046    0.25251838069754789506                          
a_ia    4   14                                                     -0.00903004797758931270                                                    
op      4   26   32   53   26    4   32   53                       -0.01780751764462702030                                                    
a_ia    4   26                                                     -0.00079589675537068260                                                    
mvp2    4   26   32   54   26    4   32   54                       -0.00250527475291985628    0.02705694447154028889                          
mvp2    4   21   32   42   21    4   32   42                       -0.00747664456359636680    0.31953577268712424209                          
a_ia    4   21                                                      0.07524746397149641164                                                    
mvp2    4   19   32   43   19    4   32   43                       -0.00400541870370689588   -0.23349223691892331822                          
a_ia    4   19                                                      0.10032595957346145121                                                    
mvp2    4   15   32   47   15    4   32   47                       -0.00800202264224130974    0.06863194316966167441                          
a_ia   32   47                                                      0.01054917922917665563                                                    
a_ia   42   53                                                      0.00266728278698007918                                                    
op      5   27   33   55   27    5   33   55                       -0.00317979768838659322                                                    
a_ia   33   50                                                      0.00195847335532070999                                                    
mvp2    4   15   32   44   15    4   32   44                       -0.00081551851601784975    0.25485800529297419903                          
a_ia   32   44                                                     -0.00682454724443222992                                                    
op      4   19   32   44   19    4   32   44                       -0.00216469860175804362                                                    
mvp2    4   25   32   44   25    4   32   44                       -0.00242308111814570079   -0.93977510655857343647                          
mvp2    4   25   37   53   25    4   37   53                        0.00394798188250232874   -0.65359596076230364048                          
a_ia   32   37                                                     -0.04202321943312173347                                                    
mvp2    4   25   37   47   25    4   37   47                        0.00254264184691278556   -0.51170587732469030584                          
a_ia   33   52                                                      0.00305779150306396182                                                    
mvp2    8   19   32   53   19    8   32   53                        0.02918937871508939241    0.20304849870878385887                          
a_ia   37   44                                                     -0.00288208991747089267                                                    
mvp2    9   19   32   53   19    9   32   53                        0.01495117153094556103    0.11114552920373249600                          
mvp2    9   25   32   53   25    9   32   53                        0.02390035272363833299    0.18332714181868220438                          
a_ia    9   18                                                     -0.00124158312406178720                                                    
mvp2    9   15   32   53   15    9   32   53                        0.03002701515562774051    0.23459783340585951827                          
a_ia    9   15                                                     -0.00229445476889336567                                                    
mvp2    8   18   32   53   18    8   32   53                       -0.01902358997257935780   -0.16889775387178260213                          
mvp2    9   15   37   43   15    9   37   43                       -0.00490468309309788700    0.10017116708735540609                          
mvp2    8   25   32   53   25    8   32   53                       -0.00263752650881864028   -0.01865790425879269160                          
mvp2    9   15   37   44   15    9   37   44                       -0.01317670307959047278    0.81605075367535728770                          
op      9   17   37   45   17    9   37   45                       -0.00513745699352165762                                                    
a_ia    4    9                                                      0.12921491360929057701                                                    
mvp2    8   16   32   53   16    8   32   53                       -0.01195106814250493366   -0.06900962243814118269                          
mvp2    4   16   32   43   16    4   32   43                        0.00409104563790899708   -0.21282329297243782196                          
a_ia   32   43                                                     -0.01255083794554915678                                                    
a_ia    4   16                                                     -0.01591154087180747523                                                    
op      4   16   32   47   16    4   32   47                        0.00352674404691194921                                                    
mvp2    4   16   32   53   16    4   32   53                        0.05711825302226322676    0.49466885719531528132                          
a_ia   43   53                                                     -0.22492477720429193688                                                    
mvp2    0   27   32   53   27    0   32   53                       -0.01337043509765733877   -0.39382543976319800416                          
a_ia    0   16                                                      0.00695143087410928298                                                    
a_ia    0   27                                                      0.01219134727212563274                                                    
a_ia    0   15                                                     -0.00341834363510549761                                                    
a_ia    4   27                                                      0.00129216111816702521                                                    
a_ia    0   19                                                     -0.00222302047401781114                                                    
mvp2    0   19   32   47   19    0   32   47                       -0.00962309161470275773   -0.11146612372636396926                          
a_ia    4   16                                                      0.01261784706227101448                                                    
mvp2    0   14   32   53   14    0   32   53                       -0.02307222272185211961   -0.75818562577651926748                          
a_ia    0   14                                                      0.00442118617244243502                                                    
mvp2    0   21   32   53   21    0   32   53                       -0.01802498776235659725   -0.65554217879729681506                          
a_ia    0   21                                                      0.00337036234706606687                                                    
a_ia   32   44                                                     -0.00523997771741715676                                                    
mvp2    0   21   32   49   21    0   32   49                        0.00861196071853721073   -0.23306547698054758122                          
a_ia   44   53                                                      0.06621654505339245878                                                    
mvp2    0   27   28   55   27    0   28   55                       -0.01271494488885396498    0.90967925580845798716                          
a_ia   28   43                                                      0.01900212464334594814                                                    
a_ia   28   55                                                     -0.00660073468691452399                                                    
a_ia   28   44                                                     -0.00031949773832567352                                                    
mvp2    0   21   28   49   21    0   28   49                       -0.00832948843912336562    0.63810189811303730245                          
mvp2    0   14   28   49   14    0   28   49                       -0.00842578876974299507   -0.03919125619461422821                          
a_ia   28   49                                                      0.00163525619966434829                                                    
mvp2    0   19   28   47   19    0   28   47                       -0.00451240969336686067   -0.17606722607119393298                          
a_ia   28   47                                                     -0.00270712579750900621                                                    
mvp2    0   14   28   42   14    0   28   42                       -0.01530563621979239008    0.48657481248992956457                          
mvp2    0   21   28   42   21    0   28   42                       -0.00839047925368362202    0.05474354795006929758                          
a_ia   16   25                                                     -0.78605358763771626673                                                    
mvp2    0   14   32   42   14    0   32   42                        0.01210627050259713636   -0.27910693104664585640                          
mvp2    0   25   28   53   25    0   28   53                       -0.01108571873410684958   -0.22140123387849092174                          
a_ia    0   25                                                      0.00743463792245812119                                                    
mvp2    0   21   28   55   21    0   28   55                       -0.00862661857253033473    0.27685966000734418824                          
mvp2    0   25   32   42   25    0   32   42                       -0.01183795906042757300   -0.16351870843075225204                          
mvp2    0   27   28   49   27    0   28   49                       -0.00375358513883353607   -0.18308211428738144222                          
a_ia   41   43                                                     -0.00100865817691810772                                                    
mvp2    0   21   32   42   21    0   32   42                        0.00838875417893738748   -0.14925993036266277381                          
mvp2    0   27   28   42   27    0   28   42                       -0.00460607183062278734   -0.12251911160504978804                          
om      4   19   28   47   19    4   28   47                       -0.01040416683049099483                                                    
mvp2    4   21   28   49   21    4   28   49                        0.00717789670508778982    0.04799514432212372006                          
a_ia   32   55                                                      0.00101978938867687118                                                    
a_ia    5   24                                                      0.00169689135326033360                                                    
mvp2    0   14   28   55   14    0   28   55                       -0.01726149361717042516    0.22987002679372664504                          
mvp2    0   25   32   55   25    0   32   55                       -0.00604426678465215441   -0.14190659073030498227                          
mvp2    5   25   33   44   25    5   33   44                       -0.04104094609669436261    0.41550275546871107135                          
mvp2    5   15   33   44   15    5   33   44                       -0.02232559738558897305   -0.76502231226773420580                          
a_ia    5   15                                                     -0.00155980347860708605                                                    
mvp2    5   26   33   44   26    5   33   44                        0.00765067394776085784   -0.77812228251773296606                          
op      5   15   33   48   15    5   33   48                        0.00818647220106652820                                                    
mvp2    5   23   33   44   23    5   33   44                        0.01324270165193043233    0.10574113325283185372                          
a_ia   15   23                                                      0.11460973890077469362                                                    
mvp2    4   14   28   42   14    4   28   42                        0.00409343479854673391    0.02252535316708450391                          
mvp2    5   20   33   44   20    5   33   44                        0.01030115873262895006    0.08720754957272479346                          
mvp2    5   15   33   53   15    5   33   53                       -0.00323681331021065475    0.04471008333342750551                          
a_ia   33   53                                                     -0.00809680922406804879                                                    
a_ia   33   44                                                      0.00635315945795812426                                                    
mvp2    9   25   37   53   25    9   37   53                       -0.00398198847438762174    0.17135208920159522572                          
mvp2    0   25   32   49   25    0   32   49                       -0.00759071407413653993   -0.03612567929131789424                          
mvp2    4   14   28   49   14    4   28   49                        0.00629672214077217542    0.14221294771752601704                          
mvp2    9   22   32   53   22    9   32   53                        0.01164588852788676909    0.60689549965686584443                          
a_ia   51   54                                                     -0.17456011022673961763                                                    
mvp2    9   22   37   50   22    9   37   50                       -0.00770301703549605612    0.80586825096808312185                          
mvp2    0   27   28   43   27    0   28   43                       -0.00224828946144534341    0.39399119616058803084                          
a_ia   28   43                                                     -0.02895004664515887782                                                    
mvp2    0   27   32   43   27    0   32   43                       -0.00635670284637481625    0.46587112843696693032                          
mvp2    0   14   32   43   14    0   32   43                       -0.01204102988128625921    0.46314864350561735229                          
mvp2    7   22   28   55   22    7   28   55                       -0.00947865016142981215   -1.17855693679516226879                          
a_ia    4    7                                                     -0.14744186906470341247                                                    
a_ia    4   22                                                     -0.00276810067816007531                                                    
mvp2    7   22   35   50   22    7   35   50                       -0.01132021935941657231    1.16029661813962348127                          
a_ia    7   22                                                     -0.00745036285857449306                                                    
mvp2    7   27   35   55   27    7   35   55                       -0.00237451296396657633   -0.35649088653362071000                          
a_ia   21   22                                                     -0.16667819968623601157                                                    
a_ia    8   22                                                      0.00160412050322332532                                                    
mvp2    7   27   28   50   27    7   28   50                       -0.00431776515323239150   -0.08531434639037202561                          
mvp2    7   22   35   55   22    7   35   55                        0.00104554192065114005   -0.30714685454391166264                          
a_ia   35   55                                                     -0.00157678951134626773                                                    
mvp2    7   27   35   50   27    7   35   50                        0.00151879316112938549    0.10131924213675265467                          
mvp2    8   22   35   50   22    8   35   50                        0.01446848778829705820    0.69088237300530697116                          
a_ia   35   50                                                      0.00545132369905485924                                                    
a_ia    7    8                                                      0.59493543389460312731                                                    
a_ia   32   35                                                     -0.15460238848565560632                                                    
a_ia   35   43                                                     -0.00539495927390258936                                                    
a_ia   37   53                                                      0.00284273912112845226                                                    
a_ia    0    4                                                     -0.10829647365754704880                                                    
mvp2    9   22   35   50   22    9   35   50                        0.00826154422777216138   -0.17955836431786470486                          
a_ia    9   22                                                     -0.00327443157294059987                                                    
a_ia    8   27                                                     -0.00266164300274249633                                                    
mvp2    4   19   35   47   19    4   35   47                        0.00261405392828339706   -0.10036044329059469471                          
a_ia   35   47                                                      0.00345255820324863807                                                    
om      0   22   28   50   22    0   28   50                       -0.00289242857521171881                                                    
mvp2    7   22   35   47   22    7   35   47                       -0.00087636657655224979    0.17769513709183643035                          
a_ia   43   50                                                     -0.07664726634365717772                                                    
a_ia   32   50                                                      0.02288257410820831311                                                    
a_ia    4    7                                                     -0.37295345172079680252                                                    
mvp2    7   19   32   47   19    7   32   47                        0.00417997774461162288    0.18384442187778782252                          
a_ia   32   35                                                     -0.19292579413384336462                                                    
mvp2    4   19   32   47   19    4   32   47                       -0.03448079237419070936   -0.29860886822895654769                          
a_ia    4   19                                                      0.02283195642303727235                                                    
mvp2    4   22   32   47   22    4   32   47                        0.00216374222922014955    0.05224169488017429280                          
mvp2    7   22   32   50   22    7   32   50                        0.00457624291614242180   -0.18425844447159422934                          
a_ia   35   50                                                     -0.00093635163015494220                                                    
a_ia    9   14                                                      0.00998078923361305111                                                    
mvp2    4   22   32   50   22    4   32   50                        0.00005544387183620221   -0.04721974662445163617                          
a_ia    4   22                                                      0.00494077970741622040                                                    
mvp2    4   19   32   50   19    4   32   50                        0.00020195778489463296    0.05274531529838562272                          
a_ia   32   50                                                     -0.02872218404192863547                                                    
mvp2    4   22   35   50   22    4   35   50                        0.00785926239215864811    0.40151030528042974677                          
a_ia   16   18                                                     -0.13396967656725461415                                                    
mvp2    7   19   35   47   19    7   35   47                       -0.00380555074491986840   -0.30100889177295575561                          
mvp2    8   19   32   47   19    8   32   47                        0.00795348010774358724   -0.31147676365036924828                          
mvp2    7   19   28   47   19    7   28   47                       -0.00707578268229156968    0.42641896868002937548                          
mvp2    7   22   28   43   22    7   28   43                       -0.00452488386989148301    0.13336650294198362787                          
a_ia   20   26                                                      0.23146652616146801140                                                    
mvp2    7   22   28   49   22    7   28   49                       -0.00316625478415532603    0.03761056510786451451                          
a_ia   14   25                                                      0.17580404957254783249                                                    
a_ia   25   27                                                      0.21009822922064405604                                                    
a_ia   43   49                                                      0.11073585760368884201                                                    
a_ia    0    9                                                     -0.03939228243998239842                                                    
mvp2    5   20   33   51   20    5   33   51                       -0.00328258671711257818   -0.22807639553750541639                          
mvp2    5   15   33   51   15    5   33   51                        0.00244899550351594013    0.07012136693862952574                          
mvp2    7   22   28   42   22    7   28   42                       -0.00713977851498711052    0.01916481592042228177                          
op     11   18   39   46   18   11   39   46                       -0.00359302107702551450                                                    
a_ia   13   16                                                     -0.00267543128722966608                                                    
mvp2    5   23   33   54   23    5   33   54                       -0.00324153841374595500   -0.10253702865902446228                          
a_ia   15   20                                                     -0.13496148323828990878                                                    
a_ia   44   51                                                     -0.18585896156192074913                                                    
mvp2    5   24   33   54   24    5   33   54                        0.00285356755420406328    0.30044099878266117276                          
a_ia    4   16                                                      0.00773479245477007391                                                    
mvp2    0   25   28   42   25    0   28   42                        0.00835201615481137929    0.38924924595965365581                          
mvp2    4   16   32   47   16    4   32   47                        0.00914791091926187711   -0.17936007839763934424                          
a_ia   47   50                                                     -0.31796978047139146106                                                    
a_ia   35   49                                                     -0.00120722959958498278                                                    
mvp2    5   15   33   54   15    5   33   54                        0.00614556332857988091    0.15868880914493402323                          
om      0   16   28   44   16    0   28   44                       -0.00609285476107452716                                                    
a_ia    7   16                                                      0.00215692913677962856                                                    
a_ia   35   42                                                     -0.00342326312077965468                                                    
a_ia   35   44                                                     -0.00329655368600856053                                                    
op      0   26   28   54   26    0   28   54                       -0.00364333157024140540                                                    
a_ia    0   26                                                      0.00169630061636875072                                                    
a_ia   28   54                                                      0.00094766750472797103                                                    
a_ia   53   54                                                      0.50420955912860321302                                                    
a_ia    0   24                                                     -0.01891750762521889062                                                    
a_ia    0    5                                                      0.13982862848204716255                                                    
a_ia    0   23                                                      0.00019107520655163126                                                    
mvp2    0   15   33   54   15    0   33   54                       -0.00301442919057661254   -0.31132904236382558105                          
a_ia   33   54                                                      0.00748144751663243172                                                    
mvp2    9   25   37   44   25    9   37   44                       -0.01363294398199901836    0.00255668066665929589                          
a_ia   51   53                                                     -0.26620532158168747072                                                    
a_ia   28   52                                                     -0.00263715100788203998                                                    
a_ia   28   48                                                      0.00106287924819864488                                                    
mvp2    0   24   28   52   24    0   28   52                       -0.00315556243307386040   -1.22115213444263082110                          
mvp2    8   22   37   50   22    8   37   50                       -0.00809721268921972936   -0.21943007996614435906                          
a_ia    0   24                                                      0.01209181452122599053                                                    
a_ia   42   50                                                     -0.14785072492491294072                                                    
a_ia   37   50                                                     -0.00279996605309850875                                                    
a_ia   37   42                                                     -0.00270042517048570737                                                    
mvp2    8   24   35   50   24    8   35   50                       -0.00648120229920375046   -0.40967506590104130204                          
a_ia   24   25                                                      0.21101207009117939339                                                    
a_ia   44   50                                                      0.19482168074264893942                                                    
a_ia   28   52                                                     -0.01440811286967339476                                                    
mvp2    7   24   35   50   24    7   35   50                        0.00577340985072053760    0.46008504019257806528                          
a_ia    7   24                                                     -0.00105682088951059732                                                    
a_ia    7   14                                                     -0.00585864551282142855                                                    
a_ia    7   17                                                      0.00219201158958682880                                                    
a_ia    7   15                                                     -0.00965180449116101631                                                    
mvp2    8   26   35   50   26    8   35   50                        0.00488095517298157457    0.39842758329446348320                          
a_ia    9   26                                                     -0.00059223684788045497                                                    
a_ia    8   26                                                      0.00139765767949881492                                                    
a_ia   42   44                                                      0.16278733516696242134                                                    
a_ia   16   22                                                      0.23619521996140077635                                                    
a_ia   37   49                                                      0.00122387099078841979                                                    
om      4   19   32   44   19    4   32   44                        0.01051414172962318073                                                    
a_ia   43   44                                                     -0.43438865350336930415                                                    
a_ia   32   43                                                     -0.00192016590434380247                                                    
a_ia    4   19                                                     -0.02367249344853090964                                                    
a_ia    8   27                                                      0.00286270324322787217                                                    
a_ia   35   50                                                      0.00295069272403211593                                                    
a_ia    8   14                                                      0.00074719710843386725                                                    
mvp2    4   19   32   43   19    4   32   43                       -0.01022217228842527484    0.11275191836031653314                          
a_ia   44   49                                                      0.12740348860576583556                                                    
a_ia   28   33                                                      0.12692169887009846496                                                    
a_ia    9   14                                                     -0.00944580991221794300                                                    
a_ia    8   17                                                     -0.00152610968286111498                                                    
a_ia   43   44                                                     -0.14819130154410745104                                                    
mvp2    9   24   35   50   24    9   35   50                       -0.00394593973880310971   -0.25697346512428553833                          
a_ia   24   25                                                     -0.33272535315160889358                                                    
a_ia   14   26                                                     -0.09238551731234520559                                                    
mvp2    4   25   36   47   25    4   36   47                        0.00706386563600442784   -0.31293883368900060615                          
a_ia   36   47                                                     -0.00338357192381921008                                                    
a_ia   32   36                                                     -0.37610385864422457569                                                    
a_ia   36   44                                                      0.00190660479829534444                                                    
a_ia   36   43                                                     -0.00172792527053522178                                                    
mvp2    4   25   38   44   25    4   38   44                        0.01169938091703558863   -0.40776477206393152430                          
a_ia   38   47                                                      0.00031475952817879276                                                    
a_ia   36   49                                                      0.00017323579084300040                                                    
a_ia   32   38                                                      0.26161402652890225484                                                    
a_ia   38   44                                                     -0.00188876572724835457                                                    
a_ia   38   43                                                      0.00174955695443165739                                                    
a_ia   32   44                                                      0.01031949416589582336                                                    
mvp3    4   16   10   25    4   10   25   16    4   10   16   25   -0.00557440563653996239   -0.06688605037201511561   -0.63350201947737661001
