op     23   24   71   72   24   23   71   72                       -0.15612174956042718099                                                    
op     23   25   71   73   25   23   71   73                       -0.03571443020705027810                                                    
a_ia   71   73                                                     -0.00947107484644681835                                                    
a_ia   23   25                                                      0.00158563506662183018                                                    
op     20   25   68   73   25   20   68   73                       -0.07216180130723395814                                                    
op     20   24   68   72   24   20   68   72                       -0.08625162784967478624                                                    
mvp2   23   25   68   72   25   23   68   72                       -0.06635488252685411981   -0.04768326323868445071                          
a_ia   68   72                                                     -0.01792338453451867986                                                    
a_ia   70   71                                                      0.01448073908595316414                                                    
a_ia   22   23                                                      0.01206578997229740442                                                    
mvp2   20   24   71   73   24   20   71   73                       -0.09991653431051239487    0.25810592087965028574                          
a_ia   20   24                                                     -0.01459133910532207923                                                    
a_ia   72   73                                                     -0.21681213311313918268                                                    
a_ia   68   69                                                      0.03193769304128159930                                                    
mvp2   23   24   68   72   24   23   68   72                       -0.01990789127741996595   -0.32348409329396771161                          
a_ia   20   21                                                     -0.00369687243681702561                                                    
a_ia   69   73                                                     -0.00942280336632572019                                                    
mvp3   20   24   23   25   20   23   25   24   20   23   24   25   -0.05444466159129798810    0.34313539006815918508   -0.34975249425125798375
a_ia   24   25                                                     -0.01603271642189085106                                                    
mvp2   23   24   68   73   24   23   68   73                       -0.07120646700402052942   -0.06704670931512052290                          
a_ia   20   23                                                      0.00568056911783231151                                                    
mvp2   23   24   67   72   24   23   67   72                        0.01198105494589656386    0.06631461403624076822                          
a_ia   67   68                                                     -0.04770575596326211837                                                    
a_ia   67   73                                                     -0.00031374316007808144                                                    
a_ia   67   72                                                      0.00484337002821804904                                                    
a_ia   19   23                                                      0.17506228605129653397                                                    
a_ia   19   24                                                      0.00798607909116399659                                                    
a_ia   70   71                                                      0.28537692158648314544                                                    
mvp2   23   34   71   72   34   23   71   72                       -0.00878220981775465828    0.01542194940304264170                          
a_ia   23   34                                                     -0.00593651276628791302                                                    
op     23   34   71   82   34   23   71   82                       -0.01037002939147082040                                                    
a_ia   71   82                                                     -0.00772975551811982270                                                    
a_ia   72   82                                                      0.24748637058823158563                                                    
a_ia   71   72                                                     -0.00668152685858719713                                                    
op     23   28   71   76   28   23   71   76                       -0.00991723832033302929                                                    
a_ia   19   20                                                      0.21697311465780527717                                                    
op     23   31   71   79   31   23   71   79                       -0.00816897408968233867                                                    
a_ia   71   79                                                      0.00331899932789722759                                                    
a_ia   23   31                                                      0.00322613980445373653                                                    
mvp2   23   24   58   73   24   23   58   73                       -0.02061349171166439523    0.13815699518207236185                          
a_ia   58   68                                                     -0.40343130954684336409                                                    
a_ia   58   73                                                     -0.00090080630889615852                                                    
om     10   24   58   72   24   10   58   72                       -0.03595298562429503908                                                    
a_ia   10   24                                                     -0.00792893358749303251                                                    
mvp2   10   25   68   73   25   10   68   73                        0.01554914018104736236    0.19415583837584113325                          
a_ia   10   25                                                      0.00118700362240799413                                                    
a_ia   20   22                                                     -0.01492255892738028784                                                    
op     10   42   58   90   42   10   58   90                       -0.04692159558088973559                                                    
op     20   42   58   90   42   20   58   90                       -0.01106822835487779148                                                    
op     10   42   68   90   42   10   68   90                        0.04347148982850675136                                                    
op     20   42   68   90   42   20   68   90                        0.01296315103745822143                                                    
a_ia   68   90                                                     -0.00155399428947490255                                                    
a_ia   58   79                                                     -0.00395253076772131805                                                    
a_ia   20   31                                                     -0.00414139555851444387                                                    
a_ia   68   82                                                     -0.00256793259701913572                                                    
a_ia   58   71                                                     -0.02618535512310306637                                                    
om     10   42   58   72   42   10   58   72                        0.03555361413666063841                                                    
op     10   28   58   76   28   10   58   76                       -0.00589174388973189890                                                    
mvp2   20   42   58   72   42   20   58   72                        0.00503560501290158113   -0.02762468552592567406                          
mvp2   10   42   68   72   42   10   68   72                       -0.02781577332407956377   -0.03186100711989846984                          
a_ia   10   20                                                     -0.06340417247693591607                                                    
a_ia   20   34                                                     -0.00298585775571708067                                                    
op     10   26   58   74   26   10   58   74                       -0.01066382480230491578                                                    
op     10   24   58   90   24   10   58   90                        0.03028327394625534782                                                    
a_ia   21   23                                                     -0.10952602503820338398                                                    
a_ia   24   34                                                      0.17154520764862449256                                                    
mvp2   20   24   58   90   24   20   58   90                       -0.00473299545079752283   -0.02697937482313953264                          
mvp2   10   24   68   90   24   10   68   90                       -0.03119523859674626365   -0.40262006558300095227                          
mvp2   10   24   68   72   24   10   68   72                        0.04508315367056135031    0.37159958189061448319                          
a_ia   10   24                                                     -0.01485238604971972354                                                    
mvp2   20   24   68   90   24   20   68   90                        0.00366910720290954985    0.06878176160401468231                          
a_ia   34   42                                                     -0.08894236014036838167                                                    
mvp2   19   42   58   90   42   19   58   90                        0.00294670733842556081    0.00626117975660199326                          
a_ia   24   42                                                      0.05395237683704631054                                                    
a_ia   19   20                                                     -0.31649066254114754937                                                    
a_ia   22   23                                                      0.23250128227038174833                                                    
mvp2   19   42   68   90   42   19   68   90                       -0.00301046001655473107   -0.00241654127888083544                          
om     21   42   58   90   42   21   58   90                       -0.00014199143832903179                                                    
om     11   42   58   90   42   11   58   90                        0.00331055865505557002                                                    
a_ia   20   21                                                     -0.30691732072069560777                                                    
mvp2   11   42   68   90   42   11   68   90                       -0.00309010891500944955   -0.18194640284260482632                          
mvp2   10   24   11   28   10   11   28   24                        0.03669330804061934903   -0.29526248643169838992                          
a_ia   11   24                                                     -0.00355612620163373375                                                    
a_ia   10   11                                                      0.41529775651450540064                                                    
a_ia   10   24                                                     -0.00513824332610858612                                                    
mvp2   11   24   20   28   11   20   24   28                        0.01010709108559859626    0.01767216029204067909                          
a_ia   10   20                                                     -0.41940047491310511463                                                    
a_ia   10   21                                                      0.21848259861489294220                                                    
mvp3   10   28   11   42   10   11   42   28   10   11   28   42    0.02581001408403881328    0.08815380460626501269    0.31199399902497715331
a_ia   58   67                                                     -0.15191545985107751671                                                    
a_ia   67   68                                                     -0.05094962372099588049                                                    
mvp2    0   26   58   90   26    0   58   90                        0.01712337109984572725    0.45254432106126035729                          
mvp2    0   26   68   90   26    0   68   90                       -0.01456616183875903553   -0.33701144973092350687                          
a_ia   68   69                                                     -0.28290680121278527492                                                    
a_ia    0   26                                                     -0.00179359387969510301                                                    
a_ia   58   65                                                      0.05718850487246850828                                                    
mvp2    0   26   48   74   26    0   48   74                       -0.01356883378406526473    0.83271136914927335049                          
mvp2    0   26   64   74   26    0   64   74                       -0.00617524751104690881    0.30258499271844963019                          
mvp2   16   26   48   74   26   16   48   74                       -0.00583295472817391223   -0.28903465871580352742                          
mvp2    0   42   48   90   42    0   48   90                       -0.00781351990659613985   -0.01314877191340261403                          
op      0   28   48   76   28    0   48   76                       -0.00958707098103124197                                                    
mvp2   10   42   59   90   42   10   59   90                       -0.00013411190808361564   -0.03339184881361620394                          
a_ia   59   90                                                      0.00004864435576104110                                                    
a_ia   58   59                                                      0.41914758223961540162                                                    
a_ia   10   18                                                     -0.09745544690063873139                                                    
a_ia   11   20                                                     -0.18577089524456011360                                                    
op      0   47   48   95   47    0   48   95                       -0.00308587935897144082                                                    
op      0   35   48   83   35    0   48   83                       -0.00413401798925189072                                                    
op      0   47   48   80   47    0   48   80                        0.00153392770256663901                                                    
op      0   33   48   81   33    0   48   81                       -0.00286824122506617978                                                    
op      0   47   48   78   47    0   48   78                       -0.00103299119999250501                                                    
op      0   30   48   95   30    0   48   95                       -0.00030459063512209758                                                    
op      0   47   48   83   47    0   48   83                       -0.00091164055666958556                                                    
op      0   30   48   78   30    0   48   78                       -0.00156258184393821375                                                    
op      0   32   48   95   32    0   48   95                        0.00143530994462950814                                                    
op      0   35   48   95   35    0   48   95                       -0.00000121395091004072                                                    
op      0   32   48   80   32    0   48   80                       -0.00223241167549786349                                                    
mvp2   10   42   48   95   42   10   48   95                       -0.01628944987006639145    0.36229448207315295694                          
mvp2   20   42   48   95   42   20   48   95                        0.00583302023601617141    0.29621400576672374250                          
mvp2   10   24   48   95   24   10   48   95                        0.00750196362507952932   -0.00179511338628251908                          
mvp2   11   42   48   95   42   11   48   95                       -0.00532445252636121625    0.11558402908135556597                          
mvp3    0   42   10   47    0   10   47   42    0   10   42   47    0.01205166887910199235    0.51061589675417340395   -0.44755885402379247395
op     20   24   48   95   24   20   48   95                       -0.00702152904264603632                                                    
mvp3    0   42   20   47    0   20   47   42    0   20   42   47   -0.00332965850088711660   -0.23288751679180832999   -0.16329602128454887011
mvp2   10   34   71   82   34   10   71   82                       -0.00770479497279078634    0.09374542630751483974                          
a_ia   66   68                                                     -0.01948880843779267000                                                    
mvp2   10   42   48   78   42   10   48   78                       -0.00729125334170918800    0.23843105004129708235                          
mvp2   11   28   59   76   28   11   59   76                       -0.01211809175324401328    0.48047531859807929289                          
op     11   27   59   75   27   11   59   75                       -0.00784368548188160708                                                    
mvp2   20   42   48   78   42   20   48   78                        0.00344443342073288234    0.14944843986199488062                          
a_ia   67   70                                                     -0.38204623245742608262                                                    
op      9   26   57   74   26    9   57   74                       -0.00778757928703234514                                                    
op     14   26   62   74   26   14   62   74                       -0.00508262829564556234                                                    
op     14   26   57   74   26   14   57   74                       -0.00376793491522832598                                                    
op     13   26   61   74   26   13   61   74                       -0.00448604857820331104                                                    
a_ia   61   74                                                     -0.00166369516116112543                                                    
a_ia   13   26                                                     -0.00165108956418126584                                                    
op      8   26   56   74   26    8   56   74                       -0.00313749686241563156                                                    
op      6   26   54   74   26    6   54   74                       -0.00639692973863903534                                                    
a_ia   54   74                                                      0.00101066070302041904                                                    
a_ia    6   26                                                      0.00122564977830965554                                                    
a_ia   23   25                                                     -0.01005602110427475035                                                    
op      7   26   55   74   26    7   55   74                       -0.00348487610682604327                                                    
a_ia   55   74                                                      0.00138359092793794596                                                    
a_ia    7   26                                                      0.00113777946527112523                                                    
a_ia   58   66                                                     -0.13106541159773027472                                                    
mvp2    6   28   58   90   28    6   58   90                        0.00888213344110432013    0.51745593168097070436                          
mvp2    6   28   68   90   28    6   68   90                       -0.00792420434424900150   -0.29083536251094438407                          
a_ia   64   68                                                     -0.04005836547846849255                                                    
mvp2    6   28   54   76   28    6   54   76                       -0.01343574037720378367    0.54765690752469797786                          
a_ia    6   28                                                     -0.01884883539627765781                                                    
a_ia   58   76                                                      0.00037813727187411043                                                    
a_ia   68   90                                                      0.00273482756296863222                                                    
op     16   28   64   76   28   16   64   76                       -0.00965630883622609071                                                    
a_ia   16   28                                                     -0.00440594082615416299                                                    
a_ia   64   76                                                     -0.00760671953457559870                                                    
a_ia   58   64                                                     -0.07854839655159975842                                                    
a_ia    6   16                                                     -0.28912779742797228844                                                    
mvp2    6   28   64   76   28    6   64   76                        0.00733312467477899473   -0.33472899581362097754                          
mvp2   11   28   54   76   28   11   54   76                        0.01199794649280901300   -0.59042116134350397516                          
a_ia   54   58                                                      0.07833351462883829386                                                    
a_ia   59   75                                                      0.00111588934817826758                                                    
mvp2    6   28   55   76   28    6   55   76                       -0.00755741674390144128    0.66465122126775477707                          
a_ia    6   28                                                      0.01384224102287229252                                                    
mvp2    6   28   62   76   28    6   62   76                       -0.00514050245715716274    0.42443661347325389865                          
op      8   28   56   76   28    8   56   76                       -0.00722297978337603334                                                    
a_ia   56   76                                                     -0.00029483882659261289                                                    
a_ia    8   28                                                      0.00084541323253207892                                                    
op     12   28   60   76   28   12   60   76                       -0.00541222781092700125                                                    
a_ia   60   76                                                      0.01019378025674943546                                                    
a_ia   12   28                                                      0.00242783386489965700                                                    
om      9   28   57   76   28    9   57   76                       -0.00464571565167553116                                                    
a_ia    9   28                                                     -0.00029852851318142173                                                    
mvp2    7   28   55   76   28    7   55   76                       -0.00674367819891826068   -0.80179329170738955490                          
a_ia   10   34                                                      0.00014725687036274112                                                    
mvp2    7   28   60   76   28    7   60   76                       -0.00436226200981067701    0.90806241930151609942                          
a_ia    7   28                                                      0.01288291864341590057                                                    
mvp2    7   28   54   76   28    7   54   76                       -0.00726417714192885942   -0.24258798064084935442                          
a_ia   20   42                                                      0.00116197673411861323                                                    
a_ia   48   78                                                      0.00018740393874923410                                                    
a_ia   54   56                                                     -0.34385574547068847862                                                    
mvp2    8   28   54   76   28    8   54   76                        0.00689408020680561551    0.34992770283390695063                          
a_ia   54   76                                                      0.00169960953040296150                                                    
mvp2   14   28   54   76   28   14   54   76                       -0.00528181251029030772   -0.51401269841381302950                          
a_ia   19   34                                                      0.00046779996452250827                                                    
a_ia   10   19                                                     -0.20813867368665442403                                                    
a_ia   72   82                                                     -0.05263703132617711389                                                    
mvp2   10   42   48   83   42   10   48   83                       -0.00676121638846246750    0.22836267500325282964                          
a_ia   71   83                                                      0.00435042336265669977                                                    
mvp2   10   24   48   83   24   10   48   83                        0.00741886231944999947   -0.01285747845224470380                          
a_ia   19   24                                                     -0.00470687275142463342                                                    
mvp2   10   24   48   78   24   10   48   78                        0.00539661405966867461    0.00198008239734267719                          
a_ia   70   82                                                      0.00191624088582857547                                                    
a_ia   70   72                                                      0.00424728061257105809                                                    
mvp3    0   24   20   47    0   20   47   24    0   20   24   47    0.00632534291934053541   -0.22941909700943965977   -0.01062527386488121804
mvp3    0   24   10   47    0   10   47   24    0   10   24   47   -0.00599825098870719782    0.16416542302668807318    0.01030894894659344085
mvp2    0   35   10   42    0   10   42   35                       -0.00573338220677307477   -0.21477860986628674600                          
a_ia   35   42                                                     -0.05765893051825150134                                                    
mvp3    0   30   10   42    0   10   42   30    0   10   30   42   -0.00426842387513823741   -0.22603099320273406514    0.16721005987458714692
op      1   26   49   74   26    1   49   74                       -0.00438533879064844853                                                    
a_ia   49   74                                                      0.00195824069422980600                                                    
a_ia    1   26                                                      0.00196734122438669504                                                    
mvp2   12   28   54   76   28   12   54   76                       -0.00572238770492097641   -0.54213706770517966493                          
a_ia   12   28                                                     -0.00377436068244474269                                                    
mvp2   12   28   55   76   28   12   55   76                       -0.00432324535038017526    0.01495127195863106898                          
a_ia    2   26                                                      0.00207541381605102875                                                    
a_ia   18   23                                                      0.06416899800669316478                                                    
a_ia   18   27                                                     -0.00266920327489994502                                                    
mvp2   23   25   69   73   25   23   69   73                       -0.00700210707967219119    0.07090737810311867340                          
a_ia   69   73                                                      0.01053181607813112770                                                    
mvp2   14   28   55   76   28   14   55   76                       -0.00542273295277291220    0.08250341072067746140                          
a_ia   55   76                                                      0.00826632409132106553                                                    
mvp2    0   24   10   35    0   10   24   35                       -0.00452196816409197906    0.08129860688730769502                          
a_ia   10   35                                                     -0.00041446417828034895                                                    
mvp2   10   42   48   80   42   10   48   80                        0.00413672161939046285   -0.11915514799274526392                          
mvp2   18   25   23   27   18   23   25   27                       -0.00584475983170731385    0.09378515572926136856                          
a_ia   69   90                                                     -0.00054730684280417899                                                    
a_ia   73   90                                                     -0.03662900103092348730                                                    
a_ia   11   17                                                      0.16841795516287097478                                                    
mvp2    0   42   48   72   42    0   48   72                        0.00350997220689528919    0.04132045622007134156                          
mvp2    0   24   48   72   24    0   48   72                       -0.00364018001576440521   -0.20194720317016412459                          
mvp2   14   28   62   76   28   14   62   76                       -0.00591731820705880887    0.05696482912441437618                          
a_ia   62   76                                                      0.00072731677470623003                                                    
a_ia   14   28                                                     -0.00058390769899398405                                                    
mvp2    7   28   62   76   28    7   62   76                       -0.00514315864689677063    0.03867623029607109020                          
op      3   26   51   74   26    3   51   74                       -0.00279230152343525875                                                    
a_ia   50   74                                                      0.00213831931294658929                                                    
op      4   26   51   74   26    4   51   74                        0.00236640632307475677                                                    
mvp2   10   35   71   72   35   10   71   72                        0.00585956329034767812    0.02131666917057792321                          
mvp2   20   24   64   80   24   20   64   80                        0.01383312072954535725   -0.17291190916369292285                          
mvp2   20   24   64   83   24   20   64   83                       -0.00396426532987900586    0.01495246379745286333                          
a_ia   58   63                                                      0.10502298146900310161                                                    
mvp2    0   47   64   83   47    0   64   83                       -0.00270674308859899376    0.56985474020555659802                          
a_ia   64   80                                                      0.00118300035628490915                                                    
a_ia   72   78                                                     -0.01681855070834589738                                                    
mvp2   20   24   64   75   24   20   64   75                        0.00923641299818649293   -0.10650683190536777700                          
a_ia   64   75                                                     -0.00076131203692857325                                                    
a_ia   31   42                                                     -0.11092054552199347162                                                    
a_ia   29   42                                                     -0.05163118513634931683                                                    
mvp2   10   42   64   92   42   10   64   92                       -0.00845950316689990899    0.26644549615804880016                          
mvp2   10   42   64   81   42   10   64   81                        0.00605425196899087893   -0.25122924078391462022                          
a_ia   10   29                                                      0.00141200745168340190                                                    
a_ia   64   71                                                      0.03473555478945821590                                                    
mvp2   10   42   64   93   42   10   64   93                       -0.00707751843621518169    0.24270979483557550416                          
a_ia   64   93                                                     -0.00130597270983808704                                                    
a_ia   71   81                                                      0.00090396989138185832                                                    
a_ia   64   84                                                     -0.00163707367246019014                                                    
a_ia   10   32                                                     -0.00178425966822382139                                                    
a_ia   72   81                                                     -0.03599236734305593516                                                    
mvp2    0   35   48   81   35    0   48   81                        0.00220634418834098241   -0.38270978458731186311                          
a_ia   48   81                                                      0.00115561364016724972                                                    
a_ia   72   79                                                      0.01806285315842591846                                                    
mvp2    0   30   48   81   30    0   48   81                        0.00171327589764103550    0.12713178472270025843                          
mvp2   11   28   55   76   28   11   55   76                        0.00620452111378950229   -0.13566278509668905361                          
mvp2   11   28   60   76   28   11   60   76                        0.00660703399242083215   -0.26271741231743261924                          
mvp2   14   28   60   76   28   14   60   76                       -0.00411865111664940029    0.07136609781637424932                          
mvp2    6   28   60   76   28    6   60   76                       -0.00582748630470027347   -0.14268184197529135138                          
mvp2   11   28   62   76   28   11   62   76                        0.00528038787671639316   -0.17826260454259607036                          
a_ia   54   57                                                      0.13391183213351032233                                                    
mvp2   16   24   20   32   16   20   24   32                       -0.00918207796070128618    0.16033443167518501848                          
a_ia   24   32                                                      0.01230180359629331512                                                    
a_ia   16   20                                                     -0.01908875106308159653                                                    
a_ia   16   24                                                      0.00149897997342601720                                                    
mvp2   16   24   20   35   16   20   24   35                        0.00683909128405978117   -0.11861633715673657041                          
a_ia   24   35                                                      0.00066438779019418462                                                    
a_ia   10   37                                                      0.01124971892935137247                                                    
mvp2   16   24   20   27   16   20   24   27                       -0.00783938965592682023    0.11869504578631005776                          
a_ia   16   27                                                     -0.00145397803634907639                                                    
a_ia   32   35                                                      0.41397598839126692472                                                    
mvp2   16   35   48   95   35   16   48   95                       -0.00259904659436734596   -0.44877600791302674210                          
a_ia   48   95                                                     -0.00031518054111381015                                                    
mvp2   16   35   48   83   35   16   48   83                       -0.00273943806372132148   -0.15251211912974843576                          
mvp3   18   24   20   32   18   20   32   24   18   20   24   32   -0.00543324734655902669   -0.16752938022497743109    0.11109500351750159486
a_ia   18   20                                                     -0.02008099131563630471                                                    
a_ia   18   32                                                      0.00110247845226643421                                                    
a_ia   18   24                                                      0.00194277823975195726                                                    
a_ia   22   25                                                      0.00191311192155200734                                                    
a_ia   24   25                                                     -0.18075348539145555393                                                    
a_ia   20   25                                                     -0.00210951380006035687                                                    
mvp2   17   24   20   32   17   20   24   32                       -0.00578425615146825611    0.10221899649125340548                          
a_ia   17   20                                                      0.02831645075395479438                                                    
a_ia   65   68                                                      0.02554879010668658842                                                    
a_ia   25   34                                                      0.10519999366777713079                                                    
a_ia   25   35                                                     -0.06625337650192905659                                                    
mvp2   10   42   64   91   42   10   64   91                        0.00401667534274864190   -0.16371858649263515417                          
a_ia   64   91                                                      0.00127986133877220254                                                    
a_ia   37   42                                                      0.09142339137587415787                                                    
a_ia   10   37                                                     -0.01066539347535354169                                                    
a_ia   64   87                                                      0.00152123664125453171                                                    
a_ia   64   86                                                      0.00074142103072402958                                                    
mvp2   10   42   16   44   10   16   44   42                       -0.00444206143273195419    0.33165183207627541018                          
a_ia   16   36                                                     -0.00196104914933689081                                                    
a_ia   16   42                                                     -0.00050389869035787722                                                    
a_ia   16   33                                                      0.00170809818705497840                                                    
mvp2   10   33   16   42   10   16   33   42                       -0.00310074105421923908   -0.31352916531998298311                          
a_ia   10   44                                                     -0.00028279134513361918                                                    
mvp2   10   42   16   45   10   16   45   42                       -0.00383974192278101938    0.32602760851421752619                          
a_ia   16   45                                                     -0.00166839232320679584                                                    
a_ia   10   16                                                     -0.05699251411672591472                                                    
a_ia   16   44                                                     -0.00137657309896988293                                                    
