op     20   25   68   73   25   20   68   73                       -0.13408874624631281214                                                    
op     19   25   68   73   25   19   68   73                       -0.01054804968309571919                                                    
op     20   25   67   73   25   20   67   73                        0.00108026041457974162                                                    
op     23   24   71   72   24   23   71   72                       -0.03949521012454784014                                                    
a_ia   23   24                                                     -0.00581158667964317820                                                    
op     23   27   71   75   27   23   71   75                       -0.01624921577992188143                                                    
a_ia   23   27                                                      0.00894825137580525752                                                    
a_ia   71   72                                                      0.01216132264859564639                                                    
op     19   25   67   73   25   19   67   73                        0.00006963670275701927                                                    
mvp2   20   25   66   72   25   20   66   72                       -0.04913108800441742807    0.60919521272896437480                          
mvp2   18   24   68   73   24   18   68   73                       -0.03944530701190146482   -0.76788800638235021889                          
mvp2   18   27   68   73   27   18   68   73                       -0.03983455336252531703   -0.92995873100585924043                          
a_ia   71   75                                                      0.01496254662501390192                                                    
mvp2   20   25   66   75   25   20   66   75                       -0.06058543117393084404    0.51902366489391549287                          
mvp2   19   24   68   73   24   19   68   73                        0.00033768142399108128    0.01349398760029946881                          
mvp2   18   24   71   75   24   18   71   75                        0.03936397027556517297   -0.45281427402799440118                          
a_ia   18   24                                                     -0.01894142011412887350                                                    
op     15   25   63   73   25   15   63   73                       -0.03065417386917275791                                                    
mvp3   18   24   23   27   18   23   27   24   18   23   24   27    0.02558139336430014302   -0.58496518052316814895   -0.42393844649924566914
a_ia   18   19                                                     -0.35303364669726805536                                                    
a_ia   68   71                                                      0.00302017485304500923                                                    
op     19   25   66   72   25   19   66   72                       -0.00593334800024468596                                                    
a_ia   19   20                                                      0.11247762029500443792                                                    
mvp2   19   25   66   75   25   19   66   75                       -0.00631680469977890027    0.00750898992318727553                          
mvp2   20   25   71   72   25   20   71   72                        0.02401761637304736241   -0.23886630239064693404                          
a_ia   66   70                                                     -0.09343910263678371908                                                    
a_ia   24   27                                                     -0.09067185546399260387                                                    
a_ia   26   27                                                     -0.28401790843091218042                                                    
mvp2   20   25   67   72   25   20   67   72                        0.00389775507758964666   -0.03218133235935514980                          
a_ia   67   71                                                     -0.09082904715879436264                                                    
mvp2   20   25   62   72   25   20   62   72                        0.02131179140420754597   -0.37406681885803194643                          
a_ia   62   72                                                      0.00491732565308114836                                                    
a_ia   66   67                                                     -0.32802985422767949597                                                    
mvp2   20   25   62   75   25   20   62   75                        0.01263864824354201007   -0.16819621611685856011                          
a_ia   67   68                                                      0.00142913053866231422                                                    
mvp2   20   25   64   72   25   20   64   72                       -0.02211849365624650107    0.39524387837595503781                          
a_ia   64   72                                                     -0.00611238138778144331                                                    
mvp2   20   25   64   75   25   20   64   75                       -0.01354349197683865982    0.20348643144449091169                          
a_ia   72   73                                                     -0.05385012816192313867                                                    
mvp2   20   25   65   73   25   20   65   73                       -0.02102418607852496457    0.15147478192513136319                          
a_ia   65   72                                                     -0.00276940435072552983                                                    
mvp2   17   25   68   73   25   17   68   73                       -0.01994840306972845909   -0.23399007082267553326                          
mvp2   20   25   68   73   25   20   68   73                       -0.07983615956958133031    0.35756458457052509026                          
a_ia   64   68                                                      0.06501561249744078341                                                    
a_ia   68   69                                                      0.06489842139204171634                                                    
mvp2   23   27   71   77   27   23   71   77                       -0.01267295541091474978    0.13023303912862160825                          
mvp2   14   24   66   75   24   14   66   75                        0.01885218125232890687    0.46655652328901070502                          
a_ia   14   24                                                      0.00383025794476771252                                                    
mvp2   16   24   66   75   24   16   66   75                       -0.01676322382918111684   -0.48913579392118783362                          
a_ia   16   24                                                     -0.00473707159284073292                                                    
op     15   24   63   72   24   15   63   72                       -0.01520987245715102985                                                    
a_ia   16   20                                                      0.06687256651329084867                                                    
op     15   24   63   75   24   15   63   75                       -0.01255773015134188479                                                    
op     23   38   71   86   38   23   71   86                       -0.01270911041966928633                                                    
a_ia   23   38                                                     -0.00368413986996123620                                                    
a_ia   71   86                                                     -0.00170713977646400950                                                    
op     23   32   71   80   32   23   71   80                       -0.00528099851958564563                                                    
op     23   31   71   79   31   23   71   79                       -0.00498013783293032621                                                    
mvp2   14   27   68   73   27   14   68   73                        0.01945868098068313790    0.12386533829415018182                          
mvp2   16   27   68   73   27   16   68   73                       -0.02174720539312147150   -0.13903049711744885908                          
op     15   27   63   75   27   15   63   75                       -0.01160546420679786118                                                    
op     15   27   63   72   27   15   63   72                       -0.01265683550158873752                                                    
mvp2   14   27   62   75   27   14   62   75                       -0.01079365117247332168    0.16849149444412711563                          
mvp2   14   27   64   75   27   14   64   75                        0.00988680709236043793   -0.13836992369319023322                          
mvp2   16   27   62   75   27   16   62   75                        0.00982123647726444206   -0.13881338000255522003                          
mvp2   16   27   64   75   27   16   64   75                       -0.00973496728238025175    0.11011484075703489860                          
mvp2   20   32   68   73   32   20   68   73                       -0.02253266143202363458   -0.14547202360736954940                          
a_ia   19   20                                                     -0.00589076792580032864                                                    
a_ia   67   68                                                      0.06812313079369340663                                                    
a_ia   68   77                                                     -0.00514361496754016465                                                    
a_ia   25   27                                                      0.01662984080629106159                                                    
mvp2   20   34   68   73   34   20   68   73                        0.02365588762205225043    0.14402080776267195406                          
a_ia   73   77                                                     -0.05665166921594292498                                                    
a_ia   73   76                                                      0.09508308518522651243                                                    
a_ia   73   74                                                      0.05845422519341476886                                                    
a_ia   20   28                                                      0.00656950516311323191                                                    
a_ia   20   34                                                      0.00040970011079089923                                                    
a_ia   73   80                                                      0.16212256435867897220                                                    
a_ia   73   82                                                     -0.16607861466395731909                                                    
a_ia   73   81                                                     -0.04029144774367752341                                                    
op     20   30   68   78   30   20   68   78                       -0.00961163404291325539                                                    
a_ia   20   30                                                     -0.00576208986289791607                                                    
a_ia   68   78                                                     -0.00611498681260101533                                                    
a_ia   23   29                                                      0.00204904349387194373                                                    
a_ia   68   76                                                      0.00605031675959141844                                                    
a_ia   68   74                                                     -0.00279264245143448497                                                    
a_ia   73   90                                                      0.14078680701993945279                                                    
a_ia   73   89                                                     -0.06017675706475591330                                                    
a_ia   73   91                                                      0.07565908375489723003                                                    
a_ia   73   92                                                     -0.07009762623413111349                                                    
a_ia   68   87                                                     -0.11052523096532175517                                                    
a_ia   68   85                                                      0.00520171849110549148                                                    
a_ia   68   82                                                      0.01672358803764438517                                                    
a_ia   68   90                                                     -0.00634157171538490220                                                    
a_ia   68   89                                                     -0.00390509876109048758                                                    
a_ia   82   87                                                      0.36018765183538392627                                                    
mvp2   20   42   68   73   42   20   68   73                        0.02996792376410027312    0.18234728200278454979                          
a_ia   20   39                                                      0.04017578211434937735                                                    
a_ia   20   42                                                     -0.00556938269766730706                                                    
a_ia   73   85                                                      0.04359497052827182584                                                    
a_ia   20   37                                                      0.00650025252975721442                                                    
a_ia   68   87                                                      0.09691309724175392604                                                    
mvp2   20   39   68   87   39   20   68   87                       -0.00787018141286112936   -0.40426015317297553375                          
a_ia   68   82                                                     -0.05035356922677099861                                                    
mvp2   20   42   68   90   42   20   68   90                        0.00022804756021472985   -0.02080370494038322540                          
mvp2   20   39   68   73   39   20   68   73                        0.01851026357358958457    0.05704697988751710608                          
mvp2   18   40   68   73   40   18   68   73                        0.02362741041821803806    0.16488962525560990624                          
a_ia   18   36                                                     -0.00315335875151100814                                                    
a_ia   18   40                                                     -0.01217000959505505457                                                    
a_ia   18   37                                                     -0.00486520345240819274                                                    
a_ia   73   83                                                      0.04166590602516210412                                                    
a_ia   68   83                                                      0.00201440279873509260                                                    
a_ia   67   77                                                     -0.00028217488965957658                                                    
a_ia   68   81                                                      0.00164296342638440207                                                    
om     18   40   68   90   40   18   68   90                        0.00122893758275298892                                                    
a_ia   67   78                                                      0.00061627061468836047                                                    
a_ia   67   76                                                     -0.00112621241371460719                                                    
a_ia   26   32                                                     -0.17902234385329041100                                                    
a_ia   18   38                                                      0.00475944718649912515                                                    
a_ia   71   80                                                      0.00057568411052392728                                                    
a_ia   66   72                                                     -0.01219208990028764449                                                    
a_ia   63   72                                                      0.00217927231315593033                                                    
a_ia   66   75                                                     -0.00704406065781329731                                                    
a_ia   17   24                                                     -0.00191065723264080317                                                    
a_ia   68   73                                                      0.01610127155039073679                                                    
a_ia   73   84                                                     -0.01779438634159305477                                                    
a_ia   38   40                                                      0.41838571826988540936                                                    
a_ia   18   40                                                      0.00601618772305538042                                                    
mvp2   20   33   68   73   33   20   68   73                       -0.01307083962977835349   -0.09762823632802875018                          
a_ia   20   33                                                      0.00174913381878826477                                                    
a_ia   20   38                                                      0.00060081454842723350                                                    
a_ia   18   38                                                     -0.00434947907016469421                                                    
mvp2   23   40   68   73   40   23   68   73                       -0.01403818439306059492   -0.10184042051985579824                          
a_ia   23   36                                                      0.00246188375485941477                                                    
a_ia   23   40                                                      0.00218895636368594826                                                    
a_ia   18   20                                                      0.08015453267183141051                                                    
a_ia   25   27                                                     -0.01814065513202420266                                                    
mvp2   16   27   66   75   27   16   66   75                       -0.00539567032648696938    0.08093848654184208902                          
op     15   35   63   83   35   15   63   83                       -0.01208994103797104459                                                    
a_ia   15   32                                                     -0.00177153711538699066                                                    
a_ia   15   35                                                     -0.03074314875699927022                                                    
om     15   32   63   83   32   15   63   83                       -0.00458076454924091943                                                    
a_ia   63   83                                                     -0.00984214027637175283                                                    
op     15   36   63   84   36   15   63   84                       -0.01177366368587071110                                                    
a_ia   67   84                                                      0.00087259442418871679                                                    
op     15   36   63   83   36   15   63   83                       -0.00862868549362305788                                                    
a_ia   15   36                                                     -0.00236369659621106162                                                    
om     15   35   63   84   35   15   63   84                       -0.01076658935714469925                                                    
a_ia   63   84                                                     -0.00213186735666455289                                                    
mvp2   15   45   68   73   45   15   68   73                        0.03008426434343888442    0.32800565386647956290                          
a_ia   15   45                                                      0.00654531673790851448                                                    
mvp2   15   45   63   93   45   15   63   93                       -0.00853309847621987541    0.89460807163213085236                          
op     15   47   63   95   47   15   63   95                       -0.00630929399954268180                                                    
op     15   43   63   95   43   15   63   95                        0.00366046011188478999                                                    
op     15   41   63   95   41   15   63   95                       -0.00314750421759672078                                                    
mvp2   15   43   63   93   43   15   63   93                        0.00598784281926738413    0.67277905748187738499                          
mvp2   15   47   63   93   47   15   63   93                       -0.00432077762406083733   -0.28550098124301331870                          
mvp2   15   43   63   91   43   15   63   91                       -0.00504626357088560230    0.73908178162804738509                          
mvp2   15   46   63   93   46   15   63   93                       -0.00486737224576627454   -0.64612399403381504115                          
om     15   46   63   91   46   15   63   91                        0.00347572956202724277                                                    
a_ia   63   91                                                      0.00005976336513296998                                                    
mvp2   15   47   63   91   47   15   63   91                        0.00343469932559503080   -0.10546968033067603832                          
a_ia   42   43                                                     -0.34469073829087032435                                                    
mvp2   15   45   63   91   45   15   63   91                        0.00582604127393629694    0.02590133619920485797                          
mvp2   15   45   63   95   45   15   63   95                       -0.00413810389388536738    0.17908426387985912354                          
mvp2   15   41   63   93   41   15   63   93                       -0.00471927054356837804   -0.53375629174326066906                          
mvp2   15   45   63   94   45   15   63   94                       -0.00475537424029035677    0.50373554434617406894                          
mvp2   15   46   63   94   46   15   63   94                       -0.00386201910450208316    0.05327227579266276963                          
mvp2   15   43   63   94   43   15   63   94                        0.00344387148698109590    0.06057404651551415165                          
mvp2   15   45   63   92   45   15   63   92                        0.00451139776374720296   -0.42267129074992398907                          
mvp2   15   46   63   92   46   15   63   92                        0.00282843881485023456   -0.08357747395782823274                          
mvp2   15   43   63   92   43   15   63   92                       -0.00306041160795362654    0.00661535939689288869                          
om     15   47   63   92   47   15   63   92                        0.00261502690064077713                                                    
mvp2   15   44   63   93   44   15   63   93                        0.00462048139128356291    0.47471038524376490964                          
mvp2   15   44   63   92   44   15   63   92                       -0.00314944150542682995   -0.10239888824412210488                          
mvp2   15   44   63   94   44   15   63   94                        0.00270339130010734249    0.03086659416372155434                          
mvp2   15   44   63   91   44   15   63   91                       -0.00302977799803711215   -0.07314886426107575224                          
op     15   44   63   95   44   15   63   95                        0.00259037790967967408                                                    
a_ia   41   42                                                     -0.38283080505806416083                                                    
mvp2   15   41   63   91   41   15   63   91                        0.00377803047692296850    0.13831986131843840293                          
mvp2   15   35   68   73   35   15   68   73                        0.01755391917051220621    0.14729620814228711057                          
a_ia   15   35                                                      0.04528994836945324926                                                    
mvp2   15   35   68   90   35   15   68   90                       -0.00333300723727836170    0.30247877637009956686                          
a_ia   20   35                                                      0.00191987940065748829                                                    
a_ia   18   35                                                     -0.00121055952856515252                                                    
a_ia   73   81                                                      0.11067874041073648417                                                    
mvp2   15   35   68   87   35   15   68   87                       -0.00787447284016155533    0.35242365240233652912                          
a_ia   18   39                                                      0.00262064843365490555                                                    
a_ia   18   42                                                      0.00095512822749171044                                                    
mvp2   15   35   63   95   35   15   63   95                       -0.00637994540934580089    0.05264312438278511558                          
mvp2   15   35   63   93   35   15   63   93                       -0.00485730589419115961    0.14199254428302854336                          
mvp2   15   35   63   91   35   15   63   91                        0.00405589537208723636   -0.08755628029872830620                          
a_ia   15   35                                                     -0.01573005819400435240                                                    
op     15   35   63   92   35   15   63   92                        0.00312129119811585531                                                    
mvp2   18   37   20   39   18   20   39   37                       -0.00433645884708960642   -0.02008214839552391676                          
a_ia   20   39                                                     -0.06190820836439046154                                                    
a_ia   63   95                                                     -0.00134109468938748084                                                    
a_ia   73   81                                                      0.05061234597745213615                                                    
a_ia   19   28                                                     -0.00033925051106532188                                                    
a_ia   19   30                                                      0.00039873259675319081                                                    
mvp2   15   45   63   89   45   15   63   89                       -0.00386044320771637825    0.35589077031843313614                          
mvp2   15   43   63   89   43   15   63   89                        0.00312702734295620911   -0.02607598251851950613                          
om     15   41   63   89   41   15   63   89                       -0.00334295390579400801                                                    
mvp2   15   35   63   89   35   15   63   89                       -0.00374028500517910398    0.13305208236061777383                          
mvp2   15   45   63   82   45   15   63   82                       -0.00343899548270440144    0.53138170806221662890                          
a_ia   63   82                                                      0.00281717254505293438                                                    
mvp2   15   43   63   82   43   15   63   82                        0.00284134027553138149   -0.18327229965119665178                          
mvp2   15   46   63   82   46   15   63   82                       -0.00266542445213599662    0.09683926064861300698                          
a_ia   67   87                                                     -0.00071911922883437956                                                    
a_ia   67   68                                                      0.46244487205431922261                                                    
a_ia   67   90                                                      0.00017777904455980835                                                    
mvp2   20   39   67   87   39   20   67   87                        0.00265194613346039646   -0.06256770283726817428                          
a_ia   20   39                                                      0.01443745915290143775                                                    
mvp2   19   40   68   73   40   19   68   73                       -0.00489607015395079805   -0.07528207294659217119                          
a_ia   19   40                                                      0.00033175159009280749                                                    
a_ia   68   86                                                      0.00073160031971963391                                                    
mvp2   19   42   68   73   42   19   68   73                        0.00108059039053448862    0.01217394091066098874                          
a_ia   19   23                                                     -0.14812993622235584579                                                    
a_ia   19   39                                                      0.00025940239605795466                                                    
a_ia   19   20                                                      0.52724748114382180564                                                    
a_ia   19   38                                                     -0.00215846716746101973                                                    
a_ia   15   43                                                     -0.00135007331747978576                                                    
a_ia   28   34                                                      0.63028672036950184054                                                    
op      7   33   55   81   33    7   55   81                       -0.01955644431247366422                                                    
a_ia   55   81                                                      0.00346656304038216179                                                    
a_ia    7   33                                                      0.00794197433288737487                                                    
a_ia    7   32                                                      0.00170494456307078370                                                    
a_ia    7   26                                                     -0.00137794508416749003                                                    
a_ia    7   28                                                     -0.00212630493185130996                                                    
a_ia    7   34                                                      0.00082524446479272540                                                    
om      7   26   55   74   26    7   55   74                       -0.00879671669776024324                                                    
om      7   28   55   74   28    7   55   74                       -0.00607363342402119678                                                    
a_ia   55   74                                                     -0.00165785885056039610                                                    
om      7   28   55   76   28    7   55   76                       -0.00591253122461551407                                                    
a_ia   55   76                                                     -0.00246319730874207995                                                    
op      7   31   55   79   31    7   55   79                       -0.00596451932465156317                                                    
a_ia   55   79                                                     -0.00153012332273500928                                                    
a_ia    7   31                                                     -0.00100709182280202345                                                    
a_ia   19   37                                                      0.00215493890927021198                                                    
op      7   30   55   78   30    7   55   78                       -0.00452965808710028336                                                    
op      9   33   57   81   33    9   57   81                       -0.01144916098113372624                                                    
a_ia   57   81                                                      0.00297103956817235766                                                    
a_ia    9   33                                                      0.00293204273048301624                                                    
op     12   33   57   81   33   12   57   81                       -0.00671597896153993887                                                    
a_ia   12   33                                                      0.00191647238083849183                                                    
op      9   33   55   81   33    9   55   81                       -0.01241995888174374577                                                    
om     12   33   55   81   33   12   55   81                       -0.00817042724883244344                                                    
om      7   33   57   81   33    7   57   81                       -0.01375598773625006516                                                    
mvp2    7   33   62   75   33    7   62   75                        0.00833424435447805735   -0.17007198945827797787                          
om      9   33   60   81   33    9   60   81                       -0.00673868803099742560                                                    
a_ia   60   81                                                     -0.00039889374335426615                                                    
mvp2    7   33   60   81   33    7   60   81                       -0.00908183501203068885    0.32416057517280355560                          
op     12   33   60   81   33   12   60   81                       -0.00537013536710525142                                                    
a_ia    9   25                                                     -0.00146963426761563326                                                    
mvp2    7   25   55   81   25    7   55   81                        0.00600856515573809820    0.09385661871119019284                          
op      9   31   57   79   31    9   57   79                       -0.01046537799891679964                                                    
mvp2   14   27   55   81   27   14   55   81                        0.00642083232556938180    0.18305163834498705544                          
op     10   31   58   79   31   10   58   79                       -0.01240540599020095551                                                    
a_ia   10   31                                                      0.00226630798706686917                                                    
a_ia   58   79                                                      0.00185364139039700753                                                    
a_ia   25   31                                                      0.04133941054158876693                                                    
op      2   31   50   79   31    2   50   79                       -0.00910553799391879484                                                    
op      2   33   50   81   33    2   50   81                       -0.00726620393615826088                                                    
op      2   24   50   72   24    2   50   72                       -0.00508656777672589211                                                    
a_ia   60   66                                                      0.03258982952950134626                                                    
op      4   31   52   79   31    4   52   79                       -0.00419348668318283990                                                    
a_ia   52   79                                                     -0.00148606890873949240                                                    
a_ia    4   31                                                     -0.00098361025342085526                                                    
a_ia   14   27                                                     -0.00080243428113856456                                                    
a_ia   64   69                                                     -0.13930541374395694065                                                    
om      2   33   52   81   33    2   52   81                        0.00478706871739111983                                                    
a_ia   52   81                                                     -0.01275166511817011836                                                    
mvp2    7   33   52   81   33    7   52   81                        0.00789666779949671840   -0.25851911085539563961                          
op     12   33   52   81   33   12   52   81                        0.00411530210445412974                                                    
a_ia   10   17                                                     -0.37175142536735555909                                                    
op      4   33   52   81   33    4   52   81                       -0.00447947626202701340                                                    
a_ia    4   33                                                     -0.00114071629868286203                                                    
om      4   33   50   81   33    4   50   81                        0.00480574215111938177                                                    
mvp2    7   33   50   79   33    7   50   79                        0.00592445505492924986   -0.20077720597576523276                          
mvp2    4   33   50   79   33    4   50   79                       -0.00217673713444341017   -0.19140554092315020807                          
mvp2    7   33   52   79   33    7   52   79                       -0.00403126721097889305    0.13718614205313658938                          
a_ia    8   31                                                     -0.00066038625703264929                                                    
a_ia   52   81                                                      0.01231616161223387726                                                    
mvp2   10   31   50   79   31   10   50   79                        0.00623012616161796196    0.44845184962880252355                          
a_ia   50   79                                                     -0.00055110209501733930                                                    
om      2   31   58   79   31    2   58   79                        0.00628130553441334696                                                    
a_ia   65   79                                                     -0.00141320609514900865                                                    
op      9   31   58   79   31    9   58   79                       -0.00836543395145492030                                                    
mvp2    7   33   54   81   33    7   54   81                        0.00531444856399363331   -0.18883301639230229418                          
op      9   33   52   81   33    9   52   81                        0.00546449240933792862                                                    
op      9   33   54   81   33    9   54   81                        0.00355768024706572435                                                    
a_ia    4    7                                                      0.21824949929903852963                                                    
a_ia   72   79                                                      0.03275241192414581753                                                    
a_ia   24   31                                                      0.03491221343935666660                                                    
om      7   33   50   81   33    7   50   81                       -0.00331772991152648423                                                    
om     10   31   57   79   31   10   57   79                       -0.00828126987417589222                                                    
mvp3   63   73   68   83   63   68   83   73   63   68   73   83   -0.00742092404650966046   -0.08060571748289220573    0.17159051049057424954
a_ia   63   83                                                      0.01384703986897725496                                                    
a_ia   73   90                                                     -0.30299292706258940111                                                    
a_ia   63   87                                                     -0.00117449129923956948                                                    
