op     11   13   35   37   13   11   35   37                       -0.00131940904322268055                                                    
op      8   19   32   43   19    8   32   43                       -0.02803215939070002188                                                    
op      8   19   32   38   19    8   32   38                        0.00007807228419196115                                                    
op      8   14   32   38   14    8   32   38                       -0.00652016427046750880                                                    
op      7   19   32   43   19    7   32   43                        0.09013543406898663624                                                    
op      7   19   31   43   19    7   31   43                       -0.00224543615963354853                                                    
mvp2    8   19   31   43   19    8   31   43                        0.00531101346818358810   -1.04763660451369422510                          
op      8   21   32   45   21    8   32   45                       -0.00019872065815255659                                                    
op      4   13   28   37   13    4   28   37                        0.00223744708741125103                                                    
op      4   13   27   37   13    4   27   37                        0.00026818022786138994                                                    
op      3   13   27   37   13    3   27   37                       -0.01052988883360379130                                                    
op      3   13   28   37   13    3   28   37                       -0.00099918895692030973                                                    
a_ia   28   37                                                      0.00714425198558209414                                                    
mvp2    8   21   32   43   21    8   32   43                       -0.01604753091496266201   -0.10192082832202337128                          
mvp2    8   14   32   43   14    8   32   43                        0.04970940628411431306    0.31966945086657361230                          
mvp2    8   19   32   45   19    8   32   45                       -0.01165757520779157896    0.02101491637935081619                          
a_ia    8   19                                                     -0.00050827936813162061                                                    
op      7   12   31   36   12    7   31   36                       -0.01109814610945063403                                                    
mvp2    7   19   32   45   19    7   32   45                        0.03136203619694825223   -0.58888668535175103802                          
mvp3    7   19    8   22    7    8   22   19    7    8   19   22    0.02479625710378815726   -0.59625216854065876682   -0.82153365986621396111
a_ia    8   22                                                      0.00228555030943606999                                                    
mvp2    4   21   32   43   21    4   32   43                        0.06876031546225466751    0.53379503462100907907                          
mvp2    4   21   32   45   21    4   32   45                        0.00542840124718538177    0.48320993095306485898                          
a_ia    7   14                                                     -0.00130808417170299573                                                    
mvp2    4   21   28   45   21    4   28   45                       -0.01849577630769275519    0.43524010015721820155                          
op      4   12   28   36   12    4   28   36                       -0.02032496707878291009                                                    
a_ia   38   43                                                     -0.08375560845060674164                                                    
mvp2    8   21   28   45   21    8   28   45                        0.00718168603713081367    0.04136637993270095986                          
mvp2    8   21   31   43   21    8   31   43                       -0.00009992152821430688   -0.00788394598006208341                          
a_ia   28   45                                                      0.00303757840948859405                                                    
mvp2    4   21   31   43   21    4   31   43                       -0.00730809611598755987    0.23131456179961037978                          
op      0   12   24   36   12    0   24   36                       -0.01560354171193141688                                                    
op      0   13   24   37   13    0   24   37                        0.00483427588414958413                                                    
mvp2    3   13   24   36   13    3   24   36                       -0.00017543679264484706   -0.30088051957915096235                          
mvp2    0   12   27   37   12    0   27   37                       -0.00061005179979057656    0.39657218489079476553                          
a_ia   27   37                                                     -0.00125020352224021599                                                    
mvp2    0   23   32   43   23    0   32   43                       -0.01278415890839373729   -1.31533696657338450287                          
mvp2    0   23   31   43   23    0   31   43                        0.03094539683964968313   -0.38797143905812769837                          
mvp2    0   23   32   45   23    0   32   45                       -0.01474156516828590419    0.20138985634579112394                          
mvp2    0   23   24   47   23    0   24   47                       -0.02049454593218425283    0.59293102640322670194                          
mvp2    0   21   24   45   21    0   24   45                        0.00279726954902648770   -0.08243102280093075884                          
op      0   20   24   44   20    0   24   44                        0.00551537676565788584                                                    
a_ia   19   20                                                     -0.26628421589654310830                                                    
a_ia    4    8                                                      0.04804908029698026078                                                    
mvp2    8   23   32   47   23    8   32   47                       -0.00791111212037969892   -0.17222782345527770653                          
mvp2    7   20   24   44   20    7   24   44                       -0.00418227926401621743    0.16472548625709257375                          
mvp2    0   22   24   46   22    0   24   46                       -0.00508851309204012142   -0.13003779172547583198                          
op      0   18   24   42   18    0   24   42                       -0.00575129846154244593                                                    
mvp3   31   43   32   46   31   32   46   43   31   32   43   46    0.01086986688116449093   -0.63475401597161806855   -0.60061663061130388108
a_ia   43   46                                                     -0.19077793660903302753                                                    
a_ia   31   46                                                     -0.00116975255822156449                                                    
a_ia   31   38                                                     -0.00009786705194952971                                                    
mvp2    7   20   31   44   20    7   31   44                       -0.00333883618451279608    0.48682772588319611629                          
mvp2    7   19   31   44   19    7   31   44                        0.00280754650800110056    0.08494637947564018243                          
mvp2    7   14   31   38   14    7   31   38                       -0.00461991505866367336   -0.24979839200479686534                          
mvp2    7   19   31   38   19    7   31   38                       -0.00846655445684533700    0.11964762605282035224                          
mvp2    0   19   24   43   19    0   24   43                       -0.01149098883970783858   -0.14737610673201972933                          
mvp2    7   19   24   43   19    7   24   43                       -0.00783489435149242047    0.16401822829645829049                          
mvp2    0   20   31   44   20    0   31   44                       -0.00487357717282182849   -0.59227468117504222800                          
mvp2    0   23   32   38   23    0   32   38                        0.01888479870707181207   -0.86708058014892408494                          
a_ia   43   44                                                     -0.47509962198919758469                                                    
mvp2    7   19   31   43   19    7   31   43                       -0.01560444419950934337    0.20724767637789903718                          
a_ia   45   47                                                     -0.00624004194350157894                                                    
mvp2    0   19   31   43   19    0   31   43                        0.00445035963009259884   -0.03233006435503517351                          
mvp2    4   21   27   46   21    4   27   46                       -0.01291284472656650112    0.24093038829504442866                          
mvp2    4   21   27   37   21    4   27   37                       -0.00286027452524748342    0.11297487884273271774                          
mvp2    4   21   28   37   21    4   28   37                        0.02919213448937283198   -0.96562502833752894560                          
mvp2    4   21   28   46   21    4   28   46                        0.00399072244716676752   -0.17127764075217449813                          
mvp2    8   21   28   37   21    8   28   37                       -0.00617478107014201270   -0.02009584714562615698                          
mvp2    8   21   27   46   21    8   27   46                       -0.00055518092118124322   -0.04066756281585250793                          
a_ia   27   46                                                     -0.00180871124217045227                                                    
a_ia    0   19                                                      0.00280727341906294179                                                    
mvp2    8   21   27   37   21    8   27   37                        0.00091947973176707604   -0.04354408858965421597                          
mvp2    3   22   27   46   22    3   27   46                       -0.00221882830573016075   -0.93115956846449743356                          
mvp2    3   22   28   46   22    3   28   46                        0.00456255788569471382   -0.34161385975361768796                          
a_ia   27   35                                                      0.38694279351120480781                                                    
mvp2    3   22   32   46   22    3   32   46                        0.00540415371626501613   -0.05588906663080806664                          
mvp2    3   14   27   38   14    3   27   38                       -0.00993135673523398710    0.38786106289573851758                          
mvp2    3   13   28   37   13    3   28   37                        0.03890312667579785139    0.75713033868682577676                          
a_ia   13   21                                                      0.75649700084106197284                                                    
mvp2    3   21   28   37   21    3   28   37                       -0.04169156405385136821   -0.91306886971232603667                          
a_ia    4   13                                                      0.00882498485538735222                                                    
mvp2    3   13   28   46   13    3   28   46                        0.00337129380744193323   -0.10213314945869132744                          
mvp2    0   19   31   47   19    0   31   47                        0.00685144832324817345    0.15522870973971417130                          
a_ia    0   23                                                      0.00325548819972864114                                                    
a_ia   31   45                                                     -0.00200853803750885435                                                    
om      3   21   27   37   21    3   27   37                        0.00968807350758340083                                                    
a_ia   39   43                                                      0.43860781685805122487                                                    
op      7   18   31   42   18    7   31   42                       -0.00716632091686081329                                                    
mvp2    7   23   31   44   23    7   31   44                        0.00535598171670925889   -0.02887956439294166525                          
a_ia   15   19                                                      0.36060224491751596831                                                    
a_ia   19   23                                                      0.06494913652969326601                                                    
mvp2    0   12   24   47   12    0   24   47                       -0.00864979429331389806   -1.02968742074497732197                          
a_ia    0   12                                                     -0.00341390319692957619                                                    
mvp2    0   12   24   44   12    0   24   44                       -0.01326020789763100033    0.64927847100484459286                          
mvp2    0   23   24   36   23    0   24   36                       -0.01033720752704850657    0.93081041679203879724                          
op      0   20   24   36   20    0   24   36                       -0.01488846239230562363                                                    
mvp2    0   20   24   44   20    0   24   44                       -0.01824262318341463018   -0.39930836175894462992                          
mvp2    4   20   28   44   20    4   28   44                       -0.01402426107571541278   -0.00710020167447834253                          
a_ia    4   20                                                      0.00252633188732236461                                                    
a_ia   28   44                                                      0.00307455088158989625                                                    
mvp2    4   20   27   44   20    4   27   44                       -0.00161953209344424987   -0.04107705344531593222                          
op      3   20   28   44   20    3   28   44                        0.00876392599490592727                                                    
a_ia   27   28                                                      0.63155929024963841645                                                    
a_ia   37   46                                                      0.27816398804964526104                                                    
a_ia    3   11                                                      0.26542723322384637052                                                    
a_ia    8   13                                                     -0.00255675095905866798                                                    
a_ia    0   23                                                      0.00010770174964868351                                                    
a_ia    9   21                                                     -0.00021925922911502342                                                    
a_ia    8    9                                                      0.30299610651292968599                                                    
a_ia   38   45                                                     -0.19195090843208675868                                                    
op      4   18   28   42   18    4   28   42                       -0.00756475854796552147                                                    
a_ia   24   28                                                     -0.23447504881356517892                                                    
a_ia   27   32                                                      0.10971183083208997655                                                    
a_ia    0   12                                                      0.00552822987491782998                                                    
op      4   18   24   42   18    4   24   42                        0.00317618644903160151                                                    
a_ia   24   42                                                     -0.00074651673690069001                                                    
a_ia    4   12                                                      0.00158576441447371504                                                    
mvp2    4   12   24   36   12    4   24   36                        0.01670644338395954609    0.42903414521655347524                          
a_ia   28   36                                                      0.00036151689824682711                                                    
mvp2    0   23   28   47   23    0   28   47                       -0.00347341325977977957    0.15722742084353821812                          
mvp2    0   18   28   44   18    0   28   44                        0.00441287040263986085    0.28962922333216545301                          
a_ia   24   45                                                     -0.00263204522382204332                                                    
mvp2    4   12   28   44   12    4   28   44                       -0.00935212599985761443    0.32605222063565708623                          
a_ia   36   42                                                      0.27898070996182638970                                                    
mvp2    0   18   27   44   18    0   27   44                       -0.00491074046937690391    0.38622324269698166122                          
om      4   18   27   42   18    4   27   42                        0.00664403747396348325                                                    
mvp2    4   20   24   42   20    4   24   42                        0.00926259217051451748    0.04691811783692003551                          
mvp2    4   20   24   44   20    4   24   44                        0.00958660893162424990    0.34910133468634485521                          
op      3   18   27   42   18    3   27   42                       -0.00847694132363266753                                                    
a_ia    0    3                                                      0.29457607380703998423                                                    
op      3   18   28   42   18    3   28   42                        0.00635498447239104657                                                    
mvp2    0   20   28   42   20    0   28   42                        0.00375494992061773487    0.25328726426292952345                          
mvp2    4   12   24   44   12    4   24   44                        0.00911862199624430790    0.16018636458441609660                          
mvp2    0   12   24   45   12    0   24   45                       -0.00354372036779681317    0.11592295818293779641                          
a_ia   31   36                                                     -0.00280603751101578345                                                    
a_ia   36   43                                                      0.19667282361035767768                                                    
op      5   22   29   46   22    5   29   46                       -0.00104199938606523799                                                    
a_ia   29   46                                                     -0.01254683819369399600                                                    
a_ia   21   22                                                     -0.51166358380221943492                                                    
a_ia    5   22                                                     -0.01186199586838412694                                                    
a_ia    5   21                                                     -0.00164140966234146480                                                    
mvp2    5   22   27   46   22    5   27   46                       -0.00300884316462501043   -0.27040638554676643679                          
a_ia    5   13                                                      0.00101764352214021468                                                    
mvp2    8   22   29   46   22    8   29   46                        0.00322162030349461542   -0.13604235247776375051                          
a_ia   29   37                                                      0.00144006247559104656                                                    
a_ia    8   22                                                      0.00001243195612494083                                                    
mvp2    5   22   32   46   22    5   32   46                        0.00328935160691850876    0.02890366029903324030                          
mvp2    8   21   29   46   21    8   29   46                        0.00216039142455178241   -0.09983969555621202696                          
a_ia   29   46                                                      0.01229870987255623008                                                    
mvp2    3   23   24   47   23    3   24   47                        0.00524792001151331775    0.57657733502398400560                          
a_ia    5   22                                                      0.00998213887725676874                                                    
mvp2    3   20   24   42   20    3   24   42                       -0.00633828405679532584   -0.49287581659558243885                          
a_ia   18   20                                                     -0.19606322436262871300                                                    
a_ia    0    4                                                      0.12168906410070817747                                                    
a_ia   26   37                                                     -0.00051735429054975497                                                    
mvp2    5   21   32   46   21    5   32   46                        0.00130255804603669929    0.08523897354782736246                          
op      3   18   24   44   18    3   24   44                       -0.00430631467711972693                                                    
mvp2    4   18   24   44   18    4   24   44                        0.00456198337399495862   -0.10028364330877714838                          
om      4   14   28   38   14    4   28   38                       -0.00820612105418214513                                                    
a_ia   12   19                                                      0.31552507023832121469                                                    
a_ia    4   14                                                      0.00344674276224957773                                                    
a_ia   32   33                                                      0.30615430832570117436                                                    
mvp2    5   19   31   43   19    5   31   43                        0.00279568769382758202    0.01942744060264684630                          
a_ia    5   19                                                      0.00019416595263081052                                                    
a_ia    7   12                                                     -0.00067174530358034181                                                    
mvp2    5   14   31   43   14    5   31   43                        0.00265371905670725664    0.27443551237363678075                          
a_ia   36   40                                                     -0.25632117013703853425                                                    
a_ia    4    5                                                      0.08111411057880271724                                                    
a_ia   14   19                                                     -0.46151725779551583395                                                    
a_ia    4   19                                                      0.00121961399157832166                                                    
a_ia   11   13                                                      0.00235791713811078860                                                    
a_ia   12   16                                                     -0.21264471874280441166                                                    
mvp2    5   20   31   44   20    5   31   44                        0.00037234375390181318   -0.00968614282419509934                          
a_ia    0    5                                                     -0.04948901292535631824                                                    
op      4   17   28   41   17    4   28   41                       -0.00659169256651642201                                                    
a_ia    7   17                                                      0.00178126923652455627                                                    
a_ia    4   15                                                     -0.00160750569010768580                                                    
mvp2    7   19   29   43   19    7   29   43                        0.00267858056300168679   -0.01619113881054066659                          
a_ia   29   31                                                      0.55213527420982444482                                                    
a_ia   29   43                                                      0.00381083652967667032                                                    
a_ia    5    7                                                      0.57467627623076134036                                                    
mvp2    7   19   31   43   19    7   31   43                       -0.00405715927807384028   -0.03452938037826747131                          
a_ia   12   17                                                     -0.17292690113302511268                                                    
a_ia   39   41                                                     -0.46232947930193102337                                                    
mvp2    7   19   29   45   19    7   29   45                       -0.00268930195923758504    0.20150390664292594511                          
a_ia   28   38                                                      0.00135371546299489776                                                    
a_ia    9   22                                                      0.00138918994011544435                                                    
mvp2    7   19   31   47   19    7   31   47                       -0.00638592346859756434    0.18005356830193081086                          
mvp2    7   19   29   47   19    7   29   47                        0.00414188951228721802   -0.16011804132385637489                          
a_ia   43   45                                                     -0.21731009163292669406                                                    
a_ia   29   47                                                     -0.00999516947821945875                                                    
a_ia   30   46                                                     -0.00114186517801318161                                                    
a_ia   30   32                                                      0.16536988106874361826                                                    
a_ia    6    8                                                      0.17289525604536218339                                                    
a_ia    7   20                                                     -0.00210494782485849512                                                    
a_ia   19   20                                                     -0.19278891125472186197                                                    
mvp2    4   12   28   41   12    4   28   41                        0.00566527904857842476   -0.12520336599609699357                          
a_ia    4   12                                                      0.00099192943943593502                                                    
a_ia    4   16                                                      0.00201361622379783289                                                    
a_ia   28   39                                                     -0.00251420152599034739                                                    
a_ia   28   40                                                      0.00232185616263478906                                                    
a_ia    0   12                                                      0.00115465385099981039                                                    
a_ia    5   14                                                      0.00304372260821232643                                                    
a_ia    0   17                                                     -0.00125019534426337557                                                    
a_ia    0   16                                                      0.00123428865180320044                                                    
a_ia   29   43                                                     -0.00378753308366323264                                                    
a_ia    6   21                                                     -0.00076442996517467852                                                    
mvp2    3   22   24   47   22    3   24   47                        0.00376916860566507738    0.11220847861537680545                          
a_ia    3   22                                                      0.00283697713128337617                                                    
a_ia   24   47                                                      0.00050121332489279141                                                    
mvp2    5   14   29   38   14    5   29   38                       -0.00647804410680305736    0.44434506316784111446                          
a_ia   29   38                                                      0.00171655867367765552                                                    
a_ia    5   20                                                     -0.01448258841109501850                                                    
mvp2    4   20   28   36   20    4   28   36                       -0.00888634953812746618    0.18913229059039315949                          
a_ia   12   20                                                      0.06291989363879785246                                                    
mvp2    4   20   28   41   20    4   28   41                        0.00347715192565294963    0.02400649333919777084                          
a_ia   27   30                                                      0.08122612768119663595                                                    
a_ia   26   46                                                      0.00006911193342633340                                                    
a_ia   26   27                                                     -0.29871648213005641548                                                    
a_ia   34   37                                                     -0.00094209844540170460                                                    
mvp2    4   20   24   36   20    4   24   36                        0.00880991985545870500    0.25586545086738399224                          
a_ia   24   29                                                     -0.15069471502313566691                                                    
a_ia    4   20                                                      0.00101846248687166335                                                    
a_ia   36   38                                                     -0.03750607350575553556                                                    
om      5   19   31   47   19    5   31   47                        0.00387767761021684488                                                    
a_ia    3   18                                                      0.00025315385228867908                                                    
a_ia   28   41                                                      0.00038554882843576160                                                    
a_ia   26   32                                                     -0.03686591343709589436                                                    
mvp2    0   20   24   45   20    0   24   45                       -0.00402503020694491495    0.16409326725851236528                          
mvp2    0   14   24   43   14    0   24   43                        0.00315391403010799667    0.07098313611236259368                          
mvp2    0   20   31   36   20    0   31   36                       -0.00439962824522002662    0.04587446077386278520                          
a_ia   24   31                                                      0.14960581956324786601                                                    
mvp2    0   14   24   38   14    0   24   38                       -0.00384581734984383149   -0.10722233769862833663                          
mvp2    0   23   31   43   23    0   31   43                        0.00389176518189782075   -0.15612098569499946454                          
a_ia    5   23                                                      0.00093551271412923632                                                    
a_ia   29   47                                                      0.01158669587140453289                                                    
a_ia   24   38                                                      0.00060147577030349945                                                    
a_ia   28   41                                                     -0.00041542037376331783                                                    
a_ia    0   20                                                      0.00037592621103842285                                                    
a_ia    7   23                                                     -0.00132857700498058198                                                    
a_ia   29   44                                                      0.00143023297827081573                                                    
a_ia   18   19                                                     -0.05657845317701729743                                                    
a_ia    3   19                                                     -0.00249207896925937719                                                    
a_ia   24   43                                                      0.00222174630313016260                                                    
a_ia   14   23                                                      0.15589550011698216636                                                    
a_ia    0   23                                                     -0.00231592779405074504                                                    
a_ia   31   44                                                     -0.00187436410296917128                                                    
a_ia   38   43                                                     -0.22270745961725069151                                                    
mvp2    0   23   24   44   23    0   24   44                       -0.00469846744914150828    0.03010353141651562342                          
op      0   20   31   47   20    0   31   47                       -0.00280005815636138501                                                    
a_ia   31   47                                                     -0.00200478039255630762                                                    
mvp2    5   19   29   47   19    5   29   47                       -0.00235259221023583365   -0.07989413744171340592                          
a_ia   45   47                                                     -0.26892860630589504600                                                    
mvp2    4   20   24   47   20    4   24   47                        0.00253839377038398914    0.01357247088345125627                          
mvp2    0   20   24   47   20    0   24   47                       -0.00429564394929224033    0.01195334944419134370                          
mvp2    3   21   27   45   21    3   27   45                       -0.00529872509872234086   -0.06188847249746258494                          
a_ia    3   21                                                     -0.00250290300655347814                                                    
a_ia   27   35                                                      0.14809944972516886352                                                    
mvp2    3   13   27   45   13    3   27   45                        0.00478884910219440092    0.17324697899506105725                          
a_ia   19   22                                                     -0.22905490786148649529                                                    
a_ia    4   23                                                     -0.00053969373462534628                                                    
a_ia    9   22                                                     -0.00204619820783706651                                                    
mvp2    3   13   27   42   13    3   27   42                        0.00384399417773466454    0.07570390334719470649                          
op      0   21   24   45   21    0   24   45                       -0.00969237561478683389                                                    
a_ia    0   21                                                     -0.00066958237656354798                                                    
mvp2    5   21   29   45   21    5   29   45                       -0.00282140343090080169    0.01025013955227776531                          
mvp2    5   21   24   47   21    5   24   47                        0.00247532921016523988    0.13951878822532409741                          
a_ia    5   21                                                      0.00134959499433943910                                                    
mvp2    4   20   31   44   20    4   31   44                        0.00327794247751947865   -0.00833801318698132454                          
mvp2    0   21   24   47   21    0   24   47                       -0.00149597997655690450   -0.10948274721572681667                          
op      0   22   27   47   22    0   27   47                        0.00340865404046832238                                                    
a_ia    0   22                                                     -0.00094419376333257973                                                    
a_ia   27   47                                                      0.00060559792781734003                                                    
mvp2    0   13   24   37   13    0   24   37                       -0.00976194506305746827   -0.07465958177364501180                          
mvp2    0   22   24   37   22    0   24   37                       -0.00326757144347984956    0.07683978758875484316                          
a_ia   24   37                                                      0.00157163702684334728                                                    
a_ia    8   10                                                     -0.05716819849158925188                                                    
mvp2   11   13   35   37   13   11   35   37                       -0.01268169498962338007    0.09140951992722753938                          
a_ia   35   37                                                      0.00310548781095287049                                                    
mvp2    3   21   28   45   21    3   28   45                        0.00629872751254407885    0.11757673439215748923                          
mvp2    0   21   28   47   21    0   28   47                        0.00409092144365025018    0.05253480252085623858                          
a_ia    3    7                                                      0.15560266312930626231                                                    
a_ia    3    5                                                     -0.06232679314682527949                                                    
mvp2    0   21   28   44   21    0   28   44                        0.00484358444110608282    0.05376823262111660173                          
mvp2    0   13   28   47   13    0   28   47                       -0.00494738708659651655   -0.16038714725981823017                          
mvp2    3   13   28   45   13    3   28   45                       -0.00755646156655860948    0.10343641631742085674                          
a_ia    0   13                                                      0.00203136032411589543                                                    
mvp2    0   13   28   45   13    0   28   45                        0.00293381940727603738    0.19261233412284564648                          
a_ia   24   35                                                     -0.07178777976850903020                                                    
mvp2    0   13   27   47   13    0   27   47                        0.00429487091301349391   -0.07774540902624005323                          
mvp2    3   22   28   45   22    3   28   45                       -0.00437217484251487595   -0.00223041572678700289                          
a_ia   13   22                                                     -0.04525986541530044316                                                    
mvp2    0   13   24   45   13    0   24   45                        0.00692517792835873128    0.23002599107688467828                          
a_ia   24   27                                                      0.12186085966512318068                                                    
a_ia   32   37                                                     -0.00210138868128012090                                                    
mvp2    4   14   31   38   14    4   31   38                       -0.00630279953779910168    0.07804894921611149616                          
a_ia    5   20                                                      0.01572655223600159108                                                    
mvp2    3   22   24   44   22    3   24   44                        0.00272026131884876626    0.14577484683298078116                          
a_ia   24   28                                                     -0.00769283674622354453                                                    
