op     19   25   67   73   25   19   67   73                       -0.13548962546485610048                                                    
op     23   24   71   72   24   23   71   72                       -0.04250979936965341294                                                    
op     23   27   71   75   27   23   71   75                       -0.04038964553546541686                                                    
op     19   24   67   73   24   19   67   73                        0.01273501768699988011                                                    
op     19   25   68   73   25   19   68   73                       -0.00589740274536248391                                                    
op     23   27   71   74   27   23   71   74                       -0.02363456255898748956                                                    
mvp2   18   24   67   73   24   18   67   73                       -0.07343769504702550577   -0.26675197675110728923                          
a_ia   18   24                                                      0.02269481517148462871                                                    
mvp2   66   72   67   73   66   67   73   72                       -0.06153629394992415208   -0.44128881339110126447                          
a_ia   72   73                                                      0.27963808945137913486                                                    
a_ia   66   72                                                     -0.02855393003859539591                                                    
a_ia   18   19                                                     -0.16470894738191932394                                                    
a_ia   66   73                                                      0.00246309723211391839                                                    
op     23   26   71   75   26   23   71   75                       -0.02021321013422091792                                                    
a_ia   67   68                                                     -0.02400922037145469812                                                    
mvp2   20   25   67   73   25   20   67   73                       -0.03159472244739134489   -0.16382750165809428777                          
a_ia   19   22                                                     -0.06980967032681692497                                                    
mvp3   64   72   67   73   64   67   73   72   64   67   72   73   -0.04656921785599191926   -0.37967964841907747564    0.07263279169476888342
a_ia   64   72                                                      0.01644404448777973121                                                    
op     23   26   71   74   26   23   71   74                       -0.01941117930902767560                                                    
mvp2   16   24   67   73   24   16   67   73                       -0.05354554631664840136   -0.33261991133466189963                          
a_ia   16   24                                                      0.02067475861061567055                                                    
mvp2   16   24   64   72   24   16   64   72                       -0.01567218271197974924    0.10051538981150953678                          
a_ia   65   67                                                     -0.13998852571692702029                                                    
op     23   28   71   76   28   23   71   76                       -0.00675652010958761266                                                    
op     23   28   71   74   28   23   71   74                        0.00726501650666623068                                                    
op     15   25   63   73   25   15   63   73                       -0.01848468395322392516                                                    
mvp2   16   25   67   73   25   16   67   73                       -0.01131403951192205479   -0.05982591846603196178                          
op     15   28   63   76   28   15   63   76                       -0.01826210422988733262                                                    
a_ia   72   76                                                     -0.25455949861076065943                                                    
a_ia   63   76                                                      0.00231919023840059923                                                    
a_ia   15   28                                                     -0.00438475291664550387                                                    
a_ia   24   28                                                     -0.20211993671625094748                                                    
a_ia   64   65                                                     -0.27036067534760049869                                                    
op     23   29   71   75   29   23   71   75                       -0.00301878923926584284                                                    
mvp2   15   28   67   73   28   15   67   73                       -0.02573472226718575423   -0.13610625232347858815                          
a_ia   66   76                                                     -0.02169865698731994128                                                    
op     23   27   71   77   27   23   71   77                        0.01055372276637777350                                                    
mvp3   63   72   66   76   63   66   76   72   63   66   72   76    0.00669270550787876006    0.67353065087044594605   -0.32428920722204390703
a_ia   18   22                                                     -0.14733494657298809583                                                    
op     23   31   71   79   31   23   71   79                       -0.01295493547036265063                                                    
op     23   38   71   86   38   23   71   86                       -0.01777251231758411251                                                    
a_ia   23   38                                                     -0.00175446792345040599                                                    
a_ia   71   86                                                     -0.00295894564729715700                                                    
mvp2   15   24   63   72   24   15   63   72                       -0.01385427346541893978   -0.37829220189430007304                          
a_ia   64   76                                                      0.00399661347191829306                                                    
mvp2   17   25   67   73   25   17   67   73                       -0.01797082040664264857   -0.13043856257139421762                          
a_ia   67   68                                                      0.24782531226445603245                                                    
mvp2   12   25   67   73   25   12   67   73                        0.01727534290408938925    0.10656702087692922210                          
op     23   27   71   86   27   23   71   86                       -0.01972938743426415342                                                    
om     23   38   71   75   38   23   71   75                       -0.01506529709576532455                                                    
mvp2   17   24   67   73   24   17   67   73                        0.01279398450614171664    0.10519547110326324391                          
mvp2   14   24   67   73   24   14   67   73                        0.01749055551993343102    0.12930571042498875678                          
a_ia   24   25                                                      0.23462952134278250438                                                    
a_ia   18   19                                                      0.09972664391203105161                                                    
a_ia   14   24                                                     -0.00596879263095779263                                                    
a_ia   17   24                                                     -0.00321010800577831981                                                    
mvp2   15   26   63   76   26   15   63   76                       -0.00901243205492742450   -0.15049628479322157970                          
a_ia   15   26                                                     -0.00104594248366091450                                                    
op     15   28   66   76   28   15   66   76                        0.00976003258228842936                                                    
mvp2   15   30   63   76   30   15   63   76                        0.00598068838017033495    0.36808733653647257578                          
mvp2   15   28   63   78   28   15   63   78                        0.01115805473330603974   -0.42356322743535285147                          
a_ia   64   78                                                      0.00002149794159035694                                                    
op     15   30   63   78   30   15   63   78                       -0.00449228772306982296                                                    
a_ia   28   30                                                     -0.21032608950984654772                                                    
a_ia   60   67                                                      0.14700981365851709115                                                    
mvp2    1   26   67   73   26    1   67   73                        0.02046196726733104029    0.09774547011233766791                          
a_ia    1   26                                                      0.00162950504138102844                                                    
op     12   30   60   78   30   12   60   78                       -0.00959387229493263716                                                    
a_ia   72   78                                                      0.15256711387159005433                                                    
a_ia   12   30                                                     -0.00243120345679486479                                                    
a_ia   60   78                                                     -0.00181961971676799388                                                    
a_ia   61   67                                                      0.05815052943025837695                                                    
a_ia   18   28                                                      0.00652856915170858809                                                    
mvp2   15   28   63   74   28   15   63   74                       -0.00817152711963318491    0.14854979228115203216                          
a_ia   63   74                                                     -0.00478932918771743377                                                    
a_ia   64   74                                                      0.00453459381616276233                                                    
a_ia   19   32                                                     -0.00657598886833388966                                                    
a_ia   19   29                                                     -0.00364721868357365453                                                    
a_ia   24   30                                                      0.15803427965673191857                                                    
a_ia   19   37                                                     -0.03182524839061011412                                                    
a_ia   19   36                                                      0.00369735029022659695                                                    
a_ia   19   41                                                      0.08342858981883109759                                                    
a_ia   19   40                                                      0.05851704897737491223                                                    
a_ia   19   42                                                      0.00133977143132655891                                                    
a_ia   17   25                                                     -0.00087141998654793852                                                    
om     12   28   60   78   28   12   60   78                       -0.00576745328266603692                                                    
a_ia   16   24                                                      0.00560574140359716526                                                    
op     15   45   63   93   45   15   63   93                       -0.01293858957837153850                                                    
a_ia   15   45                                                      0.00113303205365514886                                                    
a_ia   63   82                                                     -0.04343260918527023368                                                    
a_ia   63   93                                                      0.04090185009291611579                                                    
om     15   36   63   84   36   15   63   84                       -0.00671677296843658459                                                    
a_ia   63   84                                                     -0.00057298963738980878                                                    
a_ia   15   36                                                     -0.00137223828400587049                                                    
op     15   39   63   87   39   15   63   87                       -0.00309450096741982440                                                    
a_ia   15   39                                                     -0.00173837558072064248                                                    
a_ia   63   87                                                      0.03804679803540159111                                                    
mvp2   19   40   63   93   40   19   63   93                        0.01183312574009799840    0.55938481343296730941                          
a_ia   19   40                                                     -0.06730633574716804457                                                    
a_ia   66   76                                                      0.01061211393095212036                                                    
a_ia   20   30                                                      0.00133536225755154529                                                    
a_ia   14   25                                                     -0.00126401181949101801                                                    
mvp2   19   37   63   93   37   19   63   93                       -0.01019581895428008263   -0.53966632807256287307                          
a_ia   63   93                                                     -0.07084324619250971511                                                    
mvp2   15   42   63   93   42   15   63   93                       -0.00462926873152466958   -0.45962003630373238217                          
mvp2   15   41   63   93   41   15   63   93                        0.00323915577174733495    0.32326807877356183996                          
a_ia   66   74                                                     -0.00511857583175086544                                                    
op     12   28   60   76   28   12   60   76                       -0.00565996385632575819                                                    
mvp2   19   41   63   93   41   19   63   93                       -0.00175454879084619960   -0.27273459568478264359                          
mvp2   23   27   66   72   27   23   66   72                        0.02247433280240563463    0.11246860780213718822                          
a_ia   70   72                                                     -0.01299411797572548599                                                    
a_ia   23   31                                                     -0.00025531151103515352                                                    
a_ia   66   70                                                     -0.20235121980722914348                                                    
a_ia   65   74                                                     -0.00180473154397275417                                                    
a_ia   66   72                                                      0.05946102537287106804                                                    
a_ia   70   77                                                     -0.00096233015476048097                                                    
mvp2   18   27   64   72   27   18   64   72                       -0.00895268801868273276   -0.15673569960666985934                          
a_ia   65   78                                                      0.00039896552760602602                                                    
mvp2   18   27   66   75   27   18   66   75                       -0.00914620812587855526    0.69307606201268290302                          
a_ia   66   75                                                     -0.00908793835059431426                                                    
a_ia   18   27                                                     -0.00286203897799168581                                                    
op     12   30   60   77   30   12   60   77                        0.00754066312270594129                                                    
a_ia   60   77                                                      0.00204744457591966075                                                    
op     12   30   60   76   30   12   60   76                       -0.00657074044806768565                                                    
a_ia   72   74                                                      0.10582154871574712962                                                    
op     15   47   63   95   47   15   63   95                       -0.00413470365555509197                                                    
op     15   47   63   90   47   15   63   90                       -0.00223149057252112863                                                    
a_ia   63   90                                                     -0.03112710778029275163                                                    
a_ia   63   89                                                      0.00210833587598360968                                                    
op     15   44   63   92   44   15   63   92                       -0.00330996789246867278                                                    
a_ia   15   44                                                     -0.00106302480290572442                                                    
mvp2   15   47   63   93   47   15   63   93                       -0.00380750561931650919   -0.28621252226435633936                          
a_ia   15   47                                                      0.00630035348338567683                                                    
a_ia   63   83                                                      0.00054150585087454591                                                    
om     12   28   60   77   28   12   60   77                        0.00506094608166514186                                                    
a_ia   12   28                                                     -0.00165442054064983911                                                    
op     12   29   60   77   29   12   60   77                       -0.00284126092073830284                                                    
a_ia   12   29                                                      0.00107905453670171223                                                    
om     12   29   60   78   29   12   60   78                        0.00074875672630185096                                                    
om     23   38   64   86   38   23   64   86                        0.00107225187258770454                                                    
a_ia   64   75                                                      0.00326178752200920272                                                    
om     23   38   64   75   38   23   64   75                        0.00116451808375812546                                                    
mvp2   23   27   64   75   27   23   64   75                        0.00836859095938850654   -0.01821971517779322897                          
op     23   27   64   86   27   23   64   86                        0.00141934388622999910                                                    
a_ia   64   86                                                      0.00335701321865766907                                                    
a_ia   23   27                                                     -0.00379240033790652744                                                    
a_ia   64   71                                                     -0.50643067017814147324                                                    
a_ia   64   80                                                     -0.00146292032786280975                                                    
op     23   38   66   86   38   23   66   86                        0.00394744773561485959                                                    
a_ia   66   86                                                      0.00287574348426733288                                                    
mvp3   66   72   71   75   66   71   75   72   66   71   72   75    0.01763973238555744880   -0.17576909841646187749    0.01816964561595429267
a_ia   71   72                                                     -0.02055088263904299856                                                    
a_ia   66   75                                                      0.00786012916399773422                                                    
a_ia   66   72                                                     -0.00611009878620634959                                                    
a_ia   72   75                                                      0.17425884132446070596                                                    
a_ia   71   75                                                      0.00836418975205459325                                                    
a_ia   67   73                                                     -0.00130082310206961274                                                    
a_ia   18   23                                                     -0.08453820897658313738                                                    
om     18   38   71   86   38   18   71   86                        0.00588098822354591114                                                    
a_ia   18   38                                                      0.00210778299525255994                                                    
a_ia   27   31                                                      0.07209904874183034607                                                    
mvp2   23   27   60   77   27   23   60   77                        0.01240617621598255095   -0.18482604539029318103                          
mvp2   23   27   60   78   27   23   60   78                       -0.01273792248174029570    0.17228960757471109555                          
a_ia   66   77                                                      0.00223292403757877197                                                    
mvp2   12   27   23   29   12   23   27   29                       -0.00373797418467424229    0.12324742711337349776                          
a_ia   27   29                                                     -0.29487931057851973771                                                    
mvp2    1   27   67   73   27    1   67   73                       -0.01370773532132336589   -0.07117934919364107826                          
a_ia    1   27                                                     -0.00141225076281320007                                                    
a_ia   16   27                                                      0.00144993401217265020                                                    
a_ia   24   27                                                      0.19253077188774525563                                                    
mvp2   12   27   23   30   12   23   27   30                        0.01262851878541050403   -0.28829908581982127691                          
a_ia   12   23                                                     -0.04361076458511548015                                                    
a_ia   27   28                                                     -0.10681296932631619001                                                    
a_ia   23   24                                                     -0.02021346793404806344                                                    
a_ia   16   28                                                      0.00513889756197825637                                                    
a_ia   16   23                                                     -0.42373393963012762065                                                    
a_ia   16   24                                                      0.00066877129734466232                                                    
a_ia   27   30                                                     -0.06426786197869474582                                                    
a_ia   22   23                                                     -0.14618622517760676560                                                    
a_ia   67   73                                                     -0.01078483141715106883                                                    
mvp2    1   45   67   73   45    1   67   73                        0.01377650483782065158    0.08213266065654559189                          
a_ia    1   45                                                      0.00260089182637007407                                                    
a_ia   24   45                                                      0.12238271231943362305                                                    
a_ia   16   45                                                     -0.00262494220637246676                                                    
a_ia   23   45                                                      0.00391284250522261345                                                    
mvp2    1   31   67   73   31    1   67   73                       -0.01015981895601957702   -0.04015424297442716367                          
mvp2    1   29   67   73   29    1   67   73                       -0.01038692241426699726   -0.05640625858385970443                          
a_ia    1   29                                                     -0.00029087358745841457                                                    
mvp3   66   72   71   74   66   71   74   72   66   71   72   74    0.01387606503802131172   -0.05410995133119748945   -0.08242030965541949361
a_ia   66   74                                                      0.00880520114100091268                                                    
a_ia   71   74                                                      0.00250407813633592245                                                    
mvp2   15   42   63   90   42   15   63   90                       -0.00328246932785563380    0.76169399766935963481                          
a_ia   15   42                                                     -0.02156350416885211008                                                    
mvp2   19   37   67   85   37   19   67   85                       -0.01287555417159913680    0.77224231704686341349                          
a_ia   19   37                                                      0.01085924447276131674                                                    
a_ia   67   80                                                     -0.00545023047527374779                                                    
op     19   33   67   81   33   19   67   81                       -0.00789367472091003462                                                    
a_ia   67   81                                                      0.01185447277038200777                                                    
a_ia   19   34                                                      0.00304150998075643827                                                    
a_ia   64   67                                                      0.08403472186224192342                                                    
mvp2   19   37   67   80   37   19   67   80                        0.00593657386943691363   -0.16940085608078200852                          
a_ia   63   93                                                      0.03014110589683700533                                                    
op     19   32   67   80   32   19   67   80                       -0.00624050834275588062                                                    
mvp2   19   32   67   85   32   19   67   85                        0.00549835843494603758    0.14200886124711720182                          
mvp2   19   40   67   85   40   19   67   85                        0.00326741047382538919   -0.12169570028698160902                          
mvp2   19   40   67   88   40   19   67   88                       -0.00492434332940419953    0.94983334886013226495                          
a_ia   19   40                                                      0.01882990299467646178                                                    
mvp2   19   37   67   88   37   19   67   88                        0.00812840517383652504   -0.17751706642683443005                          
mvp2   19   40   67   73   40   19   67   73                       -0.02324836272038560692   -0.17376174906935060172                          
a_ia   73   81                                                     -0.14452840792789356517                                                    
a_ia   67   81                                                     -0.01545236697928835910                                                    
mvp2   19   33   67   73   33   19   67   73                        0.02081522582496251814    0.11637366214608303727                          
a_ia   67   73                                                     -0.02717546607898340891                                                    
a_ia   73   85                                                     -0.17532759215750931547                                                    
a_ia   73   88                                                      0.22285241925599943991                                                    
a_ia   73   82                                                      0.05476180365058097577                                                    
mvp2   19   37   67   73   37   19   67   73                        0.01894355103601511048    0.15779588924347054402                          
mvp2   63   73   67   93   63   67   73   93                       -0.02033236209753891063    0.15561263878268627447                          
a_ia   67   82                                                      0.00393461857324575552                                                    
a_ia   63   93                                                     -0.01067366858179614325                                                    
mvp2   63   73   67   82   63   67   73   82                        0.01008914804072687244   -0.09187528076807910393                          
a_ia   63   82                                                      0.04605990733295854678                                                    
a_ia   24   31                                                      0.11065694787044344505                                                    
a_ia   24   29                                                     -0.00469409252508034159                                                    
mvp2   19   41   67   73   41   19   67   73                        0.01382896498021283713    0.10426338877222883494                          
a_ia   19   35                                                      0.00180376101253191114                                                    
a_ia   19   41                                                     -0.07923393789307900392                                                    
mvp2   15   45   67   73   45   15   67   73                        0.01939929162830521941    0.17428086602249623360                          
mvp2   15   41   67   73   41   15   67   73                       -0.00899998824280784197   -0.08195145427753648681                          
mvp2   15   34   67   73   34   15   67   73                       -0.00781896042425797404   -0.11303100863020941469                          
mvp2   15   42   67   73   42   15   67   73                        0.01088131873611669978    0.09279451872240838950                          
mvp2   63   73   67   90   63   67   73   90                       -0.01004284206329883467    0.10648926822017867888                          
a_ia   63   90                                                      0.02244976248482432116                                                    
a_ia   73   90                                                     -0.09689914589103766629                                                    
mvp2   19   42   67   73   42   19   67   73                        0.00741884734631420746    0.06580235205374862506                          
a_ia   12   31                                                      0.00162851783132650862                                                    
a_ia   67   84                                                      0.00375309770051141184                                                    
op     19   36   67   84   36   19   67   84                       -0.00424980902430834983                                                    
a_ia   67   89                                                     -0.01243959817135909321                                                    
a_ia   72   77                                                     -0.04077961528877597358                                                    
a_ia   18   45                                                     -0.00397291134305513376                                                    
a_ia   72   86                                                     -0.06507649036999882397                                                    
a_ia   72   79                                                      0.10623766020613509276                                                    
mvp2   23   38   71   74   38   23   71   74                       -0.00769201369162595457   -0.08106098838904109150                          
mvp2   23   38   60   77   38   23   60   77                        0.00501571751300550813    0.08496554464470747192                          
a_ia   60   66                                                     -0.03288161251509195970                                                    
mvp2   15   45   63   95   45   15   63   95                       -0.00369834799520747659    0.23620408781018442657                          
mvp2   15   45   63   90   45   15   63   90                       -0.00349068443886234401   -0.06152684708569246957                          
a_ia   67   83                                                      0.00268216914501514213                                                    
a_ia   72   81                                                      0.05271832235712883841                                                    
a_ia   14   26                                                     -0.00162315422817518938                                                    
mvp2   15   45   63   82   45   15   63   82                        0.00258416140917683409   -0.06641897407153010691                          
mvp2   15   45   63   89   45   15   63   89                        0.00351156834170145192   -0.44289375990113327708                          
a_ia   63   89                                                     -0.00162431990407501618                                                    
a_ia   88   89                                                     -0.38441615125332712077                                                    
a_ia   63   88                                                     -0.00025738045252568379                                                    
a_ia   15   19                                                      0.05456500861149281983                                                    
om     15   39   63   84   39   15   63   84                        0.00312672980199766573                                                    
a_ia   19   44                                                      0.00172807733203706858                                                    
om     15   36   63   87   36   15   63   87                        0.00300143284377460927                                                    
op     19   46   67   94   46   19   67   94                       -0.00205382714371154683                                                    
mvp2   18   35   67   73   35   18   67   73                       -0.00906622537034660995   -0.09041031725571622990                          
a_ia   18   35                                                      0.00336362089343293863                                                    
mvp3   63   73   67   87   63   67   87   73   63   67   73   87    0.00447094218119256041   -0.04599141872522885532   -0.05811140315318578248
a_ia   63   87                                                     -0.03764674780386468439                                                    
a_ia   63   67                                                      0.03312826693865491418                                                    
mvp2   18   36   67   73   36   18   67   73                       -0.00382188262704819285   -0.06415188411319988626                          
mvp3   63   73   67   84   63   67   84   73   63   67   73   84   -0.00661918396022716064    0.13598793531123717915    0.05074798158194671754
mvp2   18   44   67   73   44   18   67   73                       -0.00482260639551683901   -0.05214177875388945754                          
a_ia   36   45                                                     -0.26236755593225180583                                                    
a_ia   15   46                                                      0.00198578536704378285                                                    
a_ia   15   43                                                     -0.00097908472044952346                                                    
mvp2   18   44   67   88   44   18   67   88                       -0.00278000816323544430   -0.09133764716189929356                          
mvp3   64   73   67   83   64   67   83   73   64   67   73   83    0.00761214669077504846   -0.14243318236109470121   -0.10979664425320669052
a_ia   64   83                                                      0.00304027718211421182                                                    
a_ia   64   67                                                     -0.23037643484477537958                                                    
a_ia   18   44                                                      0.00247533709455900232                                                    
a_ia   64   88                                                      0.00763166789207842932                                                    
a_ia   64   84                                                     -0.00189567331781837433                                                    
a_ia   64   87                                                     -0.00076236197048135319                                                    
mvp2    1   46   67   73   46    1   67   73                        0.00821120989222017504    0.09339445466213741609                          
a_ia    1   42                                                      0.00023445750880438099                                                    
mvp2    1   39   67   73   39    1   67   73                       -0.00858162476826863918   -0.08932270766112190841                          
mvp2    1   44   67   73   44    1   67   73                       -0.00591307743178994590   -0.06785356712452050854                          
mvp2    1   47   63   93   47    1   63   93                        0.00468459230475351714    0.46446281834555896983                          
a_ia    1   45                                                     -0.00319826778584295741                                                    
a_ia   29   30                                                      0.42902488511538361404                                                    
a_ia   24   29                                                      0.03400496150204411483                                                    
a_ia    1   47                                                      0.00027216861804220757                                                    
mvp2    1   32   67   73   32    1   67   73                        0.00613704836962468935    0.05448509218323408648                          
a_ia   66   78                                                      0.00608807755596037919                                                    
a_ia   35   45                                                     -0.15380482294016958877                                                    
a_ia    1   39                                                      0.00026680575018149982                                                    
om      1   39   67   88   39    1   67   88                       -0.00364348094585513569                                                    
op      1   46   67   88   46    1   67   88                        0.00424767136853518995                                                    
a_ia   64   89                                                     -0.00018496391541334074                                                    
a_ia   64   92                                                     -0.00106404192968564222                                                    
a_ia    1   45                                                      0.00137280878181339060                                                    
a_ia   67   88                                                      0.03407495122537917281                                                    
