op     23   24   71   72   24   23   71   72                       -0.06539689567685083582                                                    
op     20   25   68   73   25   20   68   73                       -0.13140697861318234585                                                    
op     23   27   71   75   27   23   71   75                        0.03063107795995126392                                                    
a_ia   23   27                                                      0.00283393079483511019                                                    
mvp2   19   24   68   73   24   19   68   73                       -0.07182136031416891386   -0.76962513059177672936                          
mvp2   19   27   68   73   27   19   68   73                        0.04998197589085453391    0.73571450089048584520                          
a_ia   71   75                                                      0.02535401427371784464                                                    
mvp2   20   25   67   72   25   20   67   72                       -0.01245564107585000677    0.14559976981597574919                          
mvp2   19   24   71   75   24   19   71   75                       -0.03723497180422988967    0.38464746752491246751                          
mvp2   20   25   67   75   25   20   67   75                        0.06833724295873738752   -1.08742170138185678674                          
a_ia   72   75                                                      0.81725250655417192025                                                    
a_ia   67   70                                                     -0.03361493334551058504                                                    
a_ia   19   23                                                     -0.38594317543872830312                                                    
mvp2   23   27   71   75   27   23   71   75                       -0.08049483170332320803   -0.10953881862294896632                          
a_ia   67   72                                                     -0.01734962170503751011                                                    
a_ia   20   21                                                      0.04340638956402376181                                                    
a_ia   71   72                                                      0.03569832473044688703                                                    
a_ia   67   75                                                      0.00675641029675850754                                                    
mvp2   20   25   68   73   25   20   68   73                       -0.07455589415607492831    0.01180681980173546933                          
mvp2   20   25   69   73   25   20   69   73                       -0.02564851465644488182    0.22683887508536984545                          
op     16   25   64   73   25   16   64   73                       -0.02514156923142637015                                                    
a_ia   67   71                                                     -0.21767739547627831809                                                    
op     19   26   67   74   26   19   67   74                       -0.00815287103087142598                                                    
op     16   25   63   73   25   16   63   73                       -0.01389590379513828272                                                    
a_ia   72   75                                                     -0.13276182846350023659                                                    
mvp3   67   72   71   75   67   71   75   72   67   71   72   75   -0.01855369731744088702   -0.14282533609973493971    0.08242923737308402443
a_ia   19   23                                                     -0.12773191608139961017                                                    
mvp2   20   25   66   73   25   20   66   73                       -0.01792957023946900250    0.15592368338068443578                          
op     15   25   64   73   25   15   64   73                       -0.01422614760896774577                                                    
op     15   25   63   73   25   15   63   73                       -0.00826128284361793939                                                    
a_ia   20   21                                                      0.23481433843581592247                                                    
a_ia   69   71                                                     -0.18805438734306553772                                                    
a_ia   69   72                                                     -0.00137020516689955948                                                    
mvp2   20   31   68   73   31   20   68   73                       -0.00117132904923309940   -0.00578658133823404565                          
mvp2   20   32   68   73   32   20   68   73                       -0.02290118343212681901   -0.13018807331445594877                          
a_ia   27   32                                                      0.00149296184490248403                                                    
op     20   26   68   74   26   20   68   74                       -0.00930639259104894777                                                    
a_ia   19   29                                                      0.00397412735826493512                                                    
a_ia   20   28                                                      0.00761410124885913368                                                    
mvp2   20   34   68   73   34   20   68   73                        0.01589725333423188877    0.08789984630128655496                          
a_ia   73   74                                                      0.08068423152656824249                                                    
mvp2   20   28   68   73   28   20   68   73                       -0.01509665157387758000   -0.08358896425857494095                          
a_ia   73   76                                                      0.09864236488744547449                                                    
a_ia   68   74                                                     -0.00178143603546199181                                                    
a_ia   73   79                                                      0.15083004618294940102                                                    
a_ia   73   80                                                      0.00731676169672179546                                                    
a_ia   73   82                                                     -0.03241714994554197038                                                    
a_ia   73   81                                                     -0.03775054957081454277                                                    
a_ia   73   83                                                     -0.09144048409845673131                                                    
a_ia   26   27                                                      0.09955602017561333839                                                    
a_ia   23   32                                                     -0.00020367259331217680                                                    
a_ia   20   30                                                     -0.00449933050168717635                                                    
a_ia   20   29                                                     -0.00360834730249725384                                                    
a_ia   68   76                                                      0.00557503743274545809                                                    
a_ia   20   33                                                      0.00458542297620944100                                                    
a_ia   20   39                                                     -0.05100585640167038665                                                    
a_ia   20   38                                                      0.00217498183074629108                                                    
a_ia   20   37                                                      0.00362120355596910921                                                    
a_ia   68   78                                                     -0.00674625823307649277                                                    
a_ia   68   79                                                     -0.00274480803592503384                                                    
a_ia   68   81                                                      0.00514808061656790716                                                    
mvp2   20   39   68   87   39   20   68   87                       -0.01049668803735924472    0.71484867636192139795                          
a_ia   68   86                                                      0.00262203046301056741                                                    
a_ia   68   85                                                      0.00318116279575070531                                                    
mvp2   20   42   68   73   42   20   68   73                       -0.03000002097539108958   -0.13820426381881883993                          
a_ia   20   42                                                     -0.00319199217382494212                                                    
mvp2   20   43   68   73   43   20   68   73                       -0.01966470188959473786   -0.10162823843130368295                          
a_ia   20   43                                                      0.00362214083433132737                                                    
a_ia   73   87                                                     -0.08032069918921141971                                                    
a_ia   20   39                                                      0.02431429142935469592                                                    
a_ia   73   90                                                      0.14148094223126733704                                                    
a_ia   73   91                                                      0.13471998096482765139                                                    
a_ia   73   89                                                      0.05780622032986417608                                                    
a_ia   73   88                                                      0.02935593476258711171                                                    
a_ia   21   24                                                      0.00258329416351175045                                                    
a_ia   73   92                                                     -0.03192118694936323803                                                    
a_ia   73   93                                                     -0.04084087521723012149                                                    
a_ia   68   90                                                      0.00535174588821240704                                                    
a_ia   68   89                                                      0.00271365110129309726                                                    
a_ia   68   91                                                      0.00385757079565005913                                                    
a_ia   68   88                                                     -0.00088288825423358001                                                    
a_ia   20   36                                                     -0.00236652871242505093                                                    
a_ia   39   42                                                      0.59953810930780471189                                                    
a_ia   20   42                                                      0.01605811847650377017                                                    
om     20   42   68   87   42   20   68   87                        0.00990889295246787614                                                    
a_ia   20   40                                                     -0.00062836533970358024                                                    
a_ia   20   41                                                      0.00263267187295896082                                                    
mvp2   22   27   71   75   27   22   71   75                        0.01454146107262809309    0.19975936585166059745                          
a_ia   23   26                                                      0.00219673735893171794                                                    
mvp2   22   24   71   72   24   22   71   72                        0.01449186086732827221    0.13434092397883018455                          
a_ia   21   31                                                      0.00012956419289439917                                                    
a_ia   69   75                                                     -0.00295449977110298287                                                    
mvp2   21   27   71   75   27   21   71   75                       -0.01056889853800780169   -0.14086273081795822049                          
a_ia   21   27                                                     -0.00337124368946323033                                                    
a_ia   70   71                                                      0.24888310184003611947                                                    
om     19   37   67   85   37   19   67   85                       -0.01120046830900280239                                                    
a_ia   19   37                                                     -0.00607462735172647345                                                    
a_ia   67   85                                                     -0.00575445697713677668                                                    
a_ia   68   87                                                      0.02194964643904664947                                                    
mvp2   19   41   68   73   41   19   68   73                        0.01849361887022289014    0.13343790022140347706                          
a_ia   19   38                                                     -0.00336517389130182440                                                    
a_ia   68   73                                                      0.10251229507387124573                                                    
a_ia   19   41                                                     -0.00347403910922156316                                                    
mvp2   19   40   68   73   40   19   68   73                        0.01558049864255074343    0.12156774556399410625                          
a_ia   19   40                                                      0.00639940810549217108                                                    
mvp2   19   38   68   73   38   19   68   73                       -0.01430111905223979164   -0.10000977229327552565                          
a_ia   71   75                                                     -0.01201573043799029385                                                    
a_ia   40   42                                                      0.27477878637757990887                                                    
mvp2   67   73   68   88   67   68   73   88                       -0.01281556136991431061    0.15141067558923582137                          
mvp3   67   73   68   89   67   68   89   73   67   68   73   89   -0.01335030975292690256   -0.08048890454006504824    0.16033805323437783086
a_ia   67   86                                                     -0.00649578323413694831                                                    
mvp2   67   73   68   86   67   68   73   86                        0.01014726021922183162   -0.12927011000673152563                          
a_ia   68   73                                                     -0.08901904448022375516                                                    
a_ia   67   88                                                      0.01014494105280208495                                                    
a_ia   67   89                                                      0.01156660182377240199                                                    
op     19   40   67   88   40   19   67   88                       -0.00374518085725710718                                                    
a_ia   19   42                                                      0.00081142356857389622                                                    
a_ia   15   25                                                      0.00137104220614221945                                                    
a_ia   20   44                                                      0.00143113098087549310                                                    
mvp2   20   35   68   73   35   20   68   73                        0.01186738168480090845    0.08294609263979525748                          
mvp2   20   41   68   73   41   20   68   73                       -0.00776400962717856049   -0.06036215861662889287                          
om     23   38   71   86   38   23   71   86                       -0.01309246841461772157                                                    
a_ia   23   38                                                     -0.00634492240413352289                                                    
a_ia   71   86                                                     -0.00594179178328645401                                                    
a_ia   71   85                                                      0.00356316734045180163                                                    
a_ia   70   75                                                      0.00154960056805581847                                                    
op     16   24   64   72   24   16   64   72                       -0.01360840736106931452                                                    
op     16   27   64   72   27   16   64   72                        0.00989656332225658485                                                    
op     16   27   64   75   27   16   64   75                       -0.00868312557802442854                                                    
a_ia   64   75                                                     -0.00207166986427635529                                                    
a_ia   16   27                                                     -0.00168485853840344988                                                    
op     16   24   64   75   24   16   64   75                        0.00981110319909121384                                                    
a_ia   25   31                                                      0.15152761484180618523                                                    
a_ia   23   37                                                      0.00400417169945700441                                                    
mvp2   23   41   68   73   41   23   68   73                       -0.01065041636295726603   -0.09389409143188542917                          
a_ia   23   36                                                      0.00185967598314412327                                                    
a_ia   23   41                                                     -0.00011970740862813746                                                    
mvp2   23   40   68   73   40   23   68   73                       -0.01103860730637466238   -0.09072170535538640057                          
mvp3   68   73   71   89   68   71   89   73   68   71   73   89   -0.00877084044524598441    0.10721763094573734387    0.10775355353537324765
mvp2   68   73   71   88   68   71   88   73                       -0.00844286767820101418    0.10621644464317403500                          
a_ia   68   71                                                      0.01382581719232403063                                                    
om     16   36   64   84   36   16   64   84                       -0.01133330247007226232                                                    
a_ia   64   84                                                     -0.00115615110815819118                                                    
a_ia   16   36                                                     -0.00137067655656649789                                                    
mvp2   16   44   68   73   44   16   68   73                       -0.01411095789341714965   -0.14498354980008734683                          
a_ia   16   44                                                     -0.00058474278261620846                                                    
mvp2   16   41   68   73   41   16   68   73                        0.00609432937575538503    0.06113258272668540411                          
a_ia   71   88                                                     -0.00094257733475663354                                                    
mvp2   16   45   68   73   45   16   68   73                        0.01311792515850625403    0.14817441783615295514                          
a_ia   16   45                                                      0.00081856164783795124                                                    
mvp2   16   46   68   73   46   16   68   73                        0.00949647083680415192    0.10864618114053826992                          
mvp2   16   40   68   73   40   16   68   73                       -0.00839211684868873542   -0.08305316720298937250                          
a_ia   16   40                                                     -0.00076692625850075826                                                    
mvp2   16   42   68   73   42   16   68   73                       -0.00725658309800039560   -0.07748292738126830170                          
a_ia   19   35                                                      0.00168426729590650344                                                    
mvp2   64   73   68   92   64   68   73   92                        0.01313516811726385750   -0.16481659662140996092                          
a_ia   64   92                                                     -0.00050921244013855515                                                    
mvp2   64   73   68   88   64   68   73   88                        0.00695800291926338549   -0.09592399607843907217                          
op     16   47   64   95   47   16   64   95                       -0.00496375857284230091                                                    
op     19   47   67   95   47   19   67   95                       -0.00217818894126335346                                                    
mvp2   16   47   64   92   47   16   64   92                        0.00346372936836977048    0.34856766573009934085                          
a_ia   73   88                                                     -0.11007140490600172966                                                    
op     16   35   64   95   35   16   64   95                        0.00210894209586171780                                                    
mvp2   16   46   64   94   46   16   64   94                       -0.00373451358242395419    0.77112828482797768359                          
mvp2   16   46   64   92   46   16   64   92                        0.00279108602742777047    0.18518919811440209822                          
mvp2   16   45   64   94   45   16   64   94                       -0.00369805587803559432    0.16074433466470017251                          
mvp2   16   45   64   92   45   16   64   92                        0.00335372802345702955    0.04447416614449080374                          
mvp2   16   45   64   95   45   16   64   95                       -0.00351951127027878841    0.36264331847983294344                          
mvp2   16   45   64   93   45   16   64   93                       -0.00432777507373192233    0.69583438362490079854                          
mvp2   16   47   64   93   47   16   64   93                       -0.00238873399483652228    0.16972070278602319204                          
a_ia   35   45                                                      0.41840083614847012328                                                    
a_ia   26   32                                                     -0.32397089862744615774                                                    
mvp2   16   44   64   92   44   16   64   92                       -0.00423659258231491673    0.04791141341419566380                          
mvp2   16   44   64   94   44   16   64   94                        0.00440590788180304869   -0.03891236714787382756                          
mvp2   16   44   64   93   44   16   64   93                        0.00474719544583721616   -0.09935560763277383189                          
om     16   44   64   95   44   16   64   95                        0.00343743457207434412                                                    
mvp2   16   46   64   93   46   16   64   93                       -0.00327922667946600049    0.00508002350114121568                          
mvp2   64   73   68   81   64   68   73   81                       -0.00717184803999238677    0.09480682147371433111                          
a_ia   64   81                                                      0.00208114615151875617                                                    
mvp3   64   73   68   82   64   68   82   73   64   68   73   82   -0.00725899458598049715   -0.10379557552456654401    0.11948421570752021381
a_ia   68   82                                                      0.00046119033709508003                                                    
a_ia   64   82                                                      0.00263405648863836292                                                    
a_ia   73   82                                                     -0.11926851977302135865                                                    
mvp3   64   73   68   80   64   68   80   73   64   68   73   80   -0.00674425767965051472   -0.06985532196519987636    0.12100271834680006999
a_ia   68   80                                                      0.00106005534697207375                                                    
a_ia   64   73                                                     -0.00174144067715741708                                                    
a_ia   64   80                                                      0.00255259652076442363                                                    
a_ia   73   80                                                      0.16752738525474558662                                                    
a_ia   68   73                                                     -0.00014994340676386281                                                    
mvp2   64   73   68   89   64   68   73   89                       -0.00496547887101872216    0.07799392178942243792                          
a_ia   64   68                                                     -0.02249590779673816057                                                    
a_ia   61   75                                                     -0.00771933457264919066                                                    
op     11   31   59   79   31   11   59   79                       -0.00992290559610834420                                                    
a_ia   11   25                                                     -0.00112350844520617450                                                    
a_ia   59   79                                                      0.00134937865817926612                                                    
a_ia   11   31                                                      0.00239207165225990446                                                    
op     17   31   65   79   31   17   65   79                       -0.00682852209085193281                                                    
a_ia   59   72                                                      0.00171474282427894068                                                    
a_ia   65   79                                                     -0.00103623406517065579                                                    
a_ia   17   31                                                     -0.00111093379532538339                                                    
a_ia   59   75                                                      0.00236478609813970580                                                    
a_ia   11   24                                                      0.00073015783777856283                                                    
a_ia   20   23                                                      0.01021316483524283177                                                    
op      7   24   55   72   24    7   55   72                       -0.01226072811134250665                                                    
a_ia   55   72                                                     -0.00073699275775515171                                                    
a_ia   18   24                                                     -0.00079432606538899081                                                    
op      7   31   55   79   31    7   55   79                       -0.00610993168123070800                                                    
a_ia   62   72                                                      0.00111437496014062630                                                    
op     13   24   60   72   24   13   60   72                        0.00606779850712087232                                                    
op     12   24   60   72   24   12   60   72                       -0.00491997691589093292                                                    
a_ia   60   72                                                      0.00093062820006597883                                                    
op      7   26   55   74   26    7   55   74                       -0.01306942672765919362                                                    
a_ia    7   25                                                     -0.00111870227285384353                                                    
a_ia    7   26                                                     -0.00188413928244775806                                                    
om     17   26   65   74   26   17   65   74                       -0.01090726865853180842                                                    
a_ia   55   74                                                     -0.00214180725573418504                                                    
a_ia   18   31                                                     -0.00082593030982073244                                                    
a_ia   17   26                                                     -0.00081887084580342011                                                    
om      7   33   55   81   33    7   55   81                       -0.01019283912277734946                                                    
a_ia    7   33                                                      0.00339726425282528902                                                    
a_ia   55   81                                                     -0.00155511673607953765                                                    
a_ia    7   29                                                     -0.00092806845656403895                                                    
a_ia   55   84                                                      0.00137220532639114072                                                    
a_ia    7   32                                                      0.00208088615727499869                                                    
om      7   32   55   80   32    7   55   80                       -0.00725856748925547777                                                    
a_ia   55   80                                                      0.00210607085863660174                                                    
a_ia    7   36                                                      0.00157698249215619340                                                    
om      7   32   55   81   32    7   55   81                       -0.00276638032000871672                                                    
mvp2    7   33   71   75   33    7   71   75                        0.01874966826735083650    0.14392771711865551265                          
mvp2   55   75   71   81   55   71   75   81                       -0.01539577290084654521    0.15294104372509265133                          
mvp2    7   33   71   86   33    7   71   86                        0.00961271934369636524   -0.04535669875890521729                          
a_ia   11   27                                                      0.00355878575861186741                                                    
a_ia   11   21                                                     -0.55102145726589046859                                                    
a_ia   11   34                                                     -0.00316311112015950748                                                    
a_ia   21   27                                                      0.00186763278659484778                                                    
a_ia   13   24                                                     -0.00090692446206563600                                                    
om     17   26   66   74   26   17   66   74                       -0.00768515164484916483                                                    
mvp2   55   81   71   86   55   71   86   81                        0.00533137928518868931    0.12596067315028708355                          
a_ia   55   81                                                      0.00322916741080186975                                                    
mvp2    7   30   71   75   30    7   71   75                        0.00665901132779127183    0.13611999075644254376                          
a_ia    7   30                                                      0.00000070785362595680                                                    
a_ia   55   86                                                     -0.00033587936343769446                                                    
mvp2   55   75   71   78   55   71   75   78                       -0.00741606878127797249    0.12742209658535025296                          
a_ia   71   78                                                      0.00099764175458701295                                                    
op      7   34   55   82   34    7   55   82                       -0.00707440065548278329                                                    
a_ia   55   82                                                     -0.00108617765800197389                                                    
a_ia    7   34                                                     -0.00101200523846625310                                                    
a_ia   78   82                                                     -0.31940151583147241565                                                    
mvp2    7   34   71   75   34    7   71   75                       -0.00392121479954008444   -0.07720385633163083516                          
mvp2   11   34   71   75   34   11   71   75                       -0.00600921725493176566   -0.09020587080091045651                          
a_ia   11   33                                                      0.00185060718475837395                                                    
mvp2   11   33   71   75   33   11   71   75                        0.00550254259635522391    0.10882928901350699680                          
op      7   30   55   78   30    7   55   78                       -0.00363569408452572287                                                    
a_ia   55   78                                                      0.00066562525745985442                                                    
mvp2   11   30   71   75   30   11   71   75                       -0.00611719605640542556   -0.09088044692762335675                          
a_ia   11   30                                                     -0.00321516090386308800                                                    
om     16   36   64   83   36   16   64   83                        0.00638853388973256199                                                    
a_ia   64   83                                                      0.00185667233711960455                                                    
mvp2   16   34   68   73   34   16   68   73                        0.00698135922166961964    0.10407691669368458742                          
a_ia   16   34                                                      0.00108974595640582935                                                    
a_ia   73   85                                                      0.02453855045066477905                                                    
op      2   31   50   79   31    2   50   79                       -0.00710081142826711736                                                    
a_ia    2   31                                                     -0.00085027772396803838                                                    
op     10   31   58   79   31   10   58   79                       -0.00467187603135733702                                                    
a_ia   18   25                                                     -0.00240495650236422420                                                    
op      9   31   57   79   31    9   57   79                       -0.00316870624999997848                                                    
a_ia    9   31                                                      0.00093668348307615731                                                    
a_ia   50   79                                                     -0.00078745445301871969                                                    
om     18   26   66   74   26   18   66   74                       -0.00738363517756610108                                                    
a_ia   65   74                                                     -0.00053028703568867765                                                    
a_ia   17   27                                                      0.00238194606241031543                                                    
a_ia   16   41                                                      0.00045773615914798844                                                    
a_ia   16   39                                                      0.00030096354849508703                                                    
mvp2   16   32   68   73   32   16   68   73                        0.00837855694555788774    0.11047443315222878202                          
a_ia   16   32                                                      0.00250010978730911670                                                    
mvp2    7   32   68   73   32    7   68   73                       -0.00761548041730358578   -0.05362004492501951797                          
a_ia   16   38                                                     -0.00024197384086122566                                                    
mvp2   16   33   68   73   33   16   68   73                        0.00670138591985068328    0.09562400866606639294                          
a_ia   16   33                                                      0.00184181792955825322                                                    
a_ia   55   68                                                     -0.04843555036573016920                                                    
a_ia   71   84                                                      0.00192262270565710970                                                    
a_ia   75   84                                                     -0.02963588859077254806                                                    
mvp2   16   28   68   73   28   16   68   73                       -0.00841369799885987105   -0.11443474391578205285                          
a_ia   28   30                                                     -0.32035156014416193981                                                    
mvp2    7   33   55   82   33    7   55   82                        0.00368221566041677462   -0.12299399471434473152                          
a_ia   69   76                                                      0.00099634541875411346                                                    
a_ia   16   28                                                     -0.00139956594628985981                                                    
mvp2    7   33   55   92   33    7   55   92                       -0.00584626785999002672    0.27242743105224531686                          
a_ia   55   92                                                      0.00187585455352433416                                                    
mvp2    7   32   55   92   32    7   55   92                       -0.00438654235575362296    0.28903380853763965819                          
a_ia    7   32                                                      0.00112531039115955421                                                    
mvp2    7   44   55   92   44    7   55   92                       -0.00555287353011541147   -0.79925740348769769295                          
a_ia   39   44                                                      0.20269448023239716727                                                    
a_ia    7   39                                                      0.00154739870452974115                                                    
a_ia    7   44                                                      0.00085342362001218045                                                    
a_ia   55   85                                                     -0.00079967146414507508                                                    
a_ia   32   37                                                      0.17990894380414357290                                                    
om      7   44   55   80   44    7   55   80                       -0.00463249869457098024                                                    
mvp2    7   33   55   80   33    7   55   80                       -0.00432119217728461295    0.06778746488237354095                          
a_ia   55   92                                                      0.00095840463796440119                                                    
