op     12   15   40   43   15   12   40   43                       -0.02926224150418124670                                                    
op     12   15   40   44   15   12   40   44                        0.00927153507401328424                                                    
a_ia   12   15                                                     -0.01167922061522603736                                                    
op      9   16   37   44   16    9   37   44                       -0.02917822148457559911                                                    
op      9   16   37   43   16    9   37   43                       -0.00645200241527150997                                                    
op      4   15   32   43   15    4   32   43                       -0.01139604124960496602                                                    
a_ia   32   43                                                     -0.00000669393530228717                                                    
op     12   18   40   46   18   12   40   46                       -0.01152961281864790972                                                    
op      9   15   37   44   15    9   37   44                       -0.00040358735297286351                                                    
op     12   19   40   47   19   12   40   47                       -0.01001408530169346951                                                    
op     12   19   40   46   19   12   40   46                       -0.00715927422902972854                                                    
op     12   18   40   47   18   12   40   47                       -0.00698651322350117218                                                    
op      4   14   32   42   14    4   32   42                       -0.03106411625337047316                                                    
om      4   15   32   44   15    4   32   44                        0.00197241925151278759                                                    
a_ia    4   15                                                     -0.00625450900910934100                                                    
op      4   21   32   49   21    4   32   49                       -0.01962367860060403729                                                    
op      9   15   37   43   15    9   37   43                       -0.00363069924370692252                                                    
op      3   16   31   44   16    3   31   44                       -0.01995141385498620801                                                    
a_ia   31   44                                                      0.01464453394476311794                                                    
a_ia    3   16                                                     -0.00370412364280327516                                                    
op      4   21   32   42   21    4   32   42                       -0.01413376288695995277                                                    
op      3   20   31   48   20    3   31   48                       -0.02094172229388336498                                                    
op      4   25   32   53   25    4   32   53                       -0.08891556973028752475                                                    
op      4   22   32   50   22    4   32   50                       -0.00457346168329740739                                                    
op      4   24   32   52   24    4   32   52                       -0.00180641508931063161                                                    
op      4   24   32   53   24    4   32   53                       -0.00462036660181899903                                                    
op      4   26   32   53   26    4   32   53                       -0.00278320777353557479                                                    
op      4   26   32   52   26    4   32   52                        0.00024204959944973560                                                    
op      4   26   32   54   26    4   32   54                        0.00114317363070773098                                                    
op      4   25   32   52   25    4   32   52                       -0.00635273199428011952                                                    
op      4   24   32   54   24    4   32   54                        0.00021233837238035698                                                    
op      4   25   32   54   25    4   32   54                        0.00222814200955913887                                                    
op      7   16   35   44   16    7   35   44                       -0.00700598946085761922                                                    
op      9   16   37   48   16    9   37   48                       -0.00983882862992295840                                                    
a_ia   15   16                                                     -0.09209407198172671338                                                    
om      3   16   31   48   16    3   31   48                       -0.01555460717277135085                                                    
op      4   22   32   52   22    4   32   52                       -0.00369154384986282794                                                    
op      9   20   37   44   20    9   37   44                       -0.00877205699230415581                                                    
op      9   20   37   48   20    9   37   48                       -0.00359879284739465441                                                    
op      3   20   31   44   20    3   31   44                       -0.01357950832619761461                                                    
op      9   20   37   43   20    9   37   43                       -0.00266618723160558973                                                    
op      4   27   32   55   27    4   32   55                       -0.00459193980352704152                                                    
op      4   23   32   51   23    4   32   51                       -0.00301105244572919808                                                    
op      4   27   32   53   27    4   32   53                        0.00083022047507998089                                                    
om      3   16   31   43   16    3   31   43                       -0.00499688043492225314                                                    
a_ia   31   43                                                     -0.00148401195834806402                                                    
om      3   20   31   43   20    3   31   43                       -0.00477446747605483370                                                    
om      4   25   32   43   25    4   32   43                        0.02558397197800760248                                                    
om      4   26   32   43   26    4   32   43                        0.00243250718404522046                                                    
om      4   24   32   43   24    4   32   43                        0.00220296218340292234                                                    
op      3   15   31   48   15    3   31   48                       -0.00184061787017856995                                                    
op      9   14   37   44   14    9   37   44                       -0.00439983511108690394                                                    
op      4   15   32   53   15    4   32   53                        0.00209776528288215750                                                    
op      4   15   32   54   15    4   32   54                        0.00029456151174782916                                                    
op      4   15   32   52   15    4   32   52                       -0.00269783190606733871                                                    
mvp3    3   25    4   26    3    4   26   25    3    4   25   26   -0.02566707482691942682   -0.55852012585470256489    0.24266755302406503580
a_ia    4   26                                                     -0.00077371155501795874                                                    
a_ia    3   26                                                     -0.00054079073196243552                                                    
a_ia    3    4                                                      0.05527764365594826923                                                    
mvp3    3   15    4   26    3    4   26   15    3    4   15   26    0.00035431297434679825    0.10172305645227236459    0.20570113434964587551
a_ia   15   26                                                     -0.01592278579128926508                                                    
om      4   21   31   49   21    4   31   49                        0.00475077304196160153                                                    
a_ia   31   42                                                     -0.00308256180186341480                                                    
a_ia    4   21                                                      0.00131080091502536796                                                    
mvp3   31   53   32   54   31   32   54   53   31   32   53   54   -0.01809539131315866106   -0.87590284281646191289    0.28130177804106976103
a_ia   31   54                                                      0.00201598671196442187                                                    
a_ia   31   32                                                     -0.36654176387164544293                                                    
op      4   14   32   49   14    4   32   49                       -0.01438175703069982311                                                    
om      4   21   32   46   21    4   32   46                        0.00662136418884408818                                                    
a_ia   32   49                                                      0.00059584050420964348                                                    
mvp3   32   53   37   54   32   37   54   53   32   37   53   54   -0.01965373504898965118    0.35504801603431901391   -0.70141741190011119844
mvp3   32   44   37   53   32   37   53   44   32   37   44   53   -0.00877409247193474719   -0.27605632207034602743   -0.07762178904851632644
a_ia   37   44                                                      0.00511616364973010648                                                    
a_ia   32   44                                                      0.00711960033278966151                                                    
op      4   18   32   49   18    4   32   49                        0.00589641973622144488                                                    
a_ia   37   53                                                     -0.00108688605835682416                                                    
mvp3   31   44   32   53   31   32   53   44   31   32   44   53   -0.02326318248400678287   -0.29716166831258084002   -0.15505152895606480468
mvp2    9   25   37   53   25    9   37   53                       -0.00530324984008545292   -0.03625994068271738008                          
mvp2    9   25   32   53   25    9   32   53                        0.00065634582521533825    0.03787684868636922997                          
mvp2    9   25   31   53   25    9   31   53                        0.00210693720421223623   -0.13966105911922155336                          
mvp3    4   16    9   25    4    9   25   16    4    9   16   25   -0.04446060627729220283    0.24747531211513768001   -0.42306854335667953837
mvp2    4   25   37   44   25    4   37   44                        0.03618668888001796285   -0.27566279684812983186                          
mvp2    3   16   32   53   16    3   32   53                       -0.02042528378538016609   -0.38240246427341917368                          
a_ia    3   18                                                     -0.00117362984411494183                                                    
mvp2    3   25   37   44   25    3   37   44                       -0.00345003335905798639   -0.03127168129536921082                          
a_ia   31   44                                                     -0.01969415921102428066                                                    
a_ia    3   16                                                     -0.00237438559595654249                                                    
mvp2    3   16   37   53   16    3   37   53                        0.00030408024881073891    0.11097559172552542983                          
a_ia   37   53                                                      0.00027433119419766148                                                    
mvp2    4   25   37   48   25    4   37   48                        0.01524056748596012631   -0.15775181860552220381                          
mvp3    4   20    9   25    4    9   25   20    4    9   20   25   -0.01410259789956199404    0.16072338929129009744   -0.15181400013323090303
mvp2    3   25   37   48   25    3   37   48                       -0.00207329396084821559   -0.00299272293218117314                          
mvp2    3   16   31   53   16    3   31   53                       -0.00823259128758732465    0.11438144572622629958                          
a_ia    9   25                                                     -0.00110716527631050509                                                    
a_ia    4    9                                                      0.01012469904638010031                                                    
om      3   20   28   48   20    3   28   48                        0.00397745693944982770                                                    
a_ia   28   44                                                      0.00321592602716905696                                                    
mvp2    9   26   37   54   26    9   37   54                       -0.01018058151061900472   -0.34331759601641992363                          
a_ia   37   54                                                     -0.00258746951049588624                                                    
mvp2    9   26   32   54   26    9   32   54                       -0.00360124897474870974   -0.30150117964263678516                          
a_ia    9   26                                                     -0.00222068129364806719                                                    
mvp2    9   26   31   54   26    9   31   54                        0.00785476499300274099    0.26883026621277217316                          
mvp2    4   25   28   49   25    4   28   49                        0.00894451903732463444   -0.18804114255179690818                          
a_ia   28   54                                                      0.00152494284299362157                                                    
mvp2    4   16   32   53   16    4   32   53                        0.00235669878105929358    0.00274613051671313783                          
a_ia   14   25                                                     -0.28526679379054714625                                                    
mvp2    4   25   32   42   25    4   32   42                       -0.02909417936363991111    0.42924056541593308411                          
mvp2    4   25   28   42   25    4   28   42                        0.01100665064213851400   -0.36040871325115586554                          
a_ia   28   42                                                     -0.00034372751275109001                                                    
mvp3   31   48   32   53   31   32   53   48   31   32   48   53   -0.00651645865133766537   -0.02076796503775457658    0.01132756350334568861
a_ia   31   32                                                      0.50391754972073343755                                                    
mvp2    4   14   28   42   14    4   28   42                        0.00636616164613640172    0.18667865884297563106                          
a_ia    4   14                                                      0.00242143585720407681                                                    
om      0   20   31   48   20    0   31   48                        0.00821468293200837765                                                    
a_ia    0   20                                                      0.00157284488986049117                                                    
a_ia    0   16                                                      0.00641144593206927158                                                    
mvp2    0   14   32   53   14    0   32   53                        0.01512885260750623795    0.30745103856492789207                          
mvp2    0   14   32   42   14    0   32   42                        0.01128064304408595009   -0.11241065642439064531                          
mvp2    0   16   28   44   16    0   28   44                       -0.00499005062532691807    0.05660122739617988452                          
a_ia   49   53                                                     -0.12472850031812302007                                                    
mvp2    4   25   28   55   25    4   28   55                        0.01866432002848585764   -1.01485133676113092882                          
mvp2    9   25   28   55   25    9   28   55                        0.00588697983513495563    0.09864778962687675845                          
a_ia    0   26                                                      0.00195710804255527001                                                    
mvp2    0   27   28   55   27    0   28   55                       -0.00726033418241036656   -0.14795812618055964593                          
a_ia    0   18                                                      0.00185367327074072641                                                    
a_ia    0   27                                                     -0.00013587926695163592                                                    
a_ia    0   21                                                     -0.00075800059942146645                                                    
a_ia    0   15                                                      0.00055970894087491911                                                    
op      9   27   37   55   27    9   37   55                       -0.00337393635325764071                                                    
a_ia   28   46                                                      0.00187670830228687429                                                    
a_ia   25   26                                                     -0.60584502204719570262                                                    
mvp2    9   26   37   44   26    9   37   44                        0.01064317530880166257    0.12607558444119473795                          
a_ia   25   27                                                     -0.20934637421841506555                                                    
mvp2    0   15   28   43   15    0   28   43                       -0.00532876444415677965    0.20469306303873666120                          
a_ia   28   43                                                     -0.00860482623069142027                                                    
a_ia   28   52                                                      0.00110980124644151769                                                    
mvp2    0   24   28   52   24    0   28   52                       -0.00150043270815267311    0.38107441262195596021                          
a_ia    0   24                                                      0.00169814300558038733                                                    
op      0   23   28   51   23    0   28   51                       -0.00271778068292473840                                                    
a_ia    0   23                                                     -0.00093843892459405831                                                    
a_ia   28   51                                                     -0.00066822184025672681                                                    
a_ia   37   55                                                      0.00152078837364393884                                                    
op     12   15   40   47   15   12   40   47                       -0.00680783626124289564                                                    
mvp2    4   15   28   43   15    4   28   43                       -0.01465173842257576180    0.32256846272736278136                          
a_ia    4   12                                                     -0.19764778821408246490                                                    
a_ia   12   15                                                      0.00742107347824725629                                                    
mvp2    4   15   28   55   15    4   28   55                       -0.01936313786941622553   -0.60749937644893126087                          
a_ia   28   47                                                     -0.00044157479225045591                                                    
a_ia   28   40                                                     -0.15284247071365889004                                                    
mvp2    4   24   28   55   24    4   28   55                        0.01343740750750979998    0.56928676625176355408                          
a_ia    4   24                                                     -0.02390315750750570886                                                    
mvp2    9   26   32   44   26    9   32   44                       -0.00054995486048098102   -0.13345048443494797463                          
op      8   20   36   48   20    8   36   48                       -0.00274351352221376566                                                    
a_ia    8   20                                                     -0.00063164153240148992                                                    
a_ia   36   48                                                     -0.00057437698375684381                                                    
op      9   24   37   52   24    9   37   52                       -0.00606930576512608889                                                    
a_ia   37   52                                                      0.00059794710026516145                                                    
a_ia    9   24                                                      0.00094979586257929350                                                    
a_ia   37   40                                                      0.16319232833802121974                                                    
mvp2    4   15   37   50   15    4   37   50                        0.00813352725804844523   -0.11162131681964393426                          
a_ia   37   50                                                      0.00297031420420179474                                                    
mvp2    9   22   37   50   22    9   37   50                       -0.00462753208132332498   -0.64547036208719255068                          
a_ia    9   15                                                      0.00035391636954410849                                                    
mvp3    4   15    9   24    4    9   24   15    4    9   15   24   -0.00315129758918987393    0.21807958460705065273    0.05114248647477934867
a_ia    4   24                                                      0.02436312658239122089                                                    
op      9   23   37   51   23    9   37   51                       -0.00610509070044218134                                                    
a_ia   37   51                                                     -0.00255909643897552896                                                    
a_ia    9   23                                                     -0.00242749773739144590                                                    
a_ia   28   37                                                     -0.06221284604146426478                                                    
mvp2    1   27   32   53   27    1   32   53                       -0.01375758677368774802   -0.81584472026860432869                          
a_ia    3   27                                                      0.00106899292805918067                                                    
a_ia    1   27                                                     -0.00447296409968825186                                                    
a_ia   18   25                                                      0.16134857775856140116                                                    
mvp2    1   14   32   53   14    1   32   53                       -0.01067780206979246534   -0.39556129079971347196                          
a_ia    1   14                                                      0.00284626482868345588                                                    
mvp2    1   27   32   54   27    1   32   54                       -0.00039120221966698203    0.10310731761446745303                          
mvp2    1   27   32   52   27    1   32   52                       -0.00709556474632830857    0.31773044103412806383                          
mvp2    1   14   32   52   14    1   32   52                       -0.00366912432117586906   -0.03289866166510013040                          
mvp2    1   21   32   49   21    1   32   49                       -0.00717288121295747618    0.12365295313780480524                          
a_ia    1   21                                                      0.00027999149334062659                                                    
mvp2    1   21   32   52   21    1   32   52                       -0.00344036436186944284   -0.51890463212578585850                          
mvp2    1   14   32   42   14    1   32   42                       -0.01172933168834737645   -0.06808377702719055347                          
mvp2    1   21   32   42   21    1   32   42                       -0.00697865783414330833   -0.04148506300333185126                          
a_ia   53   54                                                     -0.73619566249863732654                                                    
mvp2    3   21   32   49   21    3   32   49                        0.00823682230007666966    0.16465335799492486490                          
om      3   21   31   49   21    3   31   49                       -0.00463827303580544286                                                    
a_ia   31   52                                                     -0.00020837786663624675                                                    
mvp2    1   25   32   42   25    1   32   42                       -0.00492864372785789626   -0.09615048869345638183                          
a_ia   16   25                                                     -0.09177807652376109016                                                    
mvp2    3   21   32   52   21    3   32   52                        0.00325135583569027961    0.36611255385132335238                          
mvp2    3   14   31   42   14    3   31   42                       -0.00718628236790949323   -0.48720153373556762677                          
a_ia   52   54                                                      0.27507783233480170848                                                    
mvp2    3   21   32   42   21    3   32   42                        0.00700305771929473665   -0.07275843618418596781                          
mvp2    3   21   31   42   21    3   31   42                       -0.00322405568778921098   -0.00043624462018855071                          
mvp2    4   22    9   24    4    9   22   24                        0.00576582968649577698    0.58125155503143111080                          
mvp2    4   24   37   50   24    4   37   50                       -0.00644994800928258213    0.46972472944642451598                          
mvp3    4   15    9   16    4    9   16   15    4    9   15   16   -0.00178038653429865492   -0.09986702892664671427   -0.00565924598152007380
a_ia   15   16                                                     -0.28252477523271551929                                                    
a_ia    4    9                                                     -0.00914433876143636547                                                    
mvp2    4   25   37   50   25    4   37   50                       -0.00422248797029533673    0.10078751098484015070                          
mvp2    9   16   37   51   16    9   37   51                       -0.00595215896158457665    0.23775458803408497377                          
mvp2    9   16   37   50   16    9   37   50                        0.00106856778910484644   -0.19493815147331811088                          
mvp2    4   21   32   52   21    4   32   52                       -0.00484846395458582435   -0.11633753947576122578                          
a_ia   42   52                                                      0.26672856396242450305                                                    
a_ia    4   26                                                      0.00284109952025610700                                                    
mvp2    4   15   32   46   15    4   32   46                       -0.00556288761773754501    0.09665837235506967440                          
a_ia   32   40                                                     -0.18616492913479765203                                                    
mvp2    4   15   32   47   15    4   32   47                        0.00660001603673445163   -0.00045265299540720594                          
a_ia   32   47                                                      0.00139313823765440390                                                    
mvp2    1   15   37   44   15    1   37   44                        0.00651392719070981348    0.13403233836199010542                          
a_ia   32   37                                                      0.10629791621850143146                                                    
mvp2    4   24   32   50   24    4   32   50                       -0.00074724891055124351   -0.02719286067466236342                          
mvp2    4   25   32   55   25    4   32   55                        0.00254745329085407160   -0.09418902389438657541                          
mvp2    3   14   31   49   14    3   31   49                       -0.00298290140473697271    0.09506052394573347164                          
om      8   22   36   50   22    8   36   50                       -0.00760787969892264687                                                    
a_ia   36   50                                                     -0.00039895579280777526                                                    
mvp2    8   22   37   50   22    8   37   50                        0.00542685844146616712    0.56757656361698138880                          
a_ia    8   22                                                     -0.00046779543232171631                                                    
mvp2    1   27   36   50   27    1   36   50                        0.01096943880160047499   -0.96087311270919817385                          
mvp2    1   22    8   27    1    8   22   27                       -0.00779163322272240916   -0.32716432808664352994                          
a_ia    1   27                                                      0.00484705905226173479                                                    
a_ia   44   46                                                      0.10465462334181740989                                                    
a_ia    1    8                                                      0.13922205946360416418                                                    
a_ia   42   50                                                      0.15884011248874196909                                                    
a_ia    8   26                                                     -0.00245200803826534780                                                    
mvp2    8   22   37   44   22    8   37   44                       -0.00544311067452951745   -0.06506602361316846106                          
mvp2    8   17   37   44   17    8   37   44                       -0.00862409155540734031   -0.34623420083077038889                          
mvp2    8   24   37   44   24    8   37   44                        0.00586367744312496671    0.22642260133932765043                          
a_ia   36   54                                                     -0.00205402316564208326                                                    
mvp2    8   23   32   43   23    8   32   43                        0.00619291680589961410   -0.16755732837723644191                          
a_ia    8   23                                                     -0.00537187347296353822                                                    
a_ia   40   43                                                     -0.00346259429489713865                                                    
a_ia    8   16                                                      0.00669771952270284843                                                    
a_ia   37   44                                                     -0.00583930628926327636                                                    
mvp2    8   23   28   55   23    8   28   55                        0.00886884192346104952    0.81581904683449602000                          
a_ia    9   12                                                      0.12822556510867480495                                                    
mvp2    8   23   36   51   23    8   36   51                       -0.00956425323380403689    0.88775354240906956260                          
a_ia   36   51                                                      0.00307701144000622432                                                    
mvp3   28   43   32   55   28   32   55   43   28   32   43   55    0.00777085477350332888   -0.01835706981262528667    0.22414104176582955175
a_ia   28   32                                                      0.26760995450607044654                                                    
mvp2    8   22   36   51   22    8   36   51                        0.00706863021815560925    0.03582865033519171127                          
a_ia   15   22                                                     -0.00808825228514454056                                                    
mvp2    0   15   32   43   15    0   32   43                       -0.00507487519533072074   -0.33439537736186880634                          
a_ia   42   54                                                      0.14070301314638047896                                                    
a_ia   50   52                                                     -0.32248651441250769656                                                    
mvp2    8   23   36   50   23    8   36   50                        0.00033962532579388691    0.07601523618611483180                          
a_ia   36   50                                                     -0.00519977089972742910                                                    
mvp2    0   27   36   50   27    0   36   50                       -0.00684342868400533624   -0.18787518295866176277                          
a_ia   28   43                                                     -0.00128032751498399007                                                    
mvp2    8   27   36   55   27    8   36   55                       -0.00496749113543999352   -0.26364651417386192334                          
a_ia   49   54                                                     -0.04874871817433559795                                                    
op      4   19   32   43   19    4   32   43                        0.00572874530310012349                                                    
mvp2    4   25   28   43   25    4   28   43                        0.00596953474243053402   -0.20198921775625064412                          
mvp2    4   15   28   47   15    4   28   47                        0.00596505999716147838   -0.13368625984527349182                          
a_ia    8   23                                                      0.00172275883810645036                                                    
mvp2    8   27   28   50   27    8   28   50                       -0.00493815332425852436   -0.26988977015670795323                          
a_ia   28   50                                                      0.00021032546630566002                                                    
a_ia   36   44                                                      0.00715503999868971445                                                    
a_ia   44   55                                                      0.13763473967471692716                                                    
a_ia   42   54                                                      0.14797591748654892463                                                    
mvp3   32   43   36   50   32   36   50   43   32   36   43   50   -0.00510577206284500498   -0.31503440957206685358   -0.16003828856384821888
a_ia   43   50                                                      0.16779126596383547865                                                    
a_ia   36   43                                                      0.00051811219460485961                                                    
mvp3    9   15   12   16    9   12   16   15    9   12   15   16   -0.00874406069703928188    0.16565398622129867690   -0.22824398612325028091
a_ia   15   16                                                     -0.12875696748322396079                                                    
mvp2    1   27   32   43   27    1   32   43                        0.00245338417973330145   -0.30320308646752047732                          
mvp2    9   16   36   45   16    9   36   45                       -0.00780838175648921207    0.39768001959722343308                          
a_ia   36   40                                                      0.12793952726016211141                                                    
mvp2    0   27   28   43   27    0   28   43                       -0.00249613008279941668    0.31230467057560196142                          
a_ia   28   43                                                      0.00889381583680674478                                                    
mvp2    0   21   32   52   21    0   32   52                        0.00417595245150246489    0.31683270596100726602                          
a_ia    1   21                                                      0.00101899451175778790                                                    
a_ia    3   24                                                     -0.00058765075352617971                                                    
a_ia    3   17                                                     -0.00147040502493585800                                                    
a_ia    3   26                                                     -0.00092152618120819676                                                    
mvp2    0   21   32   49   21    0   32   49                        0.00521275938096776251   -0.22988232591760834889                          
a_ia   32   49                                                      0.00041024220032125455                                                    
a_ia   21   22                                                      0.17255231234421922193                                                    
mvp2    0   21   28   49   21    0   28   49                       -0.00439603358366972164   -0.23555984858585454766                          
a_ia   43   55                                                     -0.12499907212484251406                                                    
mvp2    1   27   28   55   27    1   28   55                        0.00371915750917529639    0.10468448930151631748                          
a_ia    0   22                                                     -0.00065261426802619253                                                    
om      0   26   28   54   26    0   28   54                       -0.00407382154907879809                                                    
mvp2    3   26   31   54   26    3   31   54                       -0.00275589952636470315    0.12049506318816008421                          
a_ia    0   17                                                      0.00051734791687501290                                                    
a_ia   14   24                                                      0.27122573148197220982                                                    
mvp2    0   21   31   49   21    0   31   49                       -0.00334965282084894855    0.33063014451513111913                          
a_ia   28   31                                                      0.04567059990799670482                                                    
a_ia   31   55                                                      0.00206053960051581818                                                    
a_ia   31   51                                                      0.00308157342916162572                                                    
a_ia   31   50                                                      0.00028246002190027695                                                    
mvp2    0   27   29   55   27    0   29   55                        0.00233717055674757292    0.06010895846724412239                          
a_ia    0   27                                                     -0.00342327353201025975                                                    
a_ia   28   29                                                     -0.74822400588264414978                                                    
a_ia   29   55                                                     -0.00119466123765922874                                                    
a_ia   28   49                                                      0.00005635756169395252                                                    
mvp2    0   27   28   55   27    0   28   55                       -0.00361834319388821841   -0.07949968121277764532                          
a_ia   43   44                                                     -0.24844308218738159200                                                    
a_ia   29   32                                                      0.00374249983479821562                                                    
a_ia   29   46                                                      0.00129730026521564300                                                    
