op      5   23   41   59   23    5   41   59                       -0.05843392502240970371                                                    
op      5   23   40   59   23    5   40   59                        0.01998462541345963350                                                    
op      5   23   46   59   23    5   46   59                       -0.01653593537631983801                                                    
op      4   23   41   59   23    4   41   59                        0.01755698826905062807                                                    
op      4   23   40   59   23    4   40   59                       -0.01359121165870003436                                                    
op     12   23   41   59   23   12   41   59                       -0.00264457436172618483                                                    
op      8   23   44   59   23    8   44   59                       -0.00960318307646724004                                                    
op     10   23   41   59   23   10   41   59                       -0.00341205279272921869                                                    
op     10   23   46   59   23   10   46   59                       -0.00626516982277215521                                                    
op      9   23   44   59   23    9   44   59                        0.00722516900192980965                                                    
op      9   27   45   63   27    9   45   63                       -0.07337060528566798079                                                    
op      8   27   44   63   27    8   44   63                       -0.02108587666901159258                                                    
op     10   27   44   63   27   10   44   63                        0.00563351677461187885                                                    
op     12   23   46   59   23   12   46   59                        0.00184706957395682500                                                    
op      9   27   48   63   27    9   48   63                        0.00137150845616397098                                                    
op      9   27   44   63   27    9   44   63                       -0.01812681446982430944                                                    
op      4   23   46   59   23    4   46   59                        0.00612594294341722335                                                    
op      8   23   41   59   23    8   41   59                        0.00394813853970848137                                                    
mvp2    8   27   41   59   27    8   41   59                        0.01098059949085658342    0.62578992244566289394                          
op     17   18   53   54   18   17   53   54                       -0.00641873211419046515                                                    
mvp2    5   23   44   63   23    5   44   63                        0.02568627307354648739   -0.86006415890668674873                          
op     17   19   53   54   19   17   53   54                       -0.00658222805486284330                                                    
op     17   19   53   55   19   17   53   55                       -0.00615224497466960486                                                    
mvp2    5   23   48   59   23    5   48   59                        0.01198610702756497740   -0.38699660752043946177                          
mvp2    5   23   44   59   23    5   44   59                        0.00704237567668929577    0.08392588230379748049                          
a_ia   44   59                                                      0.00107963259962139580                                                    
a_ia   48   59                                                      0.00329580608472026040                                                    
op      9   29   45   63   29    9   45   63                       -0.00381125183505845282                                                    
mvp2    9   29   44   63   29    9   44   63                       -0.01488704874240632040   -0.16946324235464554908                          
op     10   23   40   59   23   10   40   59                        0.00197080519343231092                                                    
mvp2    9   30   44   63   30    9   44   63                        0.04230730294184362889    0.66410353336496785737                          
a_ia    9   30                                                      0.00099320605718470766                                                    
op      9   30   45   63   30    9   45   63                        0.00543936448822359385                                                    
a_ia   45   63                                                      0.00048102734680050121                                                    
op      9   22   45   58   22    9   45   58                       -0.00612088263045171017                                                    
a_ia   45   54                                                     -0.00366442200563991613                                                    
op      9   22   44   58   22    9   44   58                       -0.00535684373399801603                                                    
a_ia   44   55                                                     -0.00604957842637358564                                                    
op      9   21   45   57   21    9   45   57                       -0.00550859944687604776                                                    
op      6   22   42   58   22    6   42   58                       -0.01935470744180137204                                                    
op      6   22   40   58   22    6   40   58                        0.00728130909564674630                                                    
a_ia    6   22                                                      0.00399909486447267565                                                    
om      6   22   39   58   22    6   39   58                       -0.01401825997319023839                                                    
op      3   22   39   58   22    3   39   58                       -0.01453068489257242600                                                    
op      3   22   42   58   22    3   42   58                       -0.01401317112977534460                                                    
a_ia    3   22                                                     -0.00104015308918050655                                                    
om      6   22   43   58   22    6   43   58                        0.01305135885176561712                                                    
om      3   22   43   58   22    3   43   58                        0.00847017515313459868                                                    
op      7   22   42   58   22    7   42   58                        0.01125440654382777426                                                    
op      7   22   39   58   22    7   39   58                        0.00702023505172995853                                                    
op      7   22   43   58   22    7   43   58                       -0.00859391744251497038                                                    
om      4   22   42   58   22    4   42   58                        0.00777919787853080004                                                    
op      1   22   37   58   22    1   37   58                       -0.00622180446245158315                                                    
op      0   22   37   58   22    0   37   58                       -0.00515341299134349212                                                    
mvp2    9   30   45   66   30    9   45   66                       -0.01408536417068396995    0.72307177977038394889                          
op      0   22   36   58   22    0   36   58                       -0.00489578481399838370                                                    
a_ia    0   22                                                     -0.00010634873598478912                                                    
op      1   22   36   58   22    1   36   58                       -0.00501876738030337943                                                    
a_ia   37   41                                                     -0.13840462318966623156                                                    
op      9   25   45   61   25    9   45   61                       -0.00086025069426899582                                                    
op      9   20   45   56   20    9   45   56                       -0.00153838347895660999                                                    
op      9   25   45   65   25    9   45   65                        0.00301862834026190479                                                    
mvp2    9   29   45   65   29    9   45   65                       -0.00735884341242380637    0.30170440070087800599                          
mvp2    9   29   45   66   29    9   45   66                        0.00858454190689728752   -0.00151751638330002649                          
mvp2    9   30   45   65   30    9   45   65                        0.00924377569026640228   -0.52300182312737231172                          
mvp2   10   23   48   59   23   10   48   59                        0.00320517798326247277    0.62550646512860386128                          
op      4   21   40   57   21    4   40   57                       -0.01418214832938993405                                                    
a_ia   40   57                                                      0.00329606981835611204                                                    
a_ia    4   21                                                     -0.00244216688001722615                                                    
op     11   21   47   57   21   11   47   57                       -0.01113077621543982591                                                    
op     11   21   48   57   21   11   48   57                        0.00698966246814611454                                                    
a_ia    5    6                                                      0.09698176617683579304                                                    
a_ia    5   21                                                      0.00046974509062076212                                                    
mvp2    4   30   44   63   30    4   44   63                        0.01250196336507460211    0.25152083555592824604                          
mvp2    4   30   40   66   30    4   40   66                       -0.00275722444296258411    0.54128474366003953566                          
op      4   19   40   55   19    4   40   55                       -0.00801345020036056330                                                    
a_ia    4   19                                                      0.00021434377014137751                                                    
op      4   31   40   67   31    4   40   67                       -0.00464320534584458482                                                    
a_ia    4   18                                                      0.00307721771671457109                                                    
a_ia    4   20                                                     -0.00332991411002456000                                                    
op      4   26   40   62   26    4   40   62                       -0.00751528039701948765                                                    
a_ia    4   26                                                      0.00210823401180281183                                                    
a_ia   40   56                                                      0.00710768921375450925                                                    
op      4   25   40   61   25    4   40   61                       -0.00599388812691687561                                                    
op      4   28   40   64   28    4   40   64                        0.00042680524678024646                                                    
a_ia    4   28                                                     -0.00250437053494705899                                                    
a_ia   40   64                                                     -0.00334455423007375564                                                    
a_ia   40   62                                                      0.00255909258026933237                                                    
mvp2    4   31   45   63   31    4   45   63                        0.01022518889318759124    0.34530093859148369706                          
mvp2   40   63   45   67   40   45   63   67                       -0.01857932810598441134    0.18454642053741959762                          
a_ia   63   65                                                      0.13964379868353796188                                                    
mvp2    4   31   44   66   31    4   44   66                       -0.01044471961159542696    0.20526390585207740513                          
mvp2    9   25   44   63   25    9   44   63                        0.00992766794716317888    0.07228876517328126916                          
mvp2    4   31   44   65   31    4   44   65                        0.00826036635208705905   -0.35283053381828949346                          
mvp2    9   20   45   63   20    9   45   63                        0.00828636579747530667    0.03245968363534700724                          
om      5   21   41   57   21    5   41   57                       -0.01060556146188617287                                                    
a_ia   41   57                                                     -0.00054519342101217979                                                    
a_ia    3   21                                                      0.00132331404054754028                                                    
op      3   21   41   57   21    3   41   57                       -0.00723830310946362021                                                    
op      8   22   39   58   22    8   39   58                       -0.00593367717240830036                                                    
mvp2    8   27   39   58   27    8   39   58                        0.00398826759559817168   -0.19608442503928233402                          
mvp3    5   23   10   27    5   10   27   23    5   10   23   27   -0.00726319856294835656    0.16275857113283984101    0.08012636840616151057
a_ia   10   27                                                     -0.00387103397932876854                                                    
a_ia   23   27                                                     -0.02287139994484595901                                                    
mvp2    5   21   41   59   21    5   41   59                        0.00762272977443571951    0.64399035601597642842                          
mvp2   40   63   44   64   40   44   63   64                        0.01419953189199492025   -0.32414658368912491193                          
a_ia   44   45                                                     -0.15790240140685099512                                                    
mvp2    4   28   44   63   28    4   44   63                       -0.01677759326897553666   -0.49786050790479857708                          
mvp2    9   28   44   63   28    9   44   63                        0.00595321873539556533    0.18600830172537144436                          
mvp2    4   20   44   63   20    4   44   63                       -0.00685353114335753629   -0.25055990795415472583                          
mvp2    4   28   45   65   28    4   45   65                       -0.00082668667049680703    0.01435207996125399676                          
mvp2    4   28   45   63   28    4   45   63                        0.00056531457318137837    0.04394204063117063824                          
op     11   25   47   57   25   11   47   57                       -0.00486073214437301830                                                    
om     11   25   48   57   25   11   48   57                        0.00560425654877852800                                                    
om      9   31   45   63   31    9   45   63                       -0.00543967658982043994                                                    
mvp2    9   27   47   57   27    9   47   57                        0.03076232217047279033   -0.44188459395754492443                          
a_ia   25   27                                                     -0.10139288191099977976                                                    
mvp2    9   21   11   27    9   11   21   27                       -0.02628885182865682568   -0.22711248136139802756                          
mvp2    9   27   48   57   27    9   48   57                       -0.02545226673042582516    0.43612923766839012396                          
mvp3    9   25   11   27    9   11   27   25    9   11   25   27   -0.01404935499167036389   -0.45120225049626055958   -0.19172146920715063545
mvp2    9   27   37   54   27    9   37   54                        0.01903352301391698920   -0.36657258267333098223                          
a_ia    9   21                                                     -0.00296086796315474720                                                    
mvp2   11   21   37   54   21   11   37   54                       -0.00209871886013252235   -0.12520330715118574427                          
mvp2    9   27   44   57   27    9   44   57                       -0.01176861376473653693    0.27847499263571900974                          
a_ia   41   54                                                      0.00510654854590424957                                                    
mvp2    5   23   36   59   23    5   36   59                        0.00584957616532225458   -0.12140069409394145528                          
op      0   23   36   59   23    0   36   59                       -0.00563892910896710356                                                    
op      1   23   36   59   23    1   36   59                        0.00520899313561153446                                                    
op      1   23   37   59   23    1   37   59                       -0.00480310598372792139                                                    
op      0   23   37   59   23    0   37   59                        0.00509368550873411097                                                    
a_ia    0   21                                                     -0.00309848956792907904                                                    
mvp2    0   34   45   63   34    0   45   63                       -0.01280527410500528589   -0.34708923129345092828                          
om      0   34   44   66   34    0   44   66                        0.01178950482746267403                                                    
a_ia   63   67                                                      0.09494228313945979325                                                    
mvp2    0   19   45   63   19    0   45   63                        0.00802119643719492216    0.44464106685179827227                          
a_ia    0   19                                                      0.00024157020530471955                                                    
mvp2    0   18   44   63   18    0   44   63                        0.00542770541269968921    0.44719072669112797103                          
a_ia    0   18                                                     -0.00019877429530218416                                                    
om      0   34   44   65   34    0   44   65                       -0.00817873585577011397                                                    
mvp2    0   19   44   66   19    0   44   66                       -0.01347064843732367380    0.36927094847221847429                          
mvp2    0   18   45   63   18    0   45   63                        0.00524453909946226860   -0.01674546867051530247                          
a_ia   44   45                                                      0.29158453286054974996                                                    
om      0   18   45   65   18    0   45   65                        0.00424000715332375870                                                    
mvp2    0   35   44   63   35    0   44   63                       -0.00728963469452643432   -0.44891854582340939839                          
a_ia    0   35                                                     -0.00073482768479882416                                                    
a_ia    0   20                                                     -0.00034023704533668489                                                    
a_ia   40   61                                                     -0.00669637100710447544                                                    
mvp2    9   27   36   70   27    9   36   70                       -0.01101839676350981588    0.33071267896677380982                          
a_ia   36   57                                                     -0.00299462839281325333                                                    
mvp2    9   27   36   55   27    9   36   55                        0.00865798945477385708   -0.28108777793250799837                          
a_ia   36   55                                                     -0.00114861387959323087                                                    
mvp2    9   30   37   70   30    9   37   70                        0.00858641730428429985   -0.79438076081000397188                          
a_ia   37   70                                                      0.00050700392735309038                                                    
a_ia    9   30                                                      0.00107861916718675604                                                    
mvp2    1   34   37   70   34    1   37   70                       -0.00458264794714274490   -1.02055618723826935224                          
mvp2    1   34   36   54   34    1   36   54                        0.00805039343414749170   -0.61533801410586641545                          
a_ia    1   34                                                      0.00017664935590575213                                                    
mvp2    1   18   45   63   18    1   45   63                        0.01540672913590106392    0.67203529126012517825                          
mvp2    1   35   45   63   35    1   45   63                       -0.00713171349873673553   -0.34632145081499221551                          
mvp2    1   35   44   66   35    1   44   66                        0.00730279057996979959    0.08564479253432114025                          
mvp2    1   19   44   63   19    1   44   63                        0.00762490865284045673    0.75597791099872646559                          
mvp2    1   18   44   66   18    1   44   66                       -0.01312774225610294394    0.39055608056821389251                          
mvp2    1   35   44   65   35    1   44   65                       -0.00458637514473186382    0.26869147549172933687                          
om      9   27   37   70   27    9   37   70                       -0.00444759456788758941                                                    
mvp2    9   29   37   70   29    9   37   70                       -0.00345924502310901438   -0.13857851797715017850                          
a_ia    9   29                                                      0.00074760352117295419                                                    
a_ia   27   34                                                      0.06152128512294541274                                                    
mvp2    1   19   37   55   19    1   37   55                       -0.00762406327316820457    0.71294539069036455547                          
mvp2    9   27   36   54   27    9   36   54                        0.00747838667819295238    0.01985488270360706228                          
mvp2    9   29   36   54   29    9   36   54                        0.00514695784792204916   -0.29380904128828849720                          
om      1   18   44   65   18    1   44   65                        0.00912088656413380730                                                    
mvp2    1   18   45   65   18    1   45   65                        0.00486848169323103510   -0.07571289199056642494                          
mvp2    1   28   45   63   28    1   45   63                        0.00178122269919994886    0.03107752367126737428                          
mvp2    1   28   37   64   28    1   37   64                       -0.00164242365050792883    0.45341790873902043657                          
a_ia   44   64                                                     -0.00035816293951575900                                                    
a_ia   64   65                                                     -0.09757320210479838996                                                    
mvp2    1   18   37   64   18    1   37   64                       -0.00511518806538633145    0.43508436871299333015                          
op      1   31   37   67   31    1   37   67                       -0.00341520423023201946                                                    
mvp2    1   35   37   71   35    1   37   71                       -0.00366668276220069329    0.49345279910599249007                          
mvp2    1   18   37   71   18    1   37   71                        0.00352159425166339267   -0.10054193221593592245                          
mvp2    5   23   43   59   23    5   43   59                       -0.00436645339352484743    0.15126317585520762665                          
a_ia   63   64                                                      0.05102627829256146941                                                    
a_ia   45   53                                                     -0.06522173467252932733                                                    
om      0   19   37   71   19    0   37   71                        0.00372919766395411615                                                    
a_ia   40   66                                                     -0.00602903922471730459                                                    
a_ia   61   66                                                     -0.64386711428731446816                                                    
a_ia   40   61                                                      0.00868786383547696592                                                    
op      1   33   37   69   33    1   37   69                       -0.00302793552890285884                                                    
a_ia   37   56                                                     -0.00090813211045245390                                                    
op      4   33   40   69   33    4   40   69                       -0.00200485205440544293                                                    
op      1   32   37   68   32    1   37   68                       -0.00320847393546233031                                                    
op      1   26   37   62   26    1   37   62                       -0.00329342572561459792                                                    
mvp2    9   29   36   70   29    9   36   70                       -0.00092593249730947417   -0.31455931214510784999                          
mvp2    9   30   36   71   30    9   36   71                        0.00406267418385756422   -0.57312278993433396490                          
a_ia   36   71                                                     -0.00196578079283322733                                                    
mvp2    9   29   36   71   29    9   36   71                       -0.00361191876951250318   -0.28600801097172590115                          
a_ia   57   71                                                      0.13923143144650004799                                                    
mvp2    9   34   45   70   34    9   45   70                       -0.00399189570263456476   -0.02495850894721500512                          
a_ia   45   57                                                     -0.00282378672849563578                                                    
mvp2    0   19   44   65   19    0   44   65                        0.00833834197383474113   -0.26667560367218168249                          
mvp2    0   35   44   66   35    0   44   66                       -0.00229145058476448596    0.24206675766042631825                          
a_ia   44   56                                                      0.00161385753012201379                                                    
a_ia   11   21                                                      0.00032837536944664011                                                    
mvp2    8   30   45   63   30    8   45   63                        0.01120548290133508568    0.37682843025096379730                          
mvp2    8   29   45   63   29    8   45   63                       -0.01300683055303474001   -0.45870234012041849470                          
a_ia   36   71                                                      0.00354410328521699396                                                    
mvp2    8   21   45   63   21    8   45   63                       -0.01063478694289311452   -0.59631777772325444964                          
a_ia   47   63                                                      0.00292721318409043269                                                    
mvp2    9   27   45   63   27    9   45   63                       -0.00761770163134475355    0.43402614359670887989                          
a_ia   45   51                                                      0.07004287588692433009                                                    
mvp2    8   27   45   63   27    8   45   63                       -0.01707755930098701913    0.01536123467053060465                          
a_ia    8    9                                                      0.21777996555139647605                                                    
mvp2    8   27   36   54   27    8   36   54                        0.00555643416595018921   -0.05431263885775981792                          
mvp2    8   30   36   70   30    8   36   70                        0.00389449366612271532    0.15634181620157275305                          
mvp2    8   27   36   71   27    8   36   71                       -0.00333532133823241043    0.14145867938032408162                          
mvp2    8   30   36   71   30    8   36   71                       -0.00104327072160409202   -0.29340345126749822757                          
mvp2    9   25   36   54   25    9   36   54                       -0.00494852082094034400   -0.36040219844009097061                          
mvp2    8   30   44   66   30    8   44   66                       -0.00571742200118853950    0.00522629216250382420                          
a_ia    8   28                                                     -0.00125717294785921189                                                    
a_ia    0   33                                                     -0.00163336890636905105                                                    
op      0   26   37   62   26    0   37   62                        0.00336570402711265518                                                    
mvp2    8   28   44   66   28    8   44   66                       -0.00499798510464644682   -0.34296035537794061776                          
om      9   25   36   71   25    9   36   71                        0.00235806175915022256                                                    
a_ia    8   19                                                     -0.00481754643485705989                                                    
mvp2    0   19   37   69   19    0   37   69                        0.00249270332632911887   -0.42197100213904059629                          
a_ia   37   69                                                     -0.00049693090167442753                                                    
om      0   33   37   68   33    0   37   68                       -0.00292469968454761369                                                    
op      4   19   40   62   19    4   40   62                       -0.00520252076089970043                                                    
mvp2    0   19   37   62   19    0   37   62                        0.00290804742000753741   -0.21529454331798481004                          
a_ia   40   65                                                      0.00074834711011552294                                                    
op      8   28   44   64   28    8   44   64                       -0.00098016301980208297                                                    
a_ia   64   66                                                     -0.49313003787256071142                                                    
mvp2    8   30   44   57   30    8   44   57                        0.00283100462294789100    0.01379576986668052188                          
a_ia   57   66                                                      0.08437094833004921135                                                    
a_ia   18   20                                                     -0.22553497564236393846                                                    
a_ia   45   48                                                     -0.16435930344804017267                                                    
mvp2    8   29   44   66   29    8   44   66                        0.00388988718390050840   -0.19648715071475314486                          
a_ia   57   64                                                      0.16450354003026834704                                                    
mvp2    4   28   40   57   28    4   40   57                       -0.00654670030937250236    1.13616842811908114186                          
a_ia   65   69                                                     -0.16535014293555450049                                                    
a_ia   57   69                                                     -0.43120558828576560639                                                    
a_ia   56   57                                                     -0.26195599235360689239                                                    
a_ia   40   56                                                     -0.00876030295767064870                                                    
a_ia   57   65                                                     -0.21781295492937696734                                                    
a_ia   57   61                                                      0.41539097542783076644                                                    
a_ia   56   65                                                      0.38582479013110132504                                                    
a_ia   44   53                                                     -0.12075196552859464305                                                    
a_ia   28   35                                                      0.13098029521806769937                                                    
mvp2    6   22   45   63   22    6   45   63                        0.01841434939712038865    0.33405192506705927435                          
mvp2   42   58   45   63   42   45   63   58                        0.02251424609755578454    0.33326871184906586842                          
mvp2    3   22   45   63   22    3   45   63                        0.01514427222746743060    0.22919691325047800157                          
mvp2   39   58   45   63   39   45   63   58                        0.01508843967779989123    0.22481501679586293752                          
mvp2   43   58   45   63   43   45   63   58                       -0.01388284620978952159   -0.23072380188131921819                          
mvp2    7   22   45   63   22    7   45   63                       -0.01282044719320356643   -0.26038812799601990244                          
a_ia   46   63                                                     -0.00502054877119845460                                                    
a_ia   45   46                                                      0.11273746285294257430                                                    
a_ia    5   10                                                      0.19784619770196026911                                                    
mvp2   12   21   45   63   21   12   45   63                       -0.00921196648635879897   -0.55351719933444953892                          
a_ia    5   12                                                     -0.34594631895263722177                                                    
a_ia   41   47                                                      0.16805764765084435508                                                    
a_ia   21   22                                                     -0.18685831709586747662                                                    
mvp2    4   19   37   64   19    4   37   64                        0.00541020574512719645    0.56560058264036339182                          
a_ia   62   65                                                      0.28244858984481324704                                                    
a_ia   18   28                                                      0.20935627048714444687                                                    
mvp2    8   27   37   70   27    8   37   70                       -0.00426915796009680153    0.00045539738153573515                          
mvp2    8   35   44   66   35    8   44   66                        0.00253214446957423026    0.35731720466839383965                          
mvp2    6   22   45   63   22    6   45   63                        0.00447650511478570826   -0.01193121433612923804                          
a_ia    6   22                                                     -0.00545939344624502693                                                    
om      4   30   37   70   30    4   37   70                        0.00346339400183518289                                                    
mvp2    4   27   44   66   27    4   44   66                        0.00554546485117510604    0.26124670923575887826                          
a_ia    4   29                                                      0.00176810561417768187                                                    
a_ia    8   17                                                     -0.10507433131404153581                                                    
mvp2    8   27   41   67   27    8   41   67                        0.00531515577824356270   -0.47792211682464191824                          
a_ia   41   55                                                     -0.00487343213525540109                                                    
a_ia   41   67                                                      0.00209546086677109972                                                    
a_ia   41   66                                                     -0.00247416908535633574                                                    
mvp2    4   31   41   66   31    4   41   66                       -0.00452221586124780615    0.42644035258134804778                          
mvp2    4   31   41   64   31    4   41   64                        0.00403089414805090415   -0.57977406749895632476                          
a_ia   19   20                                                     -0.20296007154747039425                                                    
a_ia   66   70                                                      0.05737047010363430233                                                    
mvp2    9   27   42   67   27    9   42   67                       -0.00573113443899588796    0.28215401947669188631                          
mvp2    9   27   36   67   27    9   36   67                       -0.00219670371524817573    0.09059125330329005632                          
mvp2    4   34   37   64   34    4   37   64                       -0.00396933215740593454    0.08794107709789110439                          
mvp2    0   34   37   71   34    0   37   71                       -0.00464884435040980627    0.13878176854792267925                          
a_ia   41   71                                                      0.00100782676347443804                                                    
mvp2    9   27   42   66   27    9   42   66                       -0.00501871290226995823    0.23366212593590421354                          
a_ia   54   66                                                      0.22798273519168182899                                                    
a_ia   42   67                                                     -0.00110853386739983347                                                    
a_ia   42   66                                                     -0.00094172811419022701                                                    
a_ia   42   54                                                      0.00244811207235451833                                                    
mvp2    0   35   37   70   35    0   37   70                       -0.00224278570908007392    0.30666166725041094088                          
a_ia   48   67                                                      0.00117796220927653475                                                    
mvp2    8   35   44   71   35    8   44   71                       -0.00317348805142246993    0.19247867152959760584                          
mvp2    8   34   44   70   34    8   44   70                       -0.00279845699320462439    0.03686412556223827436                          
a_ia   70   71                                                     -0.11937751445519884097                                                    
mvp2    0   31   37   64   31    0   37   64                        0.00031389428275030949   -0.01667405849832827650                          
mvp2    9   27   48   67   27    9   48   67                        0.00260563252472558295   -0.12895780761590591723                          
mvp2    5   22   45   63   22    5   45   63                       -0.00311568417934802565   -0.16895375776269294654                          
mvp2    0   34   41   68   34    0   41   68                        0.00412747862248087020   -0.68151238520267454213                          
a_ia   31   34                                                     -0.20817748197084701145                                                    
