op     23   24   71   72   24   23   71   72                       -0.05041314515652737388                                                    
op     20   25   68   73   25   20   68   73                       -0.08298311835575404583                                                    
op     19   24   67   72   24   19   67   72                       -0.08028474040713112769                                                    
op     23   24   67   72   24   23   67   72                       -0.04770629958692333694                                                    
a_ia   19   24                                                     -0.00544914534332758150                                                    
op     20   24   68   72   24   20   68   72                       -0.00624374002027873465                                                    
a_ia   67   72                                                     -0.01293152194922336101                                                    
op     19   24   71   72   24   19   71   72                       -0.04803192036535785386                                                    
op     16   24   67   72   24   16   67   72                        0.03417151686489601492                                                    
op     22   26   70   74   26   22   70   74                       -0.02065336143017314566                                                    
op     20   26   68   74   26   20   68   74                       -0.00555426788731456806                                                    
om     19   24   64   72   24   19   64   72                       -0.00388200365240859392                                                    
a_ia   64   67                                                      0.42379454763181495514                                                    
op     22   24   70   72   24   22   70   72                       -0.01579551950890276807                                                    
a_ia   68   73                                                     -0.00488591382490403958                                                    
a_ia   20   23                                                      0.01107056984425282102                                                    
op     22   25   70   73   25   22   70   73                       -0.01634982298406494755                                                    
op     20   27   68   75   27   20   68   75                       -0.00813942801233173696                                                    
a_ia   20   27                                                      0.00197925431354006301                                                    
om     16   24   71   72   24   16   71   72                        0.02327757179165168555                                                    
a_ia   67   69                                                      0.18177682321239507779                                                    
op     20   28   68   76   28   20   68   76                       -0.00481827033390865543                                                    
op     22   28   70   74   28   22   70   74                       -0.00800696818174975039                                                    
op     20   33   68   81   33   20   68   81                       -0.00782382785220575409                                                    
op     20   31   68   81   31   20   68   81                       -0.00375343563454598288                                                    
op     20   31   68   79   31   20   68   79                       -0.00574467649609384373                                                    
op     20   33   68   79   33   20   68   79                       -0.00629260027633957771                                                    
op     17   27   65   75   27   17   65   75                       -0.01883336334611275184                                                    
a_ia   17   27                                                      0.00399914158864712443                                                    
a_ia   65   71                                                     -0.20504971476903249838                                                    
a_ia   65   75                                                      0.00348970541721443711                                                    
om     16   27   64   75   27   16   64   75                       -0.00978127752563841095                                                    
a_ia   16   27                                                     -0.00139368770292811503                                                    
op     22   28   70   76   28   22   70   76                       -0.00548625917744454458                                                    
op     22   26   70   76   26   22   70   76                       -0.00803386181107699354                                                    
op     17   28   65   76   28   17   65   76                       -0.00956930734588184138                                                    
op     20   32   68   80   32   20   68   80                       -0.00494038659786937440                                                    
op     20   34   68   82   34   20   68   82                       -0.00989112860293393792                                                    
op     20   34   68   79   34   20   68   79                        0.00593570481506373177                                                    
op     22   32   70   80   32   22   70   80                       -0.00931340382662831055                                                    
a_ia   22   32                                                     -0.00168765236919180385                                                    
a_ia   70   81                                                     -0.00135560893088138490                                                    
op     20   39   68   87   39   20   68   87                       -0.00427986397440005811                                                    
op     22   35   70   83   35   22   70   83                       -0.01004757245630722232                                                    
a_ia   68   78                                                     -0.00140733097281894957                                                    
op     22   30   70   83   30   22   70   83                        0.00643311545869135366                                                    
om     22   32   70   83   32   22   70   83                        0.00752072870794271136                                                    
op     22   35   70   80   35   22   70   80                        0.00762199144884504170                                                    
a_ia   70   80                                                     -0.00148432152617897521                                                    
om     22   34   70   82   34   22   70   82                       -0.00821093620649139024                                                    
a_ia   22   34                                                     -0.00074469475131273420                                                    
op     15   24   67   72   24   15   67   72                       -0.01851200351916334683                                                    
a_ia   15   24                                                     -0.00232926296500070209                                                    
a_ia   19   25                                                      0.00404310576608463666                                                    
a_ia   19   27                                                     -0.00167346961703469387                                                    
a_ia   64   75                                                     -0.00164765385308630039                                                    
op     22   34   70   80   34   22   70   80                       -0.00586741661892335037                                                    
om     22   34   70   83   34   22   70   83                        0.00542091745835664076                                                    
om     19   27   64   75   27   19   64   75                       -0.00337325269335004337                                                    
a_ia   65   73                                                      0.00132331160006283425                                                    
a_ia   19   26                                                      0.00231794652368125026                                                    
a_ia   17   19                                                     -0.18939373918468435654                                                    
om     22   32   70   82   32   22   70   82                       -0.00584813605805853051                                                    
op     21   24   67   72   24   21   67   72                       -0.00161367978772525679                                                    
a_ia   21   24                                                     -0.00246464184945050825                                                    
op     10   24   67   72   24   10   67   72                       -0.01390504755483760145                                                    
a_ia   63   72                                                     -0.00086651916647125914                                                    
a_ia   63   67                                                     -0.19077844624360978942                                                    
a_ia   10   24                                                     -0.00325384402687439863                                                    
op     11   24   67   72   24   11   67   72                        0.01469958789995003297                                                    
a_ia   11   24                                                      0.00055225491413714290                                                    
op     17   37   65   85   37   17   65   85                       -0.01334303787363919774                                                    
a_ia   17   37                                                      0.00344955626459376693                                                    
a_ia   65   85                                                      0.01218254125965082327                                                    
a_ia   17   32                                                     -0.00224505616969912763                                                    
a_ia   73   76                                                     -0.19868803633237563933                                                    
a_ia   65   82                                                     -0.00117413803104789573                                                    
om     17   32   65   80   32   17   65   80                       -0.00644443715194802872                                                    
a_ia   65   80                                                     -0.00224338687518539680                                                    
op     17   30   65   85   30   17   65   85                       -0.00634917795187439279                                                    
a_ia   17   30                                                      0.00132404743792201404                                                    
om     17   37   68   87   37   17   68   87                       -0.01214793566917244001                                                    
a_ia   17   34                                                     -0.00116699455652476223                                                    
a_ia   68   87                                                      0.00136915602713235697                                                    
mvp2   17   37   65   78   37   17   65   78                       -0.00660752418138386109    0.56089879055882685410                          
mvp2   17   30   65   78   30   17   65   78                       -0.00607052895417695918   -0.68809496328063946002                          
a_ia   65   78                                                      0.00146808816207746233                                                    
mvp2   17   37   20   39   17   20   39   37                       -0.00852970326698016847    0.45453454644629009973                          
a_ia   20   39                                                     -0.00023198940451745392                                                    
op     17   40   65   88   40   17   65   88                       -0.00509417239316575093                                                    
a_ia   17   40                                                      0.00705911707036008945                                                    
a_ia   65   87                                                     -0.00030504685547551308                                                    
a_ia   65   88                                                     -0.00022170830488811515                                                    
mvp2   17   37   65   88   37   17   65   88                        0.00462576008438924519   -0.47918207703806925402                          
om     20   25   66   73   25   20   66   73                       -0.02893091974845002010                                                    
a_ia   66   73                                                     -0.00162741440273341605                                                    
a_ia   25   28                                                     -0.18749261285841581359                                                    
a_ia   19   28                                                      0.00198386205858326224                                                    
op      8   26   56   74   26    8   56   74                       -0.01192020695348173717                                                    
a_ia   56   74                                                     -0.00120341434219034212                                                    
op     65   85   68   87   65   68   87   85                       -0.00843911207083443415                                                    
mvp2   17   40   65   85   40   17   65   85                        0.00569729775684840213    0.46932804791855126103                          
a_ia   65   85                                                     -0.01170490817644024087                                                    
a_ia   17   40                                                     -0.00239593169729715666                                                    
om     20   25   64   73   25   20   64   73                        0.01468026255785275999                                                    
a_ia   64   73                                                     -0.00137406558398565112                                                    
op     16   33   64   81   33   16   64   81                       -0.00727249872790631212                                                    
a_ia   64   81                                                     -0.00142102294441125848                                                    
a_ia   16   25                                                     -0.00169961594229496105                                                    
a_ia   16   33                                                     -0.00219395995924190563                                                    
a_ia   16   20                                                      0.16560564853719195177                                                    
a_ia   71   75                                                     -0.00071698796035991343                                                    
op     16   29   64   77   29   16   64   77                       -0.00434113308632434487                                                    
a_ia   16   29                                                     -0.00196092394974979904                                                    
a_ia   23   35                                                     -0.00185471860794142137                                                    
a_ia   64   77                                                     -0.00187687312972823752                                                    
om     16   32   64   80   32   16   64   80                       -0.00925788028147774521                                                    
a_ia   64   80                                                     -0.00170596253850747613                                                    
a_ia   16   32                                                     -0.00191840257244522278                                                    
om     16   32   64   81   32   16   64   81                       -0.00722983986309987461                                                    
a_ia   66   80                                                     -0.00125922839885745015                                                    
op     22   35   70   82   35   22   70   82                        0.00551664916688919624                                                    
a_ia   23   31                                                      0.00015882511075074413                                                    
a_ia   71   72                                                     -0.00616377960621845335                                                    
om     16   33   64   80   33   16   64   80                       -0.00711412336196870238                                                    
a_ia   25   29                                                     -0.10192741542834062030                                                    
a_ia   67   74                                                      0.00262953025365975654                                                    
a_ia    8   26                                                     -0.00128110347278039731                                                    
om     16   33   64   77   33   16   64   77                       -0.00435550241277567543                                                    
om      8   26   56   76   26    8   56   76                       -0.00597956215126435424                                                    
a_ia   67   76                                                      0.00158159357569227950                                                    
a_ia   63   76                                                      0.00085846151621365009                                                    
om     19   27   67   75   27   19   67   75                       -0.00674993554522381259                                                    
a_ia   67   75                                                     -0.00283269631470585903                                                    
a_ia   67   73                                                      0.00392203841566327299                                                    
om     19   25   67   73   25   19   67   73                       -0.00439337533716009990                                                    
om     20   25   67   73   25   20   67   73                        0.00038608882843251663                                                    
a_ia   20   25                                                     -0.00107142980062873414                                                    
op      8   28   56   74   28    8   56   74                       -0.00597598543500628063                                                    
op      6   28   54   76   28    6   54   76                       -0.00920710377593157540                                                    
op     18   28   54   76   28   18   54   76                       -0.00042991358268458908                                                    
a_ia   71   73                                                      0.00377990037358593399                                                    
a_ia   18   28                                                      0.00012743818437443589                                                    
om     20   25   63   73   25   20   63   73                       -0.00089904463666914632                                                    
a_ia   19   20                                                     -0.27322276040820220322                                                    
a_ia   63   73                                                      0.00194083764086593665                                                    
a_ia   72   73                                                     -0.14732566924716306023                                                    
op     18   25   68   73   25   18   68   73                        0.00512448333549163967                                                    
a_ia   67   68                                                     -0.28690655513737672866                                                    
a_ia   18   25                                                     -0.00154207284597354059                                                    
a_ia   18   20                                                     -0.20318966617964936971                                                    
op     15   25   68   73   25   15   68   73                       -0.00277223451224086360                                                    
a_ia   15   25                                                      0.00176545755864826698                                                    
mvp2   20   25   68   81   25   20   68   81                       -0.00277426842401960142    0.09234744043600867647                          
mvp2   20   33   68   73   33   20   68   73                       -0.01533564983706733366   -0.05900679703457072101                          
om     16   32   64   77   32   16   64   77                       -0.00432312850648221367                                                    
op     20   25   68   73   25   20   68   73                        0.00461584413330494436                                                    
a_ia   19   33                                                      0.00372659178058206125                                                    
mvp2   20   31   68   73   31   20   68   73                       -0.01315053276709246544   -0.09287215609711479969                          
a_ia   72   81                                                     -0.16239908973097361145                                                    
a_ia   73   81                                                      0.17180557951272465433                                                    
mvp2   20   33   67   81   33   20   67   81                        0.00368542813530741125    0.31885119567233899396                          
a_ia   67   68                                                     -0.04171535966104769622                                                    
mvp2   20   33   71   72   33   20   71   72                       -0.00883622666191729092   -0.02146420623466897479                          
a_ia   19   32                                                     -0.00102535760308147144                                                    
a_ia   63   81                                                     -0.00186208840449189139                                                    
a_ia   68   72                                                      0.00476052006352587018                                                    
mvp3   68   72   71   81   68   71   81   72   68   71   72   81    0.00884396410063321634   -0.02678126336554708525   -0.10288520345541414536
om     20   33   71   81   33   20   71   81                        0.00520610981468607337                                                    
mvp2   20   31   71   72   31   20   71   72                       -0.00828287087482286292   -0.12162627599531503075                          
mvp2   17   38   65   85   38   17   65   85                       -0.00424182785536468109   -0.41884419969112496318                          
om     22   35   70   78   35   22   70   78                        0.00631687432019778679                                                    
om     22   30   70   78   30   22   70   78                       -0.00536853754829413454                                                    
op      2   28   50   76   28    2   50   76                       -0.00587399848378199023                                                    
op      6   28   50   76   28    6   50   76                        0.00477144099235164969                                                    
op      6   28   53   76   28    6   53   76                       -0.00341497179588337368                                                    
op      9   28   57   76   28    9   57   76                       -0.00313089869730692402                                                    
om      2   28   54   76   28    2   54   76                        0.00509181066259525861                                                    
mvp2   17   37   65   86   37   17   65   86                       -0.00563201205071845509    0.44649218843943105917                          
op     17   38   65   86   38   17   65   86                       -0.00313538054869170850                                                    
mvp2   20   33   67   72   33   20   67   72                       -0.00273170078895171916   -0.00279344841181077691                          
mvp2   19   33   67   72   33   19   67   72                       -0.00137961070867826654   -0.01596111711140259931                          
mvp2   20   24   68   73   24   20   68   73                       -0.00518344155065436109   -0.04234819265798538818                          
a_ia   20   24                                                      0.00537634417808879189                                                    
a_ia   24   25                                                     -0.17470718141443439264                                                    
a_ia   24   33                                                     -0.16903345361031055227                                                    
a_ia   19   33                                                     -0.00412398472672508357                                                    
op      9   28   54   76   28    9   54   76                        0.00225876480370644549                                                    
op      5   28   54   76   28    5   54   76                       -0.00306959620892834377                                                    
op      5   28   53   76   28    5   53   76                       -0.00224812009826301767                                                    
a_ia   63   68                                                     -0.11567775589423498483                                                    
op     17   38   65   88   38   17   65   88                        0.00255770253083143634                                                    
a_ia   63   67                                                     -0.07725320074463379316                                                    
om     16   29   64   80   29   16   64   80                       -0.00406603404098938859                                                    
op      5   28   50   76   28    5   50   76                        0.00146888367535893244                                                    
om     22   30   70   82   30   22   70   82                       -0.00445298254417933383                                                    
mvp3   64   85   65   86   64   65   86   85   64   65   85   86    0.00561980694624069407    0.77186434769774969755   -0.40094256559556218367
a_ia   64   82                                                     -0.00092659205811186391                                                    
op     23   29   71   77   29   23   71   77                       -0.00677821614099282776                                                    
mvp2   16   37   65   85   37   16   65   85                        0.00430144872977897275    0.48552565143996995189                          
op     16   37   64   85   37   16   64   85                       -0.00360214709079976960                                                    
a_ia   63   68                                                     -0.08101916899076093415                                                    
a_ia   17   36                                                     -0.00161911350015813684                                                    
mvp2   16   38   65   85   38   16   65   85                       -0.00319106099545471552   -0.39906643884210196704                          
om     16   38   65   86   38   16   65   86                       -0.00223636514171140664                                                    
a_ia   16   38                                                     -0.00038120972361147936                                                    
mvp2    2   25   68   73   25    2   68   73                       -0.00541144639817725537   -0.13616029979268251537                          
a_ia    2   25                                                      0.00246957337303793743                                                    
a_ia   18   20                                                     -0.14507447790145389099                                                    
a_ia   15   20                                                     -0.16534927989912936996                                                    
om     10   25   68   73   25   10   68   73                       -0.00791346841976007034                                                    
om      6   25   54   73   25    6   54   73                       -0.00981356512474917779                                                    
a_ia   54   73                                                      0.00399728101093627802                                                    
a_ia    6   25                                                      0.00442543993565211631                                                    
a_ia   68   74                                                     -0.00150954041513588484                                                    
a_ia   61   73                                                      0.00114317270500738128                                                    
om      2   25   50   73   25    2   50   73                       -0.00718726718147712565                                                    
a_ia   50   73                                                      0.00141771700070716065                                                    
op      2   27   50   75   27    2   50   75                       -0.00617101217288410723                                                    
mvp2   18   24   67   72   24   18   67   72                        0.00101855837774440729   -0.06340452819538029694                          
a_ia   18   24                                                      0.00235448497481795162                                                    
mvp2   20   25   50   73   25   20   50   73                       -0.01210721311862982333    0.08157542986834646903                          
a_ia   56   73                                                     -0.00076277449905212539                                                    
a_ia    2   20                                                     -0.08181960308089007705                                                    
a_ia   20   26                                                     -0.00191808013624206013                                                    
a_ia   22   30                                                      0.00063916042249786303                                                    
a_ia    2   26                                                      0.00005194226180177117                                                    
om     20   25   60   73   25   20   60   73                        0.01026334381646312743                                                    
mvp2   10   24   71   72   24   10   71   72                       -0.01154083430209477089   -0.16937735190191002821                          
a_ia   10   24                                                      0.00413606071979978531                                                    
a_ia   71   72                                                     -0.00761036888098225780                                                    
mvp2   20   25   54   74   25   20   54   74                       -0.00900918180418895306    0.17716418124783300803                          
a_ia   54   74                                                      0.00207633504891562059                                                    
mvp2    6   26   54   74   26    6   54   74                       -0.00472241719927069068   -0.87023181788713377394                          
op      6   27   54   75   27    6   54   75                       -0.00522203372076670592                                                    
a_ia   54   75                                                      0.00095429948462990362                                                    
mvp2   20   25   53   73   25   20   53   73                        0.00679456252672964913   -0.12290524627946591840                          
a_ia   53   73                                                     -0.00118561320663260823                                                    
a_ia   60   74                                                      0.00102380157394284937                                                    
op     20   25   59   73   25   20   59   73                        0.00804625184584350540                                                    
a_ia   19   31                                                     -0.00070861906698772229                                                    
op      3   25   51   73   25    3   51   73                       -0.00604616111952123621                                                    
a_ia   51   73                                                      0.00119748800415854810                                                    
a_ia    3   25                                                      0.00311915321766785590                                                    
a_ia   11   20                                                      0.11661184223288623141                                                    
mvp2   20   25   51   73   25   20   51   73                       -0.00770712866661991090    0.15288267758725995749                          
a_ia   12   20                                                      0.17751836012070001947                                                    
mvp2   20   25   58   73   25   20   58   73                       -0.00437189344659071749    0.02642699873337033684                          
a_ia    3   20                                                     -0.14170087134044065391                                                    
op     15   24   71   72   24   15   71   72                       -0.00935372037288345094                                                    
a_ia   15   33                                                     -0.00142860843595700080                                                    
mvp2   19   24   53   72   24   19   53   72                        0.00441292254589689160   -0.14106291630001230319                          
a_ia   18   19                                                     -0.11142996215705434915                                                    
a_ia   51   73                                                      0.00151867334561584313                                                    
mvp2   10   29   67   72   29   10   67   72                        0.00758671962290171677    0.14273528882394756478                          
mvp2   15   29   67   72   29   15   67   72                        0.00546587625371969168    0.05125367117212571016                          
om     22   30   70   80   30   22   70   80                       -0.00472427498030265295                                                    
om     16   39   64   87   39   16   64   87                       -0.00302945153827421845                                                    
op     22   38   70   86   38   22   70   86                       -0.00397341566202754314                                                    
om      6   24   54   72   24    6   54   72                       -0.00633121436111985965                                                    
a_ia    6   24                                                     -0.00215082841803124637                                                    
a_ia   54   72                                                     -0.00168670405751717724                                                    
a_ia    2   24                                                     -0.00163721495261818020                                                    
a_ia   69   72                                                     -0.00288033519106384913                                                    
a_ia    8   24                                                      0.00100130497011366947                                                    
a_ia   18   19                                                     -0.05973872967249054672                                                    
a_ia   53   67                                                      0.13977546046370920019                                                    
a_ia   19   21                                                      0.16026477508288963780                                                    
mvp2   19   24   58   72   24   19   58   72                        0.00042685209678253270    0.21250235214832791097                          
mvp2   10   29   58   77   29   10   58   77                       -0.00634888517526511174    0.71037829708651323291                          
a_ia   53   77                                                     -0.00070516941982888006                                                    
a_ia   50   72                                                     -0.00102289707175361026                                                    
a_ia    6   27                                                      0.00091584549869638040                                                    
om     19   24   59   72   24   19   59   72                        0.01016495522458800774                                                    
mvp2   19   24   61   72   24   19   61   72                       -0.00986527312510359147    0.14494931556347812052                          
a_ia   61   72                                                     -0.00127649444375258761                                                    
op      3   24   51   72   24    3   51   72                       -0.00588985346637272041                                                    
a_ia    3   24                                                     -0.00305480298105797066                                                    
a_ia   51   72                                                     -0.00283122905182530814                                                    
a_ia   57   73                                                     -0.00049458071326829924                                                    
mvp2   19   24   51   72   24   19   51   72                        0.01025141581158886366   -0.16487390642172869426                          
a_ia   61   75                                                     -0.00076905874287435609                                                    
a_ia   20   25                                                     -0.00206138781479775967                                                    
om     10   29   59   77   29   10   59   77                       -0.00679972662703691184                                                    
a_ia   58   67                                                     -0.23227596792042951024                                                    
mvp2   10   29   63   77   29   10   63   77                       -0.00364767992645367422    0.66412372176247502775                          
om     11   29   59   77   29   11   59   77                       -0.00809838469951068389                                                    
a_ia   54   77                                                      0.00103411886066773337                                                    
op     11   29   58   77   29   11   58   77                       -0.00663192315471253322                                                    
om      2   29   50   77   29    2   50   77                       -0.00228126495615111214                                                    
op     12   29   60   77   29   12   60   77                       -0.00793269742504714055                                                    
a_ia   13   25                                                      0.00049957415508008584                                                    
op      0   24   48   72   24    0   48   72                       -0.00659934421443019673                                                    
op      5   24   48   72   24    5   48   72                        0.00610777601124634292                                                    
a_ia    5   24                                                      0.00076726085346466545                                                    
a_ia    3   19                                                      0.13116086839110965845                                                    
mvp2   19   24   48   72   24   19   48   72                       -0.00843419604780637489    0.10507849012076973805                          
a_ia   48   72                                                      0.00124205185536577873                                                    
a_ia   13   19                                                     -0.17097026313435292888                                                    
a_ia   72   73                                                     -0.08861831534621700257                                                    
