op     33   34  101  102   34   33  101  102                       -0.07122392161354172690                                                    
op     33   34  101  104   34   33  101  104                       -0.01698000157194988480                                                    
op     33   36  101  104   36   33  101  104                       -0.06031163925519732183                                                    
a_ia  101  104                                                     -0.00169281443891955105                                                    
a_ia   33   34                                                      0.00030340501897843951                                                    
op     29   35   97  103   35   29   97  103                       -0.06171604590414817015                                                    
a_ia   97  103                                                     -0.00531804486417540839                                                    
op     30   34   98  102   34   30   98  102                       -0.01546905748209905125                                                    
op     27   34   95  102   34   27   95  102                       -0.03404819888115059867                                                    
a_ia   95  102                                                      0.00464173105517759910                                                    
op     32   36  100  104   36   32  100  104                       -0.00551096487039506693                                                    
op     32   38  100  104   38   32  100  104                        0.03609274230058345800                                                    
op     32   38  100  106   38   32  100  106                       -0.04839810724093642630                                                    
op     32   36  100  106   36   32  100  106                        0.00391964736318404106                                                    
op     32   38  100  105   38   32  100  105                       -0.04830305130189806173                                                    
op     30   34   98  104   34   30   98  104                       -0.00465585298102813485                                                    
op     30   36   98  104   36   30   98  104                       -0.00830856898529459820                                                    
op     30   36   98  102   36   30   98  102                       -0.02503407446007895401                                                    
a_ia   97  106                                                     -0.00109506612195177269                                                    
op     31   34   99  102   34   31   99  102                       -0.01011251206577540133                                                    
a_ia  103  105                                                     -0.26530807027853342550                                                    
op     32   37  100  106   37   32  100  106                       -0.00167386190089057916                                                    
op     32   36  100  105   36   32  100  105                        0.00397941615925562035                                                    
a_ia   36   38                                                     -0.07596248368573395304                                                    
op     32   37  100  105   37   32  100  105                       -0.00358098396889180168                                                    
a_ia  103  106                                                      0.14044001937375114042                                                    
op     30   35   98  104   35   30   98  104                       -0.00013853658682886282                                                    
a_ia   98  102                                                      0.00340191315170977615                                                    
a_ia   30   34                                                     -0.00023364577222024995                                                    
op     33   36  101  102   36   33  101  102                       -0.11546029323975354197                                                    
a_ia   33   36                                                     -0.01032501448187676286                                                    
a_ia  100  101                                                     -0.29467740068772430018                                                    
a_ia   32   33                                                     -0.24049546460029794237                                                    
om     29   35   97  104   35   29   97  104                       -0.00642038172688266708                                                    
op     33   36  101  106   36   33  101  106                       -0.01715010901673726454                                                    
a_ia  101  106                                                     -0.00380843757365687419                                                    
a_ia  101  102                                                     -0.00097869188121985887                                                    
a_ia   36   38                                                      0.32363656622282593878                                                    
op     32   40  100  108   40   32  100  108                       -0.00657252932400898427                                                    
a_ia  102  103                                                      0.02140628484099158998                                                    
a_ia   34   35                                                      0.07400691918017844595                                                    
a_ia   29   34                                                      0.00167382410812581383                                                    
op     31   36   99  104   36   31   99  104                       -0.00553296718271464958                                                    
a_ia   35   36                                                      0.12333262032603756198                                                    
op     31   34   99  104   34   31   99  104                        0.01471837903573311110                                                    
a_ia   97  105                                                      0.00018147708898243628                                                    
om     29   37   97  103   37   29   97  103                        0.02344352726620753044                                                    
a_ia  102  106                                                      0.14124360520784484674                                                    
op     29   44   97  112   44   29   97  112                       -0.01692241326080220001                                                    
op     29   43   97  112   43   29   97  112                       -0.01043495441719533706                                                    
a_ia   97  112                                                     -0.00173945930941764651                                                    
op     29   44   97  103   44   29   97  103                       -0.02265673628371035059                                                    
op     29   43   97  111   43   29   97  111                       -0.01130021293452632830                                                    
op     29   44   97  111   44   29   97  111                       -0.01972282838413366365                                                    
a_ia   37   38                                                     -0.54303816349547850972                                                    
mvp2   33   34   98  102   34   33   98  102                        0.00646610824952019003    0.13121987757599534730                          
mvp2   33   34   98  104   34   33   98  104                        0.00300605891796887391    0.04404472788258322058                          
mvp2   33   36   98  104   36   33   98  104                        0.00098622843939169948   -0.04248223798722677857                          
om     30   34  101  102   34   30  101  102                        0.00291815942517739896                                                    
a_ia   30   34                                                      0.00110219304399302494                                                    
a_ia   30   36                                                      0.00014478158142448966                                                    
mvp2   33   36   95  102   36   33   95  102                       -0.02703225458516552576    0.73736349054127392488                          
mvp2   30   36  101  102   36   30  101  102                        0.00743552740063372145   -0.00362961109687301529                          
om     33   38   95  102   38   33   95  102                       -0.01074586917308632990                                                    
om     33   36   98  102   36   33   98  102                        0.00666302779792392764                                                    
om     29   43   97  103   43   29   97  103                       -0.01501778999296393344                                                    
a_ia  103  112                                                      0.28296886266126586307                                                    
mvp2   27   38   95  102   38   27   95  102                        0.00511521053642070844   -0.05135594366486852247                          
a_ia   30   33                                                      0.37415753255167366609                                                    
a_ia   98  101                                                      0.36050785610308366813                                                    
a_ia   34   37                                                     -0.20294717955221572292                                                    
om     27   36   95  102   36   27   95  102                        0.00583413188611523869                                                    
om     27   38   95  106   38   27   95  106                       -0.00776163961359848005                                                    
op     27   34   95  106   34   27   95  106                        0.03219343539628785611                                                    
mvp2   27   34  101  106   34   27  101  106                       -0.01627888957422018307   -0.28733863912793472517                          
a_ia   27   34                                                     -0.00337200553962903977                                                    
op     31   35   99  104   35   31   99  104                        0.00407266013463575272                                                    
mvp2   27   36   95  104   36   27   95  104                       -0.01709660932995066968    0.80076815140584323149                          
mvp2   27   34  101  104   34   27  101  104                       -0.02643994627396244884   -0.31450321795110502965                          
op     27   34   95  104   34   27   95  104                        0.04071489742216648916                                                    
op     31   35   99  105   35   31   99  105                        0.00537072083057469826                                                    
op     29   40   97  108   40   29   97  108                       -0.00281818844673212190                                                    
op     31   36   99  102   36   31   99  102                        0.00302350918665981018                                                    
op     27   38   95  104   38   27   95  104                       -0.00698452612524587835                                                    
op     31   43   99  111   43   31   99  111                       -0.01843725344606170907                                                    
a_ia   30   31                                                      0.08611606273458444205                                                    
op     31   39   99  107   39   31   99  107                       -0.01485859585495931216                                                    
op     32   39  100  107   39   32  100  107                       -0.00484262928591053157                                                    
a_ia   99  100                                                      0.14368735280853456304                                                    
a_ia   31   32                                                      0.40363821133394145457                                                    
op     31   44   99  112   44   31   99  112                       -0.00810926222162360912                                                    
mvp3   29   43   31   44   29   31   44   43   29   31   43   44   -0.02184234447331304813    0.26593776858878181990   -0.58400453701507937243
mvp2   29   43   99  111   43   29   99  111                        0.01123993127784973095   -0.46517709193173761850                          
mvp2   29   44   99  111   44   29   99  111                        0.02218921232770529328   -0.11162056662697181220                          
a_ia  102  105                                                      0.00183230477018437817                                                    
mvp2   29   44   99  112   44   29   99  112                       -0.00931742234813042781    0.37995732263234005543                          
mvp3   29   43   32   44   29   32   44   43   29   32   43   44   -0.00843342259578087547    0.09463419120153084008   -0.42700833336830495979
a_ia   29   33                                                      0.11292046280637808853                                                    
a_ia   32   33                                                     -0.06111269532725989440                                                    
mvp2   27   35   95  102   35   27   95  102                        0.00754021127090164639   -0.06170141155071178635                          
a_ia  102  104                                                      0.38169486379809086651                                                    
a_ia   27   35                                                     -0.00495616217737353086                                                    
mvp2   27   34   93  102   34   27   93  102                        0.00055636189207687245    0.07395052888757269738                          
a_ia  101  104                                                     -0.00768579866705432647                                                    
mvp2   29   44  100  111   44   29  100  111                        0.00456675417489397183   -0.24865885448980074024                          
mvp2   29   34   95  102   34   29   95  102                        0.01251429904319338073    0.25156331403366255506                          
mvp2   29   35   95  105   35   29   95  105                        0.01200645457738388350   -0.21585190473286972046                          
mvp2   31   45   97  112   45   31   97  112                        0.00310098503652256156    0.22802485662091667717                          
mvp2   25   34   95  102   34   25   95  102                        0.00251993851428400839    0.00613726750835892100                          
om     29   35   96  103   35   29   96  103                       -0.01811981208081695632                                                    
a_ia  103  104                                                     -0.40988673294304062145                                                    
mvp2   29   35   95  103   35   29   95  103                       -0.01818890208305235304    0.15405872511141416314                          
mvp2   29   35   93  103   35   29   93  103                        0.00764554735018763403   -0.06679732017448442027                          
a_ia   93   95                                                      0.33010103228340947901                                                    
a_ia   93  103                                                      0.00182360730484507853                                                    
a_ia   93  104                                                     -0.00255519073910017314                                                    
om     27   35   95  103   35   27   95  103                       -0.01200961376397383096                                                    
a_ia   95  103                                                     -0.00242391637221294094                                                    
a_ia   25   38                                                      0.00153676043931132980                                                    
a_ia   25   35                                                      0.00109687843637599688                                                    
a_ia   25   27                                                      0.35736889349210565481                                                    
mvp2   32   45   99  111   45   32   99  111                       -0.00483667760384523873   -0.38488400535609884612                          
a_ia   99  100                                                      0.27685568105053204313                                                    
mvp2   31   43   99  113   43   31   99  113                       -0.00917856884881483939    0.41473699147164183598                          
om     31   45   99  113   45   31   99  113                       -0.00425472835976076040                                                    
mvp2   31   43  100  113   43   31  100  113                       -0.00790225107009298253    0.36857527650460775170                          
a_ia   99  112                                                      0.00125692870198696924                                                    
a_ia   43   45                                                      0.24957008186818777085                                                    
op     31   40   99  108   40   31   99  108                       -0.00448323596534576634                                                    
op     31   41   99  109   41   31   99  109                       -0.00433142731236318707                                                    
op     31   47   99  115   47   31   99  115                       -0.00448051155242273815                                                    
mvp2   31   43   99  115   43   31   99  115                       -0.00648857810984659715    0.41752757083989544551                          
a_ia   42   43                                                     -0.25206654826544655501                                                    
mvp2   32   45  100  113   45   32  100  113                       -0.00366987458973099673    0.14655553252375300155                          
op     31   46   99  114   46   31   99  114                       -0.00225278764069018148                                                    
op     18   37   86  105   37   18   86  105                       -0.01216719402366905380                                                    
op     18   37   92  105   37   18   92  105                       -0.00474519558701460512                                                    
op     18   37   89  105   37   18   89  105                        0.00438165378064471131                                                    
op     18   40   86  108   40   18   86  108                       -0.01429851957786481761                                                    
a_ia  104  108                                                      0.07704036768076834296                                                    
a_ia   18   40                                                     -0.00084244765589873763                                                    
op     18   39   86  108   39   18   86  108                        0.00733073586891874567                                                    
a_ia   18   39                                                      0.00151276699459856781                                                    
a_ia   86  108                                                     -0.00102366341583939088                                                    
om     18   39   86  107   39   18   86  107                       -0.00632589920116094755                                                    
a_ia  101  108                                                      0.00159808749482537446                                                    
om     18   40   86  107   40   18   86  107                        0.00739437754288363360                                                    
a_ia   86  107                                                      0.00143953322896916806                                                    
a_ia   86  106                                                      0.00150084681887775327                                                    
op     18   41   86  109   41   18   86  109                       -0.00674265161886896010                                                    
a_ia   86  109                                                     -0.00162882084743904668                                                    
a_ia   18   41                                                     -0.00150539760357716905                                                    
a_ia   18   44                                                     -0.00038148190487185331                                                    
op     18   46   86  114   46   18   86  114                       -0.00605663300129256118                                                    
a_ia   86  114                                                     -0.00185711388849044948                                                    
a_ia   18   46                                                     -0.00189329854898450203                                                    
a_ia   86  112                                                     -0.00036282271446095194                                                    
a_ia   86   97                                                     -0.13047912855330931481                                                    
op     32   46  100  114   46   32  100  114                       -0.00667911451874285758                                                    
a_ia   18   45                                                      0.00024193579777282508                                                    
op     18   48   86  116   48   18   86  116                       -0.00498799528401541129                                                    
a_ia   18   42                                                     -0.00127003251629630881                                                    
a_ia   18   48                                                      0.00078266097873831199                                                    
om     18   42   86  110   42   18   86  110                       -0.00471218515859523658                                                    
a_ia   86  110                                                     -0.00137545564190691806                                                    
a_ia   28   36                                                      0.00004555940127432100                                                    
a_ia   89  105                                                      0.00078376621256539343                                                    
a_ia   27   36                                                      0.00142770308450808434                                                    
a_ia   25   36                                                     -0.00068503477878518939                                                    
a_ia   97  112                                                      0.00521094599678697135                                                    
a_ia  100  113                                                     -0.00090712461283664280                                                    
a_ia   41   44                                                      0.19819827273510523535                                                    
op     18   61   86  129   61   18   86  129                       -0.00736841833743986062                                                    
op     18   57   86  125   57   18   86  125                       -0.00476649312132936508                                                    
a_ia   18   57                                                     -0.00049934905326063522                                                    
a_ia   86  121                                                      0.00040909111997258448                                                    
op     18   54   86  122   54   18   86  122                       -0.00234611403302855889                                                    
a_ia   33   44                                                      0.00111681633444197202                                                    
a_ia   35   36                                                     -0.43380464480612840328                                                    
op     18   54   86  129   54   18   86  129                        0.00211699872671318847                                                    
a_ia   29   35                                                     -0.00302128351962225108                                                    
op     24   37   92  105   37   24   92  105                       -0.00275732488175733448                                                    
a_ia   97  116                                                     -0.00041617656642971193                                                    
a_ia   97  115                                                     -0.00076036329185433607                                                    
mvp2   29   35   95  104   35   29   95  104                        0.00974047782777399777   -0.04498242446917454646                          
a_ia   95  104                                                      0.00362640870944394610                                                    
op     18   61   86  122   61   18   86  122                        0.00214361516376508328                                                    
op     18   63   86  131   63   18   86  131                       -0.00330463842836062165                                                    
a_ia   18   63                                                      0.00023389898493275310                                                    
a_ia   18   58                                                      0.00050806899018888702                                                    
a_ia   86  124                                                      0.00044210054941777198                                                    
op     18   59   86  127   59   18   86  127                       -0.00190886747496516883                                                    
a_ia   86  131                                                      0.00024439122855916091                                                    
op     18   64   86  132   64   18   86  132                       -0.00208712892826945365                                                    
a_ia   86  126                                                      0.00055398253022196221                                                    
op     18   67   86  135   67   18   86  135                       -0.00190948437673021075                                                    
a_ia   86  128                                                     -0.00029215966983014009                                                    
op     18   65   86  133   65   18   86  133                       -0.00177107479027672674                                                    
mvp2   27   34   88  102   34   27   88  102                        0.00824328671771273717   -0.11381479733992365400                          
a_ia   96  103                                                     -0.00058584559294888421                                                    
a_ia   34   38                                                     -0.26812049850452901456                                                    
a_ia   27   28                                                      0.22108667057222161634                                                    
a_ia   88  105                                                     -0.00208606892744418130                                                    
a_ia   94  105                                                      0.00044039393344166931                                                    
a_ia   95  104                                                      0.00152911972993616469                                                    
a_ia   25   29                                                      0.19259591547300083936                                                    
a_ia   36   38                                                      0.17737394792593152992                                                    
om     29   35   88  103   35   29   88  103                        0.00697879742057212326                                                    
a_ia   88  103                                                      0.00149559352529225515                                                    
a_ia   29   35                                                     -0.00033878599470940672                                                    
a_ia  102  105                                                     -0.14592396545078956116                                                    
mvp2   27   34   84  102   34   27   84  102                        0.00587896469153710143    0.17918013725202183717                          
a_ia   28   29                                                     -0.28978015587824962340                                                    
op     28   40   96  108   40   28   96  108                       -0.00571053692048681481                                                    
mvp2   16   34   84  102   34   16   84  102                       -0.00525529510882172951   -1.14417612727573847486                          
a_ia   27   37                                                     -0.00102545267488936818                                                    
mvp2   16   34   95  102   34   16   95  102                       -0.00410036422192825486   -0.10081435116380794981                          
mvp2   27   37   95  105   37   27   95  105                       -0.00711328103571806734   -0.61590056377475310700                          
mvp2   20   34   95  102   34   20   95  102                        0.00463293940136279281    0.12979050932879307445                          
a_ia   16   37                                                      0.00171144315506160049                                                    
a_ia   16   27                                                     -0.34652930917897972751                                                    
a_ia   84   95                                                     -0.53647114094617420754                                                    
mvp2   23   34   95  102   34   23   95  102                        0.00717068990643783283    0.12629361143234593690                          
a_ia   95  102                                                     -0.00063983481251119053                                                    
a_ia   93  101                                                     -0.00273770694704353335                                                    
om     33   41  101  109   41   33  101  109                       -0.00736739055829958769                                                    
a_ia   27   37                                                      0.00305031358716865812                                                    
mvp2   31   47   97  112   47   31   97  112                        0.00463946186648243018    0.33225819037072812367                          
mvp2   29   35   88  104   35   29   88  104                       -0.00462738217899154487    0.02251490034686450675                          
a_ia   88  104                                                      0.00091994903765701356                                                    
mvp2   29   35   92  103   35   29   92  103                       -0.00811573861382278855    0.05014809164712823175                          
mvp2   16   36   84  102   36   16   84  102                       -0.00675073615809990320   -0.30676352420043151437                          
a_ia   36   37                                                      0.08438555941027281460                                                    
om     16   36   84  104   36   16   84  104                       -0.00524233912174576315                                                    
a_ia  104  105                                                      0.20385106365372607229                                                    
mvp2   16   34   84  104   34   16   84  104                       -0.00259067549322552874    0.18824172008243625354                          
a_ia   16   34                                                      0.00289026896764001204                                                    
a_ia   29   38                                                     -0.00173379497496104667                                                    
mvp2   32   43  100  113   43   32  100  113                       -0.00432906550188568839   -0.09504242337440889365                          
a_ia   43   46                                                      0.12447773172698291255                                                    
a_ia   93  106                                                      0.00089452547015160685                                                    
op     18   64   86  129   64   18   86  129                        0.00263660719337660597                                                    
op     18   59   86  129   59   18   86  129                        0.00175381057094339951                                                    
op     18   61   86  132   61   18   86  132                        0.00268092553239478257                                                    
op     18   61   86  125   61   18   86  125                       -0.00237633462120385216                                                    
a_ia   86  125                                                     -0.00044531359400255452                                                    
op     18   61   86  127   61   18   86  127                        0.00169923681402093770                                                    
op     18   61   86  131   61   18   86  131                       -0.00153923819851698308                                                    
op     18   63   86  132   63   18   86  132                        0.00164665256578736723                                                    
op     31   49   99  117   49   31   99  117                       -0.00157900282439555717                                                    
mvp2   31   47   99  112   47   31   99  112                        0.00418140069503021572    0.10907821559883455753                          
mvp2   27   34   91  102   34   27   91  102                        0.00499859624153063068   -0.03638394238513096429                          
a_ia   84   91                                                     -0.22947075196093472127                                                    
om     18   58   86  129   58   18   86  129                       -0.00189845555643402219                                                    
om     18   58   86  126   58   18   86  126                       -0.00168826310171529695                                                    
op     18   61   86  126   61   18   86  126                       -0.00191858107250392749                                                    
op     20   36   88  104   36   20   88  104                       -0.00320956432930682121                                                    
a_ia   20   37                                                     -0.00162480471537698908                                                    
a_ia   20   27                                                      0.31701784702377849845                                                    
a_ia   20   36                                                      0.00128116562524054544                                                    
mvp2   27   34   84  102   34   27   84  102                       -0.00964760759877896987   -0.14055312237795514196                          
mvp2   20   34   88  104   34   20   88  104                        0.00399906779378960547   -0.23349030801154735393                          
a_ia   34   37                                                     -0.08260378936313050868                                                    
a_ia   20   34                                                     -0.00204548840392719099                                                    
a_ia   34   36                                                     -0.23036236562771483793                                                    
mvp2   16   34   88  104   34   16   88  104                       -0.00465323432682600985    0.09323161887625321109                          
om     20   37   88  105   37   20   88  105                       -0.00304554280247578942                                                    
mvp2   27   34   88  104   34   27   88  104                       -0.00280525906791157702   -0.04245250744943897953                          
op     31   50   99  118   50   31   99  118                       -0.00190991501806983565                                                    
a_ia   31   49                                                      0.00029120901231698560                                                    
a_ia  112  116                                                      0.22587401551062305516                                                    
a_ia   97  116                                                     -0.00113952972309071666                                                    
a_ia   97  112                                                     -0.00452088279536651781                                                    
op     31   53   99  121   53   31   99  121                       -0.00256250564807810992                                                    
a_ia   90   95                                                      0.14267843857493728299                                                    
op     31   51   99  119   51   31   99  119                       -0.00160525171009388021                                                    
op     31   51   99  121   51   31   99  121                       -0.00136061038947134336                                                    
mvp2   16   36  101  104   36   16  101  104                       -0.01039470299785267594    0.04713558936673990785                          
a_ia   92  101                                                      0.03185368835332989812                                                    
a_ia  101  103                                                      0.00171378480649716255                                                    
a_ia  106  109                                                      0.18702213713434348574                                                    
a_ia   98  106                                                     -0.00080793462279559608                                                    
mvp2   16   34  101  102   34   16  101  102                       -0.01005506725965735031    0.02767610941151588816                          
a_ia   84   88                                                     -0.32909473799232108471                                                    
a_ia   84  101                                                     -0.20433570239391121715                                                    
a_ia   84  105                                                      0.00127126852710330402                                                    
om     16   36  101  102   36   16  101  102                       -0.00721886190246931372                                                    
a_ia  101  102                                                     -0.00069576691073593535                                                    
mvp2   27   36  101  102   36   27  101  102                        0.00878559396205229673    0.08259255799118089825                          
op     32   40  100  106   40   32  100  106                        0.00662013115146540664                                                    
a_ia  100  111                                                     -0.00082619124775256618                                                    
mvp2   32   45  100  106   45   32  100  106                        0.00487014789028566812   -0.07862326018766870039                          
a_ia   32   45                                                     -0.00085280886362519407                                                    
op     19   37   87  105   37   19   87  105                       -0.00426208323736109763                                                    
op     21   37   87  105   37   21   87  105                        0.00262583703387778578                                                    
a_ia   23   37                                                     -0.00059173459051442871                                                    
om     18   60   86  125   60   18   86  125                        0.00195113620262451050                                                    
op     18   57   86  129   57   18   86  129                       -0.00233210837477081621                                                    
op     18   67   86  129   67   18   86  129                        0.00118808420949924613                                                    
op     18   57   86  128   57   18   86  128                        0.00193445233234184992                                                    
