op      9   14   33   38   14    9   33   38                       -0.01129781177330920448                                                    
op      9   14   33   40   14    9   33   40                       -0.00647252603295923531                                                    
op     10   14   33   38   14   10   33   38                        0.00123673426228123858                                                    
op      9   22   33   46   22    9   33   46                       -0.04242580929809874890                                                    
op      9   16   33   46   16    9   33   46                        0.01829673282621813862                                                    
op      9   20   33   46   20    9   33   46                       -0.00377520637673634668                                                    
op      9   14   33   46   14    9   33   46                        0.05409391535051663591                                                    
op      9   22   33   40   22    9   33   40                        0.00825270088075071365                                                    
op      4   14   28   38   14    4   28   38                       -0.01982880221863778450                                                    
a_ia   28   38                                                      0.00281623121329509229                                                    
op      4   13   28   37   13    4   28   37                       -0.00197114956536088804                                                    
mvp2    9   22   28   46   22    9   28   46                       -0.00425484356986029644   -0.01386486639819620517                          
op      4   13   27   37   13    4   27   37                        0.00138423369875735483                                                    
op      3   13   27   37   13    3   27   37                       -0.00342371375891172523                                                    
a_ia    4   14                                                     -0.00171152423752316766                                                    
mvp2    4   22   28   46   22    4   28   46                       -0.00037636276931156951   -1.34027019389580193121                          
mvp2    4   22   33   46   22    4   33   46                       -0.01781183878737905776   -0.07108708658540797976                          
op      3   13   28   37   13    3   28   37                        0.00273602383177863877                                                    
a_ia    3   13                                                      0.00689284500175068194                                                    
op      3   21   27   45   21    3   27   45                       -0.01971232150399360866                                                    
op      3   21   27   36   21    3   27   36                        0.00881665855514034320                                                    
op      4   21   27   45   21    4   27   45                        0.01505952146939231080                                                    
op      3   17   27   41   17    3   27   41                       -0.00771297831443882101                                                    
mvp2    3   21   33   46   21    3   33   46                       -0.08387077653251641396   -0.39825999485783897258                          
mvp2   27   45   33   46   27   33   46   45                       -0.05826034327832239207   -0.40913358459486265373                          
a_ia   27   45                                                     -0.00223300770402173020                                                    
mvp2    4   21   33   46   21    4   33   46                        0.03627595156024587819    0.15028071793373432019                          
op      3   19   27   43   19    3   27   43                       -0.00806404003099156670                                                    
op      4   19   27   43   19    4   27   43                        0.00674579384011920764                                                    
op      4   17   27   41   17    4   27   41                        0.00465776824905402356                                                    
op      5   13   29   37   13    5   29   37                       -0.00214656921821168621                                                    
a_ia   36   45                                                      0.04874247229719681773                                                    
op      3   18   27   42   18    3   27   42                       -0.00396878106849815702                                                    
op      4   19   28   43   19    4   28   43                       -0.00487273452204730218                                                    
a_ia    8   14                                                      0.00189099098162668353                                                    
mvp3   28   45   33   46   28   33   46   45   28   33   45   46    0.03527635605928639007    0.47884056335136393479    0.39978527446264167100
op      4   17   28   41   17    4   28   41                       -0.00464617323605961367                                                    
op      3   19   28   43   19    3   28   43                        0.00739712085950787121                                                    
op      3   17   28   41   17    3   28   41                        0.00538584468607695467                                                    
mvp2    3   21   28   46   21    3   28   46                       -0.00237816527459888205    0.03381214893359854590                          
mvp2    3   21   33   45   21    3   33   45                       -0.00433814477588952835   -0.05190927937892812760                          
op      0   13   24   37   13    0   24   37                       -0.00113092899334502842                                                    
op      5   14   29   38   14    5   29   38                       -0.00295039969576341935                                                    
op      4   18   28   42   18    4   28   42                       -0.00554449519277012363                                                    
mvp2    3   21   29   45   21    3   29   45                       -0.02172881924350442140    0.21802985343592851120                          
op      3   17   29   41   17    3   29   41                       -0.00517355083173301825                                                    
op      5   17   29   41   17    5   29   41                       -0.00249406745465276681                                                    
mvp2    5   21   29   45   21    5   29   45                       -0.00498922636434411763   -0.12632404842562927616                          
op      1   14   25   38   14    1   25   38                       -0.01010733553949825711                                                    
op      0   14   24   38   14    0   24   38                       -0.00451176131503934312                                                    
op      0   21   24   45   21    0   24   45                       -0.01422206226049673589                                                    
op      0   12   24   45   12    0   24   45                        0.00714274296432606225                                                    
a_ia   12   21                                                      0.14685522957764909902                                                    
op      0   12   24   36   12    0   24   36                       -0.01065789833807074052                                                    
op      0   19   24   43   19    0   24   43                       -0.00385167229512552991                                                    
op      0   19   24   36   19    0   24   36                       -0.00014203915177673696                                                    
op      0   12   24   43   12    0   24   43                       -0.00866136859542818507                                                    
op      0   17   24   41   17    0   24   41                       -0.00430655167045954773                                                    
op      0   22   24   46   22    0   24   46                       -0.00723230651892584411                                                    
op      0   23   24   47   23    0   24   47                       -0.01210035876534952537                                                    
mvp2    0   23   33   46   23    0   33   46                       -0.04834679219632895958   -0.99772850345751373791                          
mvp3   24   46   33   47   24   33   47   46   24   33   46   47    0.02217847847484533119    0.53524766774141574466   -0.31397619425691203343
a_ia    0    3                                                      0.03853913406893931526                                                    
om      0   23   28   46   23    0   28   46                       -0.00603804764612598036                                                    
a_ia    4    9                                                     -0.39235213781011279988                                                    
a_ia   24   33                                                      0.13934845434749434934                                                    
mvp2    3   21   24   43   21    3   24   43                       -0.01958558182127004971    0.53404616939071181125                          
mvp2    3   21   24   36   21    3   24   36                       -0.01650782549359406520    0.24882796264563655786                          
mvp3    0   19    3   21    0    3   21   19    0    3   19   21   -0.00461790944336534434   -0.17058001908152162218    0.04080980996943500694
mvp3    0   12    3   21    0    3   21   12    0    3   12   21   -0.00025481432701801002   -0.23955921290266124490    0.00361924571900975461
a_ia   29   33                                                      0.07491413302006300068                                                    
op      5   23   29   47   23    5   29   47                       -0.00577929380191613898                                                    
mvp2    9   23   33   47   23    9   33   47                       -0.00610239531188650625   -0.12157961486355342573                          
mvp2    3   12   24   36   12    3   24   36                        0.01032474898453363682   -0.13616608270729657626                          
a_ia   24   36                                                      0.00344246352652791653                                                    
op      0   21   24   36   21    0   24   36                       -0.00016431342803559603                                                    
a_ia    3   19                                                      0.00128244255076278169                                                    
om      3   19   24   41   19    3   24   41                        0.00475114134888179624                                                    
mvp2    3   17   24   43   17    3   24   43                        0.00548158458548304688    0.24030555354209565122                          
op      6   14   30   38   14    6   30   38                       -0.00262032130828321981                                                    
a_ia    6   14                                                     -0.00627550911274965453                                                    
a_ia   37   45                                                     -0.10514541086921214141                                                    
mvp2    3   12   24   43   12    3   24   43                        0.01066187570898232545    0.55456634337931531853                          
mvp2    3   12   24   45   12    3   24   45                       -0.01653898894800817643    0.77814000501021529654                          
mvp2    3   13   27   45   13    3   27   45                        0.00137383836285133150    0.11268199147645560632                          
a_ia   12   17                                                      0.40700085573036365316                                                    
a_ia   36   41                                                      0.45690952581937260835                                                    
mvp2    5   21   27   45   21    5   27   45                        0.00706791539982946221    0.31211733966091126380                          
a_ia    3   13                                                      0.00021179751001159945                                                    
a_ia   41   45                                                      0.13437471527074190680                                                    
mvp2    5   17   27   43   17    5   27   43                       -0.00570834192112235506   -0.05489053851578670762                          
a_ia    3    5                                                      0.64159808615666147347                                                    
a_ia   27   43                                                      0.02325488960150726148                                                    
mvp2    0   17   27   43   17    0   27   43                        0.00708431447174052379   -0.00284928652677855256                          
a_ia   12   19                                                      0.36399566135226796293                                                    
a_ia   36   45                                                      0.43484157536397383126                                                    
a_ia    5   21                                                      0.00222011074598207642                                                    
a_ia    0    3                                                     -0.03375743551411809068                                                    
mvp2    3   21   24   45   21    3   24   45                        0.00314515712076902368    0.22595060438768821420                          
mvp2    0   23   29   44   23    0   29   44                       -0.03265801267238532812    0.57034280722724495227                          
mvp2    0   23   33   44   23    0   33   44                        0.00034045570830905754    0.04808349685581989053                          
mvp2    3   21   32   44   21    3   32   44                       -0.01218743576097097367    0.51339054202086864542                          
a_ia   24   32                                                     -0.23268872012680369421                                                    
a_ia   41   44                                                      0.29483496904740347233                                                    
a_ia   44   45                                                     -0.03043334696509818540                                                    
a_ia   12   13                                                      0.06704689181656377228                                                    
a_ia   32   44                                                      0.00131059061822336696                                                    
mvp2    5   21   24   45   21    5   24   45                        0.00089863899225006358   -0.21497846590102498432                          
a_ia    7   14                                                      0.00259092014915264035                                                    
mvp2    0   23   29   46   23    0   29   46                        0.00022848115671002660    0.02133301264066287187                          
mvp2    0   23   32   42   23    0   32   42                        0.01835077485893173155   -0.34679336758413009667                          
mvp2    0   23   29   42   23    0   29   42                        0.01836154491786551324   -0.36022278242690081163                          
mvp2    0   23   24   47   23    0   24   47                       -0.00672448181511956650    0.56441517260770168729                          
a_ia   42   47                                                     -0.14247970599823792104                                                    
a_ia   24   29                                                     -0.11251075723867853817                                                    
a_ia   24   47                                                      0.00210169609097688587                                                    
a_ia   33   42                                                      0.00130810615304696731                                                    
mvp2    5   20   24   47   20    5   24   47                       -0.00867688318839903924   -0.71390902808195944029                          
mvp2    8   20   32   44   20    8   32   44                       -0.00895939001684443320   -0.02902234848513647603                          
mvp2    8   20   29   44   20    8   29   44                       -0.01051879503972326727   -0.42810963700214621497                          
a_ia    8   20                                                      0.00085335901495217962                                                    
mvp2    5   18   24   47   18    5   24   47                        0.00627240913734605950    0.53570104481859437406                          
mvp2    9   16   33   40   16    9   33   40                       -0.00258226098929574370    0.98800511764927445579                          
a_ia   28   33                                                     -0.10271351762264535612                                                    
mvp2    0   23   24   47   23    0   24   47                       -0.00041402608010235591    0.20235418328162962931                          
mvp2    8   18   24   47   18    8   24   47                        0.00588886347688056741    0.38918138742146768383                          
a_ia    8   22                                                     -0.00136903091479832284                                                    
a_ia   29   45                                                     -0.00027216359553525150                                                    
a_ia   22   23                                                      0.11954730675928210148                                                    
a_ia   42   46                                                     -0.04349875641162746776                                                    
mvp3   28   42   33   46   28   33   46   42   28   33   42   46    0.00168188108740182176    0.06943549201055701503    0.27558938769902707744
mvp2    3   17   27   43   17    3   27   43                       -0.00264805255861804258    0.04324129957221808929                          
mvp2    0   13   27   37   13    0   27   37                       -0.00579235195778946693   -0.44437060312185194810                          
a_ia    0   13                                                     -0.00100512938200881586                                                    
a_ia   37   43                                                     -0.27527438481417609850                                                    
a_ia   13   21                                                     -0.94393432707936342219                                                    
a_ia    3   12                                                     -0.00201999766583455670                                                    
mvp2    0   21   27   37   21    0   27   37                       -0.00556932909302193524   -0.02077415552718187702                          
om      0   21   27   43   21    0   27   43                       -0.00439119187748588519                                                    
a_ia   27   43                                                     -0.02128840838254886236                                                    
mvp2    0   13   27   45   13    0   27   45                       -0.00455076386953481848   -0.08181075320572894771                          
a_ia   32   43                                                      0.00160732021653691836                                                    
a_ia   27   32                                                     -0.04861077682974429548                                                    
a_ia    0   20                                                      0.00174961810995998782                                                    
a_ia    0   13                                                      0.00223973440924687527                                                    
mvp2   10   22   24   47   22   10   24   47                        0.00243634613251763298    0.12869272600277620322                          
a_ia    5    9                                                      0.17659045476202761549                                                    
a_ia    3   12                                                      0.00193796545821343555                                                    
a_ia    5   16                                                      0.00768524054074574622                                                    
a_ia    5   15                                                     -0.00043303534566151896                                                    
a_ia    4    5                                                      0.09323816331961432002                                                    
mvp2    0   13   29   45   13    0   29   45                       -0.00318334187170185795   -0.05098743146344436594                          
a_ia   32   37                                                      0.00132511265827219568                                                    
mvp2    8   16   33   46   16    8   33   46                       -0.00638773004883315485   -0.27653305224073598811                          
a_ia    9   16                                                     -0.00651721599005575507                                                    
mvp2    0   13   27   43   13    0   27   43                       -0.00583052466268364593   -0.01510496946053011165                          
mvp2    5   16   33   46   16    5   33   46                       -0.00906469538907140812   -0.43369799393389130149                          
a_ia    5    9                                                     -0.19673016670803625261                                                    
a_ia    8   16                                                      0.00214897275164164722                                                    
a_ia    5   16                                                     -0.00326764524433963491                                                    
mvp2    3   14   27   38   14    3   27   38                       -0.01370508345535182901   -0.48398817005233996102                          
a_ia    3   14                                                     -0.00285891164963755556                                                    
a_ia   27   35                                                     -0.07229711766462862399                                                    
mvp2    0   12   24   37   12    0   24   37                       -0.00175029525078566634   -0.18514311753593648557                          
a_ia   24   44                                                      0.00042517949308219793                                                    
a_ia    0   12                                                      0.00439817364677318363                                                    
mvp2    0   20   24   44   20    0   24   44                       -0.00281905020263498608    0.36615622192085062192                          
a_ia   29   37                                                      0.00330837539540704056                                                    
a_ia   37   45                                                     -0.62674168802171559278                                                    
a_ia   36   47                                                     -0.22703479978088206281                                                    
a_ia    9   16                                                      0.00529010402492441096                                                    
a_ia    5    8                                                      0.19549595598405622443                                                    
mvp2    0   12   24   47   12    0   24   47                       -0.00937847808912587420   -0.50490917249082833962                          
a_ia   12   20                                                      0.12644482360432085510                                                    
a_ia   36   42                                                     -0.19148110693763098489                                                    
a_ia   18   22                                                      0.33686403601160486154                                                    
op      3   14   25   38   14    3   25   38                       -0.00764743274077962949                                                    
a_ia   27   34                                                      0.11128605846904587873                                                    
a_ia    3   11                                                     -0.07728277600992077001                                                    
om      1   14   27   38   14    1   27   38                       -0.00731329937818187004                                                    
a_ia    1   14                                                     -0.00124775305094723069                                                    
a_ia    1    3                                                     -0.01134257198235088041                                                    
a_ia   25   27                                                     -0.00845725678725229787                                                    
op      9   23   24   46   23    9   24   46                       -0.00579844736269652557                                                    
a_ia    9   18                                                      0.00118968978480798147                                                    
a_ia   24   46                                                      0.00032449510737800834                                                    
a_ia   15   16                                                     -0.41810943756350121836                                                    
mvp2    9   22   33   46   22    9   33   46                       -0.01071315357310351039   -0.26850981268924895007                          
mvp2    9   21   29   45   21    9   29   45                       -0.00133084750604404653   -0.01517593291704322743                          
a_ia   29   47                                                      0.00192305392643051833                                                    
a_ia    9   20                                                     -0.00190818476316008357                                                    
a_ia   37   47                                                     -0.20443312104244704130                                                    
mvp2    9   21   33   45   21    9   33   45                       -0.00483166747744604407    0.03620803665975329960                          
a_ia   33   37                                                      0.00488799296951871950                                                    
a_ia   36   46                                                      0.15729954836716514288                                                    
mvp2    0   12   33   38   12    0   33   38                        0.01245007269896463396   -0.22756105981219709733                          
a_ia   33   38                                                     -0.00071358108429293333                                                    
a_ia   29   38                                                     -0.00009612690221615337                                                    
a_ia   33   44                                                     -0.00098203000117602591                                                    
mvp3   29   38   33   44   29   33   44   38   29   33   38   44   -0.00436227440394087573   -0.38104854549082556314   -0.45520828191508322380
mvp2    0   23   33   38   23    0   33   38                        0.00262221802640691740   -0.61979105320410154967                          
mvp2    0   12   29   44   12    0   29   44                       -0.00738082851461739978   -0.14345495443797262602                          
a_ia   29   33                                                     -0.60514565477172199692                                                    
a_ia   21   23                                                      0.26436350639123595840                                                    
mvp2    0   23   29   44   23    0   29   44                       -0.00149829910684204197   -0.09869994936765752458                          
a_ia   27   31                                                      0.08621476569407650337                                                    
a_ia    4   16                                                      0.00016068904902011885                                                    
a_ia   29   43                                                      0.00206975013957092554                                                    
mvp2    0   19   29   44   19    0   29   44                       -0.00227066999556000109   -0.12099878516614814838                          
op      0   19   29   43   19    0   29   43                        0.00544068108990143628                                                    
a_ia   33   45                                                     -0.00109923036027735101                                                    
a_ia   40   42                                                      0.62519111879720390412                                                    
a_ia   32   35                                                      0.15837994633532953559                                                    
mvp2    0   19   33   38   19    0   33   38                        0.00648202822799779678    0.13874731373767576481                          
mvp2    0   19   29   38   19    0   29   38                        0.00511634252910880827   -0.00624702673006993173                          
mvp2    3   19   29   41   19    3   29   41                       -0.00711039051838952951    0.04685005207187133147                          
a_ia    9   10                                                     -0.24961094959080210032                                                    
mvp2    9   21   24   47   21    9   24   47                       -0.00387448877246643082   -0.20117444635495268512                          
mvp2    0   19   29   41   19    0   29   41                        0.00224052193330200305   -0.07803067387175163794                          
a_ia    1   13                                                      0.00010727812544595314                                                    
a_ia    1   12                                                      0.00021701461217931236                                                    
a_ia    0    1                                                     -0.31891960254402318409                                                    
mvp2    0   23   33   45   23    0   33   45                       -0.00229962703711614463    0.18657837611999150695                          
mvp2    9   22   24   37   22    9   24   37                       -0.00230158838755774482    0.04460884022746394728                          
a_ia   10   18                                                      0.00049090239458806262                                                    
mvp2    5   20   24   43   20    5   24   43                       -0.00646565638156876635    0.10024894812678022959                          
a_ia    5   22                                                     -0.00114702526394292099                                                    
a_ia   12   13                                                      0.31313505867717950082                                                    
a_ia    5   10                                                     -0.02665812296792788305                                                    
mvp2    9   20   24   43   20    9   24   43                        0.00235991550239731535    0.26083871354474497117                          
mvp2    9   21   24   43   21    9   24   43                       -0.00397469596147161444   -0.30035395920477053755                          
a_ia   45   47                                                      0.24675749658621054516                                                    
op      5   19   24   43   19    5   24   43                        0.00401078765278149556                                                    
om      9   19   33   43   19    9   33   43                       -0.00417498557156237640                                                    
mvp2    3   23   29   47   23    3   29   47                       -0.00368372767786584541    0.05562644070131567142                          
a_ia    3   23                                                      0.00088476013140536939                                                    
a_ia    5   19                                                      0.00030585812300458053                                                    
a_ia   19   20                                                      0.04184098824377184556                                                    
om      5   19   28   43   19    5   28   43                       -0.00321533330935099611                                                    
a_ia   28   45                                                      0.00420238347083835232                                                    
mvp2    0   23   28   38   23    0   28   38                        0.00145407896487005943   -0.04302673388887180012                          
a_ia   28   33                                                     -0.38874331868436307058                                                    
mvp2    0   23   24   38   23    0   24   38                        0.00238229380365075636   -0.13301727878714714182                          
a_ia    5    9                                                     -0.32725756652357329557                                                    
mvp2    0   21   28   43   21    0   28   43                        0.00369318613476521829    0.09707249398639827831                          
a_ia   24   38                                                     -0.00098403965252763319                                                    
mvp2    3   18   28   38   18    3   28   38                        0.00490665582716623243    0.10761666666279705307                          
mvp2    9   18   33   38   18    9   33   38                        0.00224456817426261016    0.16453253282659391354                          
a_ia    0   18                                                     -0.00146418546880001184                                                    
mvp2    3   23   24   47   23    3   24   47                       -0.00179505825285356099    0.17457826619319954942                          
mvp2    3   14   28   38   14    3   28   38                       -0.01235032841416052601   -0.14144040605391211551                          
mvp2    1   14   28   38   14    1   28   38                       -0.00783345621455606295    0.02719768758606953482                          
op      3   14   28   44   14    3   28   44                        0.00516525000627288643                                                    
mvp2    1   14   28   44   14    1   28   44                        0.00335973418452225909    0.02351483587680014073                          
mvp2    3   18   28   41   18    3   28   41                       -0.00415972545685579145   -0.06572508921857973807                          
a_ia    3   18                                                      0.00081210876433306654                                                    
mvp2    3   18   28   44   18    3   28   44                       -0.00296711772654482822    0.09384363825616305610                          
a_ia   29   34                                                     -0.32494631215637553856                                                    
op      1   18   28   38   18    1   28   38                        0.00323777784821677400                                                    
mvp2    5   23   24   44   23    5   24   44                       -0.00598960187665119499   -0.20469026687012467636                          
a_ia   44   47                                                      0.13751983005873083532                                                    
a_ia   28   34                                                     -0.14738290397494280271                                                    
a_ia   28   38                                                     -0.00710746438152858213                                                    
om      1   18   25   38   18    1   25   38                        0.00284995769635005506                                                    
a_ia   38   41                                                     -0.13087584037278066074                                                    
a_ia   34   41                                                     -0.00079975329574483482                                                    
a_ia   34   38                                                      0.00177742457879576750                                                    
a_ia   27   30                                                      0.06225734323453040175                                                    
om      1   14   25   44   14    1   25   44                        0.00403965325514072694                                                    
mvp2    1   18   25   44   18    1   25   44                       -0.00176082528282041633    0.29535442983149778895                          
op      1   18   28   44   18    1   28   44                       -0.00209879391291690944                                                    
a_ia   29   30                                                      0.39569799504071201390                                                    
a_ia   28   30                                                      0.38310678899890482363                                                    
a_ia   30   38                                                     -0.00104926935796281892                                                    
a_ia   30   41                                                      0.00029560231848101663                                                    
mvp2    8   23   24   44   23    8   24   44                       -0.00651394954332840809    0.11303015085814030471                          
a_ia    8   23                                                      0.00129260744806826747                                                    
a_ia    8   21                                                     -0.00110934376004079402                                                    
a_ia    0    8                                                     -0.09714130474232640644                                                    
a_ia    4   22                                                     -0.00242661153647257249                                                    
a_ia   16   22                                                      0.18180209470251101900                                                    
a_ia   10   20                                                     -0.00073420826701598037                                                    
mvp2    3   21   25   47   21    3   25   47                        0.00072234469134005138    0.04859120032142076606                          
a_ia   25   47                                                      0.00060705461825475283                                                    
a_ia   24   25                                                     -0.30746155268818936568                                                    
mvp2    3   21   24   47   21    3   24   47                       -0.00321897084005606619   -0.10535905578320291232                          
a_ia   28   29                                                     -0.43744928821957940190                                                    
a_ia   12   14                                                     -0.01664396729362303817                                                    
a_ia   37   46                                                      0.11968097154429996332                                                    
a_ia   13   14                                                     -0.08807168688099772935                                                    
a_ia   14   18                                                     -0.19392707031141215301                                                    
a_ia   15   22                                                     -0.10618820489211210079                                                    
a_ia   15   16                                                     -0.14557555395628024586                                                    
mvp2    0   23   24   44   23    0   24   44                        0.00496060775652158031   -0.17099302427231075074                          
mvp2    0   23   24   47   23    0   24   47                       -0.00409327689609086196    0.01878271179065483729                          
a_ia   25   47                                                     -0.00050059545035380910                                                    
mvp2    0   19   24   47   19    0   24   47                       -0.00381812422335107548   -0.13629668066462957698                          
a_ia    0   19                                                      0.00089223662710537287                                                    
a_ia    8   19                                                      0.00126366128736875088                                                    
mvp2    8   19   24   43   19    8   24   43                        0.00284425041092683118    0.15664049476583563614                          
