op     20   25   68   73   25   20   68   73                       -0.14614098838231576183                                                    
op     23   24   71   72   24   23   71   72                       -0.05284221143071611559                                                    
a_ia   23   24                                                     -0.00349122978131810808                                                    
op     23   27   71   75   27   23   71   75                       -0.02799867705010258834                                                    
a_ia   23   27                                                      0.02588137039525767458                                                    
mvp2   67   72   68   73   67   68   73   72                        0.08239642891284792992    0.42473121921398115930                          
a_ia   67   68                                                     -0.20181810455312018671                                                    
a_ia   25   26                                                      0.04165182345793713020                                                    
mvp3   67   73   68   75   67   68   75   73   67   68   73   75    0.07705031053661236251   -0.05122881843402334046   -0.49271255539208241858
a_ia   25   27                                                     -0.06907683409128952123                                                    
a_ia   71   75                                                     -0.01987861102599927654                                                    
mvp2   19   24   68   73   24   19   68   73                        0.05648187161418323499    0.51221931366149886511                          
a_ia   19   20                                                     -0.12407495918678776436                                                    
mvp2   19   27   68   73   27   19   68   73                       -0.05202689795191788730   -0.62603328902027788327                          
op     21   24   69   72   24   21   69   72                       -0.00755797277555864903                                                    
mvp2   23   27   68   73   27   23   68   73                       -0.02283532383191943377   -0.21206247767916072688                          
mvp2   68   73   71   75   68   71   75   73                       -0.02121959506104032639    0.21657161465460322836                          
a_ia   67   69                                                     -0.56711798905254395819                                                    
a_ia   23   27                                                     -0.03852977769695160176                                                    
mvp2   20   25   65   73   25   20   65   73                       -0.00550266526831108636    0.07786380898581321541                          
a_ia   26   27                                                      0.57557360615587527253                                                    
a_ia   19   21                                                     -0.50624633284372622111                                                    
mvp2   17   25   68   73   25   17   68   73                       -0.02948139624996330005   -0.29102035949371513057                          
mvp2   17   25   65   73   25   17   65   73                       -0.00282898572448625398   -0.12890325833712260040                          
op     14   24   62   72   24   14   62   72                       -0.00322993437412360650                                                    
a_ia   14   24                                                     -0.00209606381469792675                                                    
a_ia   16   24                                                     -0.00256760395588097583                                                    
op     15   24   63   72   24   15   63   72                       -0.00941291938090303530                                                    
a_ia   74   75                                                      0.57613002431689930294                                                    
a_ia   66   67                                                      0.41148737499392806782                                                    
mvp2   20   25   66   73   25   20   66   73                       -0.02354718366868952320    0.19576709207027540027                          
op     15   25   63   73   25   15   63   73                       -0.02723061243075083904                                                    
a_ia   61   72                                                     -0.00129294557553142069                                                    
mvp2   20   26   68   74   26   20   68   74                       -0.01106708692225807054   -0.02181194370801141369                          
op     20   30   68   78   30   20   68   78                       -0.00859521632209657264                                                    
op     17   30   65   78   30   17   65   78                       -0.00931758306010425572                                                    
op     20   34   68   82   34   20   68   82                       -0.00988816249347054810                                                    
op     20   39   68   87   39   20   68   87                       -0.00659220498051586203                                                    
a_ia   20   39                                                     -0.00876311023132966653                                                    
a_ia   68   87                                                     -0.00977157994228548821                                                    
a_ia   20   33                                                      0.00343077810188750949                                                    
a_ia   68   81                                                      0.05405845908388152293                                                    
op     20   42   68   90   42   20   68   90                       -0.00313992848376890748                                                    
a_ia   20   42                                                     -0.00196265173613837307                                                    
a_ia   68   90                                                     -0.00378203459713808299                                                    
op     20   36   68   84   36   20   68   84                       -0.00373752868071932590                                                    
a_ia   20   36                                                     -0.00176732571724432007                                                    
op     20   37   68   85   37   20   68   85                       -0.00360313461906435362                                                    
a_ia   66   71                                                     -0.48987529608210528265                                                    
om     16   24   62   72   24   16   62   72                       -0.00539635170216718786                                                    
om     14   24   64   72   24   14   64   72                       -0.00414993442537042560                                                    
om     16   24   64   72   24   16   64   72                       -0.00800217051978951988                                                    
op     17   28   65   76   28   17   65   76                       -0.00348939641922498944                                                    
a_ia   75   77                                                     -0.10606884618783871121                                                    
a_ia   71   74                                                     -0.00454152053030318185                                                    
a_ia   69   70                                                     -0.09778915035448927651                                                    
op     15   35   63   83   35   15   63   83                       -0.01498058615966544813                                                    
op     15   27   63   75   27   15   63   75                       -0.00832738310371160424                                                    
a_ia   62   67                                                      0.20119734380150822162                                                    
mvp2   14   24   67   72   24   14   67   72                       -0.00001622452927247109   -0.01437304153617553065                          
mvp2   16   24   67   72   24   16   67   72                        0.01148762498212086217    0.31063448616784733458                          
a_ia   67   72                                                      0.00520638794159443679                                                    
a_ia   14   18                                                      0.34580025998375202301                                                    
a_ia   64   67                                                      0.32792200683555566831                                                    
op     15   28   63   76   28   15   63   76                       -0.00353143950172405676                                                    
op     15   28   63   83   28   15   63   83                       -0.00579422474743702867                                                    
a_ia   15   28                                                      0.00147473300716435135                                                    
om     20   42   68   87   42   20   68   87                        0.00018726362752422300                                                    
op     15   36   63   84   36   15   63   84                       -0.00730596394952964367                                                    
op     15   35   63   84   35   15   63   84                        0.00553662614464495075                                                    
op     15   36   63   83   36   15   63   83                        0.00700669217475566840                                                    
op     15   43   63   91   43   15   63   91                       -0.00703749592765908361                                                    
op     15   35   63   91   35   15   63   91                        0.00723868688369935006                                                    
op     15   35   63   80   35   15   63   80                        0.00354971495193089244                                                    
op     15   45   63   91   45   15   63   91                        0.00524412418705151422                                                    
op     15   43   63   93   43   15   63   93                        0.00517753840377908892                                                    
op     15   45   63   93   45   15   63   93                       -0.00481762099268174919                                                    
op     15   35   63   93   35   15   63   93                       -0.00447088604759406961                                                    
op     15   37   63   85   37   15   63   85                       -0.00573228171631252285                                                    
op     15   35   63   85   35   15   63   85                       -0.00426651940549120472                                                    
op     15   47   63   95   47   15   63   95                       -0.00552078503184074733                                                    
op     15   35   63   95   35   15   63   95                        0.00657055664586131405                                                    
op     15   40   63   88   40   15   63   88                       -0.00385918979816936986                                                    
op     15   35   63   89   35   15   63   89                       -0.00384264772402407142                                                    
a_ia   15   35                                                     -0.00202358703635675428                                                    
mvp2   20   42   63   91   42   20   63   91                       -0.00510676177570696613   -0.36315414119566274964                          
mvp2   20   42   63   93   42   20   63   93                        0.00104216241902375072    0.16131343937705719394                          
mvp2   63   90   68   91   63   68   90   91                        0.00559782402741257346    0.45384027468019466633                          
a_ia   63   91                                                     -0.01133233832768200215                                                    
a_ia   20   38                                                      0.00302303876517808975                                                    
mvp2   15   47   63   91   47   15   63   91                       -0.00408373622689636381   -0.77307907166034994795                          
om     15   47   63   93   47   15   63   93                        0.00299885338411545873                                                    
mvp2   15   43   63   95   43   15   63   95                       -0.00394177674595802552    0.42903646030241338050                          
mvp2   15   41   63   91   41   15   63   91                        0.00281936039156057859    0.49433257342853231808                          
mvp2   15   41   63   93   41   15   63   93                       -0.00250005980849016393    0.34108782190165398696                          
mvp2   15   46   63   91   46   15   63   91                       -0.00244594823047671875   -0.47814029917084693855                          
om     15   46   63   93   46   15   63   93                        0.00209315280857339274                                                    
mvp2   15   43   63   94   43   15   63   94                       -0.00255750194394007650    0.46873464477001014483                          
om     15   46   63   94   46   15   63   94                       -0.00199236296963857919                                                    
om     15   35   63   94   35   15   63   94                        0.00257979626772211496                                                    
mvp2   15   43   63   89   43   15   63   89                        0.00250609314565981801   -0.42235620741257157151                          
om     15   41   63   89   41   15   63   89                       -0.00251374586094603664                                                    
op     15   41   63   95   41   15   63   95                        0.00256617286538390627                                                    
om     15   47   63   89   47   15   63   89                        0.00250154187096194268                                                    
a_ia   61   67                                                     -0.20436627563028578192                                                    
a_ia   13   16                                                      0.88155199505284098649                                                    
op      5   24   53   72   24    5   53   72                       -0.00937664691744307353                                                    
a_ia   60   67                                                      0.19477906244679824010                                                    
mvp2   15   47   63   83   47   15   63   83                        0.00682180239224793039   -1.21184676381400624479                          
op     15   43   63   83   43   15   63   83                        0.00631530940199824010                                                    
a_ia   68   85                                                      0.00299422669927770649                                                    
om     15   45   63   83   45   15   63   83                       -0.00487854246204075769                                                    
op     15   45   63   95   45   15   63   95                        0.00294978822202632447                                                    
mvp2   20   39   63   83   39   20   63   83                        0.01097402177383422460    0.41894637249585503502                          
mvp2   63   83   68   87   63   68   87   83                        0.00657389230736370525   -0.46031668019832666650                          
om     20   39   63   95   39   20   63   95                       -0.00428700142937349891                                                    
op     20   47   68   95   47   20   68   95                       -0.00276621909075355820                                                    
mvp2   20   25   68   90   25   20   68   90                        0.02364471478009386868   -0.14367934349557104357                          
a_ia   25   32                                                      0.09725875767278910344                                                    
a_ia   25   33                                                      0.15327268953160039233                                                    
a_ia   25   42                                                      0.09068236342973161335                                                    
a_ia   25   37                                                      0.03787158355790468806                                                    
mvp2   20   25   68   81   25   20   68   81                       -0.02249484944011583346    0.16810907566095212307                          
a_ia   68   81                                                     -0.04940571593599122485                                                    
mvp2   20   25   68   87   25   20   68   87                        0.01514777343883422916   -0.06810955066136599456                          
mvp2   20   25   68   82   25   20   68   82                        0.01560884966444190877   -0.19500598851421901969                          
a_ia   68   82                                                      0.05370071038090327986                                                    
a_ia   25   34                                                     -0.03539627367526186619                                                    
a_ia   20   34                                                      0.00678780247334021154                                                    
mvp2   15   25   20   43   15   20   25   43                       -0.01912910865616247041    0.15898423002827768991                          
a_ia   20   25                                                      0.01530580359767786183                                                    
a_ia   20   37                                                      0.02290978456083117218                                                    
mvp3   15   25   20   45   15   20   45   25   15   20   25   45    0.01404733964880052616    0.02428037817290606623   -0.12025891068301090836
mvp2   20   25   63   93   25   20   63   93                       -0.01480219871614975313    0.12335372701129455886                          
a_ia   63   93                                                     -0.00160816154374881018                                                    
mvp2   20   25   63   83   25   20   63   83                       -0.02024103551801802181    0.09995262394276872853                          
mvp2   20   25   63   91   25   20   63   91                        0.01816720330495880109   -0.14300863935658139625                          
a_ia   63   91                                                      0.00574826929370342039                                                    
a_ia   25   39                                                     -0.00269757342666701897                                                    
mvp2   20   25   63   94   25   20   63   94                        0.00922216855088043089   -0.08332524108128039342                          
mvp2   20   25   63   89   25   20   63   89                       -0.01037275980640161265    0.08951281921352262361                          
mvp3   15   25   20   35   15   20   35   25   15   20   25   35    0.01874652801420643305    0.11687171119188645430   -0.14978392264529086231
a_ia   25   35                                                     -0.01784716024310460322                                                    
mvp2   15   25   20   41   15   20   25   41                        0.00859901620352519595   -0.08776209095526033011                          
a_ia   25   41                                                      0.00151098755185016050                                                    
a_ia   20   41                                                      0.00281909766939904662                                                    
a_ia   15   41                                                     -0.00415881190891442994                                                    
mvp3   15   25   20   47   15   20   47   25   15   20   25   47   -0.00577591614807284638    0.02921140084265503103    0.02564212041359962072
mvp2   15   25   20   46   15   20   25   46                       -0.00825903485919742691    0.08821793197999565350                          
mvp2   20   25   63   95   25   20   63   95                        0.00692512196276494005   -0.03606041354600542787                          
a_ia   68   77                                                     -0.00494898733099780660                                                    
a_ia   35   39                                                     -0.16981243729278283627                                                    
a_ia   25   44                                                     -0.09569915550887801714                                                    
a_ia   25   40                                                     -0.02686982836410257286                                                    
a_ia   80   81                                                     -0.45607863289698191700                                                    
a_ia   68   80                                                     -0.00246724136316982083                                                    
op     10   24   58   72   24   10   58   72                       -0.00498062523283258549                                                    
a_ia   18   19                                                      0.35090672623252111562                                                    
mvp2   23   27   62   75   27   23   62   75                       -0.00309183225902198234    0.00161731915733056252                          
a_ia   62   75                                                     -0.00241507516653946108                                                    
op     17   28   65   78   28   17   65   78                       -0.00615908418562423256                                                    
a_ia   14   19                                                      0.59724691758134518249                                                    
mvp2   14   27   62   75   27   14   62   75                       -0.00184584590408281082   -0.09509879262912279696                          
a_ia   14   23                                                     -0.42476720614765084427                                                    
mvp2   14   26   62   74   26   14   62   74                       -0.00322232067938422323   -0.28219128084314443194                          
a_ia   61   73                                                      0.00177654696265264807                                                    
mvp3   15   35   20   41   15   20   41   35   15   20   35   41   -0.00407446250220543180    0.24606385146608245051   -0.14077276213991085640
a_ia   15   20                                                      0.02473304343313630083                                                    
mvp2   23   29   71   75   29   23   71   75                        0.00855280220887497805    0.19551913340512697137                          
a_ia   27   29                                                     -0.06439165351484855970                                                    
a_ia   62   71                                                     -0.18042719435518936311                                                    
mvp2   14   27   71   75   27   14   71   75                       -0.00264693442012907485   -0.10680237302476326688                          
a_ia   14   27                                                      0.00493784826439714383                                                    
a_ia   14   29                                                      0.00194968583178502654                                                    
a_ia   17   29                                                     -0.00107843327511418703                                                    
op      2   24   50   72   24    2   50   72                       -0.00607542095092175691                                                    
a_ia   12   13                                                      0.60417509956037762642                                                    
mvp2   15   37   63   83   37   15   63   83                       -0.00455064808594327509   -0.08962448467343417380                          
a_ia   15   37                                                      0.00116270204747870765                                                    
op     15   41   63   83   41   15   63   83                       -0.00305690033429577984                                                    
a_ia   69   73                                                     -0.00079821121624015768                                                    
om     15   36   63   85   36   15   63   85                        0.00506976250114347070                                                    
a_ia   15   36                                                      0.01243455196528838250                                                    
a_ia   63   85                                                      0.00134169954635209054                                                    
op     17   31   65   79   31   17   65   79                       -0.00245170311234518172                                                    
a_ia   17   31                                                      0.00127735087970356478                                                    
a_ia   68   76                                                      0.00219892408411758106                                                    
om     15   37   63   84   37   15   63   84                        0.00522283778649989140                                                    
a_ia   63   84                                                      0.01257162807780739383                                                    
om     17   32   65   80   32   17   65   80                       -0.00447781520232140139                                                    
a_ia   65   79                                                      0.00058324712351332604                                                    
a_ia   17   32                                                     -0.00028747533547634346                                                    
op     23   32   71   80   32   23   71   80                       -0.00752301001296281757                                                    
a_ia   23   28                                                      0.00236639605895582828                                                    
a_ia   17   34                                                      0.00168246749150050543                                                    
a_ia   65   90                                                     -0.00024824866747478433                                                    
a_ia   65   82                                                     -0.01202443451287624546                                                    
mvp2   17   33   65   81   33   17   65   81                       -0.00449061780645900258    0.61100536622737910974                          
a_ia   65   68                                                     -0.23679048121439003061                                                    
a_ia   65   87                                                     -0.00007771167992189670                                                    
a_ia   63   65                                                      0.14656906518020207386                                                    
a_ia   68   84                                                     -0.00285697105508669067                                                    
mvp2   15   36   68   82   36   15   68   82                        0.00640777254997977781    0.26790170818711295242                          
mvp2   63   82   68   84   63   68   82   84                       -0.00608057563446440935    0.25289440847128397127                          
a_ia   68   82                                                     -0.05492070557600963604                                                    
mvp2   63   82   68   85   63   68   82   85                        0.00518601510642787474   -0.24234687517949046742                          
a_ia   63   82                                                      0.00929200016715018423                                                    
mvp2   15   37   68   82   37   15   68   82                       -0.00558429114573692938   -0.19998563461568968913                          
mvp2   20   25   68   92   25   20   68   92                        0.00855025802130025478   -0.08146980461661994244                          
a_ia   68   89                                                      0.00224020901313924398                                                    
mvp2   20   25   68   88   25   20   68   88                        0.01032646930269053194   -0.11746629638947332641                          
a_ia   68   88                                                     -0.00134939216379448604                                                    
a_ia   68   86                                                      0.00318157336655841040                                                    
a_ia   88   89                                                     -0.37030923996249331953                                                    
a_ia   19   27                                                     -0.00351729549898627519                                                    
a_ia   65   84                                                     -0.00273609696642198533                                                    
a_ia   66   74                                                     -0.00612408147998453993                                                    
a_ia   18   26                                                     -0.00109143888011161501                                                    
a_ia   20   25                                                      0.02169326163900434090                                                    
a_ia   21   26                                                     -0.00234922508349522411                                                    
a_ia   70   73                                                      0.00099394385291584424                                                    
a_ia   79   90                                                      0.20665005067963929108                                                    
a_ia   73   74                                                      0.12945109765604678742                                                    
a_ia   73   75                                                     -0.11847187190442332039                                                    
a_ia   62   73                                                      0.00036065115124030866                                                    
a_ia   73   78                                                      0.06635872761451833135                                                    
mvp2   15   43   63   82   43   15   63   82                       -0.00258299841788260697    0.46072388812089454246                          
a_ia   63   82                                                     -0.00789670376431489927                                                    
a_ia   15   43                                                      0.00369505638301925341                                                    
a_ia   15   45                                                     -0.00088134555573818850                                                    
a_ia   82   85                                                     -0.24732648022068462468                                                    
a_ia   42   43                                                      0.24418707873244890894                                                    
a_ia   15   46                                                      0.00284909446319769671                                                    
a_ia   20   46                                                     -0.00030289523949452509                                                    
mvp3   19   25   20   40   19   20   40   25   19   20   25   40    0.01100165119835302789   -0.13369672351072517391   -0.17296698987032563255
a_ia   19   20                                                     -0.27468526710504642674                                                    
a_ia   19   40                                                     -0.00309689043712602042                                                    
a_ia   20   47                                                      0.00071771252412987981                                                    
a_ia   19   25                                                     -0.00337684354118051493                                                    
mvp2   19   40   20   42   19   20   40   42                        0.00160670224986369571   -0.10040560065219417130                          
a_ia   19   42                                                     -0.00069881368951761028                                                    
a_ia   19   37                                                     -0.00440452677462423517                                                    
a_ia   20   37                                                     -0.02034090355155835847                                                    
mvp3   19   39   20   40   19   20   40   39   19   20   39   40   -0.00183091740461168231    0.19330712493114293737    0.23909856080021482660
a_ia   15   47                                                      0.00149159849271183879                                                    
a_ia   25   39                                                     -0.12668650882103416055                                                    
mvp2   19   37   20   39   19   20   39   37                        0.00328764940136475146    0.24334312095260393627                          
a_ia   20   39                                                      0.00200566481477006250                                                    
a_ia   19   38                                                     -0.00471063562844094025                                                    
a_ia   66   75                                                      0.00279787688715226000                                                    
a_ia   62   66                                                     -0.41799714974548474178                                                    
mvp2   23   29   71   77   29   23   71   77                       -0.00680663155566727657    0.28485697567845807976                          
a_ia   71   77                                                      0.00097588212831505397                                                    
a_ia   23   29                                                     -0.00044167110622383131                                                    
a_ia   14   28                                                      0.00123644694353182492                                                    
a_ia   14   32                                                      0.00063158718505414971                                                    
op      6   24   54   72   24    6   54   72                       -0.00364348092330178674                                                    
op      7   24   54   72   24    7   54   72                        0.00285320590010193671                                                    
op      2   24   53   72   24    2   53   72                        0.00314088148089899065                                                    
op      4   24   53   72   24    4   53   72                       -0.00356068948104500604                                                    
op      4   24   52   72   24    4   52   72                       -0.00249988065789308192                                                    
a_ia   69   74                                                     -0.00268555082893486962                                                    
a_ia   69   75                                                      0.00337608561983900740                                                    
a_ia   66   69                                                     -0.45565463533071454139                                                    
a_ia   62   66                                                     -0.35384509151781090575                                                    
mvp2   16   27   62   75   27   16   62   75                       -0.00618154444563203970   -0.26259963736825459035                          
a_ia   16   21                                                     -0.40679179326869274735                                                    
a_ia   21   27                                                      0.00300728409200213750                                                    
a_ia   62   75                                                      0.00498100257910809308                                                    
a_ia   16   26                                                      0.00110324466792882030                                                    
a_ia   27   30                                                     -0.02923770046748801893                                                    
a_ia   69   73                                                      0.00184194641278111497                                                    
a_ia   67   74                                                      0.00294133689470702691                                                    
a_ia   67   75                                                     -0.00451480545709161390                                                    
a_ia   17   33                                                      0.00065216498353272412                                                    
a_ia   76   81                                                     -0.46066745174777062877                                                    
mvp2   20   25   63   76   25   20   63   76                       -0.00896919026957220845    0.12471488926754864535                          
a_ia   63   76                                                     -0.00480139891686568072                                                    
a_ia   20   25                                                     -0.01572143490575034219                                                    
mvp3   15   25   20   34   15   20   34   25   15   20   25   34   -0.00661598703213846749   -0.01412150442611581451    0.11001112725143046001
a_ia   20   34                                                     -0.00225579079662266554                                                    
a_ia   15   34                                                      0.00220844280211014493                                                    
a_ia   25   34                                                     -0.12321583195653934562                                                    
op     20   34   63   93   34   20   63   93                        0.00132530446802956781                                                    
a_ia   15   42                                                      0.00027540754738803461                                                    
mvp2   20   34   63   91   34   20   63   91                       -0.00093410569974387457   -0.01190286985175673107                          
a_ia   25   42                                                     -0.29511004749051306106                                                    
mvp2   20   25   23   40   20   23   40   25                       -0.00584195915887548815    0.12679007586226392901                          
a_ia   23   40                                                      0.00155129721475645316                                                    
a_ia   23   25                                                     -0.00129598810212276172                                                    
a_ia   62   67                                                      0.08434733220118985353                                                    
om     23   38   71   86   38   23   71   86                       -0.01146376113652015048                                                    
a_ia   23   38                                                     -0.00390824883494560356                                                    
a_ia   71   86                                                     -0.00343810939216305936                                                    
a_ia   23   37                                                      0.00278621737219016639                                                    
mvp2   15   35   71   88   35   15   71   88                       -0.00512536764751485210    0.47742292124337920578                          
a_ia   71   88                                                      0.00308224592621305499                                                    
mvp2   23   38   63   91   38   23   63   91                       -0.00298078843821155673   -0.08467440916568649834                          
mvp2   23   38   63   93   38   23   63   93                        0.00257904821648882298    0.01986169663720145639                          
mvp2   15   47   71   88   47   15   71   88                        0.00228074220468534343    0.09302913968617064489                          
