E(ADAPT): -224.95803149366279 Eh
E(FCI):   -225.064551282734 Eh
ERROR:   106.520 mEh
