E(ADAPT): -225.0157673989953366 Eh
E(FCI):   -225.036255295636 Eh
ERROR:  20.488 mEh
