op     23   24   71   72   24   23   71   72                       -0.03210131083169686511                                                    
op     20   25   68   73   25   20   68   73                       -0.06498831333592366977                                                    
op     20   24   68   72   24   20   68   72                       -0.00876067279393328603                                                    
op     20   24   68   73   24   20   68   73                       -0.01560114538120881827                                                    
a_ia   20   25                                                     -0.00446743323588858800                                                    
op     19   24   67   72   24   19   67   72                       -0.06408906855675274017                                                    
op     23   24   67   72   24   23   67   72                       -0.03581230198775246093                                                    
op     19   24   64   72   24   19   64   72                       -0.03171890176946709494                                                    
a_ia   19   24                                                     -0.00392563517536842141                                                    
op     20   25   68   72   25   20   68   72                       -0.00738814255311776805                                                    
om     23   24   64   72   24   23   64   72                       -0.01946784129266868404                                                    
op     22   25   70   73   25   22   70   73                       -0.01592763362263022175                                                    
a_ia   67   73                                                      0.00546336752280960833                                                    
a_ia   72   73                                                     -0.41403389046345889790                                                    
op     20   26   68   74   26   20   68   74                       -0.00638062467919757979                                                    
op     22   26   70   74   26   22   70   74                       -0.01695740938717472251                                                    
a_ia   24   25                                                     -0.35943466868732310004                                                    
op     20   27   68   75   27   20   68   75                       -0.00705981708037095503                                                    
a_ia   20   27                                                      0.00133143989250083085                                                    
a_ia   67   68                                                     -0.29498575766917795038                                                    
op     22   24   70   72   24   22   70   72                       -0.01037161935413757376                                                    
a_ia   19   25                                                      0.00719608774083530314                                                    
om     16   24   67   72   24   16   67   72                       -0.00592452021365887961                                                    
a_ia   16   24                                                      0.00059555246277502279                                                    
om     16   24   64   72   24   16   64   72                       -0.00479808298227960787                                                    
op     20   28   68   76   28   20   68   76                       -0.00575673938340757335                                                    
op     20   33   68   81   33   20   68   81                       -0.00946279778354966981                                                    
op     20   31   68   81   31   20   68   81                        0.00690917037892975743                                                    
op     20   31   68   79   31   20   68   79                       -0.01023343106233353013                                                    
op     20   33   68   79   33   20   68   79                        0.00847596033444861750                                                    
op     20   32   68   80   32   20   68   80                       -0.00545740073916862068                                                    
op     22   26   70   76   26   22   70   76                       -0.00824168832449736523                                                    
op     19   24   71   72   24   19   71   72                       -0.03443025611103851108                                                    
a_ia   16   25                                                      0.00069614501858980820                                                    
op     16   24   71   72   24   16   71   72                       -0.00493887478498669218                                                    
op     22   28   70   76   28   22   70   76                       -0.00652945216608986478                                                    
op     22   28   70   74   28   22   70   74                       -0.00783590351795129293                                                    
op     20   34   68   82   34   20   68   82                       -0.00419339511772611351                                                    
a_ia   20   34                                                      0.00079360041143794176                                                    
a_ia   16   19                                                     -0.15236385968500879007                                                    
op     20   39   68   87   39   20   68   87                       -0.00728331895411315437                                                    
op     20   35   68   83   35   20   68   83                       -0.00274561460234749475                                                    
op     22   31   70   79   31   22   70   79                       -0.01171597495977428488                                                    
op     22   32   70   80   32   22   70   80                       -0.00729950248549793030                                                    
a_ia   22   29                                                     -0.00162566798140323918                                                    
op     22   35   70   83   35   22   70   83                       -0.00873753270329902937                                                    
a_ia   68   78                                                     -0.00126577266607334066                                                    
op     22   30   70   83   30   22   70   83                        0.00509438769275833217                                                    
op     17   27   65   75   27   17   65   75                       -0.01344912213402312505                                                    
a_ia   17   27                                                      0.00205571776039163798                                                    
a_ia   73   79                                                     -0.20429989620058461308                                                    
om     19   27   67   75   27   19   67   75                       -0.00813352638759532592                                                    
a_ia   19   27                                                     -0.00133932939576481501                                                    
a_ia   65   75                                                      0.00200853350593463865                                                    
op     17   32   65   80   32   17   65   80                       -0.00913850665303440543                                                    
a_ia   17   32                                                     -0.00234748946262509093                                                    
a_ia   65   80                                                     -0.00248143690005383057                                                    
op     17   28   65   76   28   17   65   76                       -0.00842568809350647055                                                    
a_ia   16   27                                                      0.00144352529031673330                                                    
a_ia   67   75                                                     -0.00167189408421464496                                                    
a_ia   65   76                                                      0.00137670063697922633                                                    
a_ia   17   28                                                      0.00129794327518664623                                                    
om     22   31   70   83   31   22   70   83                       -0.00823769433129459272                                                    
a_ia   22   31                                                     -0.00153877983809340662                                                    
om     16   27   64   75   27   16   64   75                       -0.00991168113370270026                                                    
a_ia   64   75                                                      0.00127795226557578310                                                    
op     22   34   70   82   34   22   70   82                       -0.00637927830066522920                                                    
op     22   34   70   83   34   22   70   83                        0.00346335793572963985                                                    
om     22   35   70   79   35   22   70   79                       -0.00740684847086416076                                                    
op     22   35   70   82   35   22   70   82                        0.00348376547641897306                                                    
op     22   35   70   78   35   22   70   78                        0.00479947995194342399                                                    
op     17   30   65   75   30   17   65   75                       -0.00853758196913423709                                                    
a_ia   17   30                                                      0.00191803355228152019                                                    
op     17   30   65   80   30   17   65   80                        0.00516811015715778165                                                    
om     17   30   65   78   30   17   65   78                       -0.00680847177704178592                                                    
a_ia   65   78                                                      0.00188891469827510354                                                    
op     16   32   64   80   32   16   64   80                       -0.00657824743177822576                                                    
a_ia   64   72                                                     -0.00228412609727282048                                                    
a_ia   16   32                                                      0.00131698084429761613                                                    
op     20   33   68   73   33   20   68   73                       -0.01303212390661591912                                                    
om     20   39   68   73   39   20   68   73                        0.01325106164157869790                                                    
op     20   34   68   73   34   20   68   73                        0.00869929365026391940                                                    
op     20   31   68   73   31   20   68   73                        0.01573795300819009341                                                    
om     20   34   68   81   34   20   68   81                        0.00226688814200747815                                                    
op     22   31   70   82   31   22   70   82                        0.00570718888508002248                                                    
om     20   35   68   73   35   20   68   73                        0.00645782438850234491                                                    
om     17   27   65   78   27   17   65   78                       -0.00863482138209221116                                                    
mvp2   16   25   67   72   25   16   67   72                        0.00142551816651818181    0.01788038764699637767                          
a_ia   64   80                                                      0.00091058707208493983                                                    
a_ia   24   32                                                      0.07077339605589545724                                                    
op     22   31   68   79   31   22   68   79                        0.00696738894761696724                                                    
a_ia   68   82                                                      0.00107469434090192318                                                    
a_ia   70   77                                                     -0.00167057939909487818                                                    
a_ia   73   81                                                      0.23799176826861082046                                                    
mvp3   68   79   70   82   68   70   82   79   68   70   79   82   -0.00703065318664944545    0.08997827575291711399    0.21427419472011674517
a_ia   22   33                                                     -0.00145337340759347047                                                    
mvp3   20   31   22   34   20   22   34   31   20   22   31   34   -0.00954298724508686851    0.16605348975538686274    0.15010879185757361465
om     20   31   22   33   20   22   31   33                        0.00610381892048344425                                                    
mvp2   20   31   70   83   31   20   70   83                        0.00722308537736314916   -0.13569975406906056858                          
mvp2   20   31   70   79   31   20   70   79                        0.00799637687828180441   -0.22835767871969350762                          
mvp2   20   31   68   82   31   20   68   82                       -0.00568485297640828301    0.24881245396936157999                          
mvp2   20   33   68   82   33   20   68   82                        0.00478042458373615503    0.46062627761265489967                          
op     19   24   58   72   24   19   58   72                        0.00226294134961393337                                                    
op     16   24   58   72   24   16   58   72                       -0.00051869400719522845                                                    
a_ia   67   80                                                     -0.00163593824926727368                                                    
om     23   24   58   72   24   23   58   72                        0.00033725078699983838                                                    
mvp2   19   24   61   72   24   19   61   72                       -0.01103625852673398994    0.09951505751432561386                          
op     16   24   61   72   24   16   61   72                       -0.00298766167631702795                                                    
om     10   24   67   72   24   10   67   72                       -0.01474579695264280343                                                    
mvp2   13   24   67   72   24   13   67   72                       -0.01084208255180667962   -0.08887407918735257262                          
a_ia   13   24                                                     -0.00085413959225066622                                                    
om     10   24   64   72   24   10   64   72                       -0.00897746154379121253                                                    
om     13   24   64   72   24   13   64   72                       -0.00586789093889408114                                                    
a_ia   66   67                                                     -0.11396944014928564459                                                    
a_ia   61   80                                                      0.00230561246061710551                                                    
a_ia   16   19                                                     -0.10881748615961711613                                                    
op     10   24   58   72   24   10   58   72                       -0.00086112219924580537                                                    
a_ia   58   64                                                     -0.17559896627176765915                                                    
mvp2   22   35   68   81   35   22   68   81                       -0.00504461348227261495   -0.05781566272292545244                          
a_ia   73   87                                                     -0.12043117200382541521                                                    
mvp2   22   31   68   81   31   22   68   81                       -0.00604117306591282332    0.14758615962259086229                          
om     20   33   70   82   33   20   70   82                        0.00411254983089256489                                                    
om     10   24   71   72   24   10   71   72                       -0.00993696834450261655                                                    
om     17   32   61   80   32   17   61   80                        0.00483033371787571202                                                    
om     13   24   71   72   24   13   71   72                       -0.00723335050683334910                                                    
om     20   33   70   74   33   20   70   74                        0.00546662924809283163                                                    
op     22   38   70   86   38   22   70   86                       -0.00404417656395682050                                                    
a_ia   58   67                                                     -0.13006619756971155022                                                    
op     22   36   70   84   36   22   70   84                       -0.00356886410511789414                                                    
a_ia   16   19                                                     -0.10269561773768390300                                                    
op     22   36   70   86   36   22   70   86                        0.00216294844365163370                                                    
mvp2   68   73   70   86   68   70   86   73                        0.00515285426942448804   -0.08174831596071278905                          
mvp2   22   35   68   79   35   22   68   79                        0.00570570883676267508    0.16521123283068098186                          
mvp2   22   38   68   73   38   22   68   73                        0.00382681759001534403    0.09018463330075386641                          
a_ia   25   32                                                     -0.06872937608535877041                                                    
op      8   26   56   74   26    8   56   74                       -0.01135646128208499944                                                    
a_ia   72   74                                                     -0.06062477710931200164                                                    
om     17   27   65   80   27   17   65   80                        0.00519626766461117780                                                    
a_ia   56   74                                                     -0.00107438315697119444                                                    
a_ia    8   26                                                     -0.00137170428814985712                                                    
a_ia   58   67                                                     -0.11318626024347626380                                                    
a_ia   19   26                                                      0.00600725905833120882                                                    
a_ia   24   26                                                     -0.08444188225338521148                                                    
a_ia   16   19                                                     -0.09769314610020242429                                                    
om      8   26   56   76   26    8   56   76                       -0.00614148027489364902                                                    
a_ia    8   19                                                     -0.06107649148183456889                                                    
om      8   28   56   74   28    8   56   74                       -0.00615806605238320218                                                    
a_ia   16   28                                                      0.00040347473078891383                                                    
om      8   28   56   76   28    8   56   76                       -0.00369093932393760142                                                    
op      6   28   54   76   28    6   54   76                       -0.00773927492738772475                                                    
a_ia   54   76                                                      0.00062396483851989118                                                    
om      6   24   54   72   24    6   54   72                       -0.00739047733220751877                                                    
a_ia   54   72                                                     -0.00152884951086664227                                                    
a_ia   19   26                                                     -0.00380675784134552756                                                    
op     11   28   59   76   28   11   59   76                       -0.00363307849195067430                                                    
a_ia   59   76                                                     -0.00094280535272553672                                                    
op      2   28   50   76   28    2   50   76                       -0.00544087554894253159                                                    
op      9   28   57   76   28    9   57   76                       -0.00316931998349607221                                                    
a_ia    9   28                                                     -0.00072105180146294257                                                    
a_ia   67   72                                                     -0.00556714922805449236                                                    
a_ia   23   25                                                      0.00419330044795767579                                                    
a_ia   68   73                                                     -0.00381747612295592819                                                    
a_ia   20   33                                                      0.00061024777860513670                                                    
a_ia   23   32                                                     -0.00079554194686010441                                                    
op      4   28   52   76   28    4   52   76                       -0.00229261396532529603                                                    
op      2   28   52   76   28    2   52   76                        0.00188712592009255848                                                    
op     17   37   65   85   37   17   65   85                       -0.00419688645607242151                                                    
a_ia   17   37                                                      0.00146607677156560044                                                    
a_ia   65   85                                                      0.00194971448642301576                                                    
a_ia   17   34                                                     -0.00113082725279008492                                                    
mvp2   17   37   20   39   17   20   39   37                       -0.00705844911740466548   -0.24903399167393885927                          
a_ia   17   20                                                      0.15050219107441029087                                                    
mvp2   20   39   65   85   39   20   65   85                       -0.00675228477897133091    0.40058350958397065389                          
a_ia   20   39                                                      0.00227987780324590081                                                    
a_ia   65   81                                                     -0.00095395713355105733                                                    
op     17   40   65   88   40   17   65   88                       -0.00465503155986746620                                                    
a_ia   65   88                                                      0.00072672443843719095                                                    
a_ia   17   40                                                      0.00030452875876552516                                                    
a_ia   68   88                                                      0.00076412829794211389                                                    
a_ia   17   22                                                      0.13139363309821733283                                                    
a_ia   65   68                                                      0.15137495825921853942                                                    
mvp3   65   73   68   88   65   68   88   73   65   68   73   88   -0.00349147541636891457    0.46547414946689447124    0.07657279968734537201
mvp2   17   40   65   85   40   17   65   85                       -0.00394482757931342940   -0.56276895763337764222                          
a_ia   65   85                                                     -0.00003726161910939123                                                    
mvp2   17   38   65   85   38   17   65   85                       -0.00275951351588068876   -0.55877756626987762356                          
op     17   37   65   88   37   17   65   88                       -0.00371044033262862534                                                    
om     17   38   65   86   38   17   65   86                       -0.00276873540414767976                                                    
mvp3   68   73   70   89   68   70   89   73   68   70   73   89   -0.00413372069985522630    0.07251805424181917425    0.06532445448820441147
a_ia   70   89                                                      0.00065823304914354528                                                    
a_ia   73   89                                                     -0.09453505817126862942                                                    
mvp2   68   73   70   85   68   70   85   73                        0.00353894223613549115   -0.06807858010104837765                          
mvp2   17   37   65   86   37   17   65   86                       -0.00269158763553418393    0.46520342499849581808                          
op     13   32   61   80   32   13   61   80                       -0.00406393858859634399                                                    
a_ia   13   32                                                      0.00229323436261847941                                                    
a_ia   13   25                                                      0.00278138517442855530                                                    
a_ia   21   32                                                     -0.00106573785597183701                                                    
op     13   30   61   78   30   13   61   78                       -0.00471860382852384158                                                    
a_ia   69   80                                                     -0.00107038292100211522                                                    
om      6   32   54   80   32    6   54   80                       -0.00555009248753187117                                                    
om      6   26   54   74   26    6   54   74                       -0.00451505262828785781                                                    
om     19   24   52   72   24   19   52   72                       -0.00246853738462609294                                                    
a_ia   52   72                                                     -0.00233169681331480728                                                    
a_ia   18   19                                                     -0.07409128628386771331                                                    
op      2   28   51   76   28    2   51   76                       -0.00185417260939249075                                                    
op      3   28   51   76   28    3   51   76                       -0.00180626106432863268                                                    
op      4   24   67   72   24    4   67   72                       -0.00611077036665328734                                                    
a_ia    4   24                                                     -0.00076550266889807304                                                    
a_ia   62   67                                                     -0.13686084364266878910                                                    
a_ia   14   24                                                     -0.00143943612348070731                                                    
op      4   24   52   72   24    4   52   72                       -0.00291355856490720620                                                    
a_ia   52   67                                                     -0.19121001509516349914                                                    
a_ia   15   19                                                      0.13987258891067194666                                                    
a_ia   52   72                                                      0.00212862438962858370                                                    
a_ia   63   67                                                      0.13496873813524723484                                                    
op     12   24   60   72   24   12   60   72                       -0.00385225273619103090                                                    
om      3   24   51   72   24    3   51   72                       -0.00645190830754774607                                                    
a_ia   51   72                                                     -0.00200223982700329988                                                    
a_ia    3   24                                                     -0.00155441638697030962                                                    
op      0   24   48   72   24    0   48   72                       -0.00520810661676010186                                                    
a_ia   24   28                                                     -0.10620424091940094957                                                    
a_ia   48   72                                                      0.00106515841527962630                                                    
a_ia   72   76                                                     -0.10395964863251558330                                                    
op      3   24   48   72   24    3   48   72                        0.00440706923425284065                                                    
op      0   24   51   72   24    0   51   72                        0.00441193984209301091                                                    
a_ia    0   24                                                      0.00106346649619194203                                                    
op     12   30   60   78   30   12   60   78                       -0.00863527539742631883                                                    
a_ia   60   78                                                     -0.00243412181720916538                                                    
a_ia    6   30                                                      0.00070686787271115434                                                    
a_ia   12   30                                                     -0.00258950294471066173                                                    
a_ia   12   32                                                     -0.00260604769009594372                                                    
a_ia   12   26                                                      0.00123756249069015799                                                    
om      6   30   54   78   30    6   54   78                       -0.00357352820135630692                                                    
a_ia   13   27                                                     -0.00082259154178864749                                                    
om     12   32   60   80   32   12   60   80                       -0.00395246199268753200                                                    
a_ia   60   80                                                     -0.00257899323565027741                                                    
a_ia   60   74                                                      0.00139471107715104540                                                    
a_ia   71   78                                                     -0.00057405461977447106                                                    
op     19   30   67   78   30   19   67   78                       -0.00663150168492001625                                                    
a_ia   67   78                                                     -0.00107238673050898733                                                    
op     11   30   59   78   30   11   59   78                       -0.00659029032802409785                                                    
a_ia   59   78                                                     -0.00081427008045046462                                                    
a_ia   62   78                                                      0.00115721752181352847                                                    
a_ia   52   78                                                      0.00114026042274665055                                                    
op      4   30   52   78   30    4   52   78                       -0.00340217067667881491                                                    
a_ia    4   30                                                      0.00119457414130532866                                                    
a_ia   15   30                                                      0.00072097726080969614                                                    
a_ia   18   30                                                     -0.00087492114984330169                                                    
a_ia   63   78                                                      0.00074372305106578686                                                    
op     12   29   60   77   29   12   60   77                       -0.00810258552447060652                                                    
om     12   35   60   83   35   12   60   83                       -0.00863189374854983135                                                    
a_ia   60   83                                                     -0.00244028206440141194                                                    
a_ia   12   35                                                     -0.00250484047895038362                                                    
a_ia   13   35                                                      0.00058913534174612431                                                    
a_ia   16   29                                                     -0.00144130871629186510                                                    
a_ia   12   33                                                      0.00165717568973497409                                                    
a_ia   12   27                                                      0.00148628347873352171                                                    
a_ia   23   35                                                     -0.00140341100566583350                                                    
a_ia   61   83                                                      0.00067350884393667355                                                    
a_ia   12   34                                                      0.00134986339713840959                                                    
a_ia   12   20                                                      0.17334931859902194540                                                    
op     12   37   60   85   37   12   60   85                       -0.00527845898601536634                                                    
a_ia   12   37                                                      0.00151200145267024006                                                    
a_ia   60   85                                                      0.00137389499898046244                                                    
a_ia   60   81                                                      0.00159616133376327680                                                    
om     12   35   60   85   35   12   60   85                        0.00494423382631586309                                                    
om     12   37   60   83   37   12   60   83                        0.00500050810663181348                                                    
om     12   33   60   83   33   12   60   83                        0.00419785445916634990                                                    
op     13   37   60   85   37   13   60   85                        0.00318120700526112847                                                    
a_ia   13   37                                                     -0.00056341203865175249                                                    
a_ia   61   75                                                     -0.00076651918240209008                                                    
mvp2   13   37   60   83   37   13   60   83                       -0.00302977355985465952   -0.15807774323173190423                          
op     11   29   59   77   29   11   59   77                       -0.00998251961953305726                                                    
op     10   29   59   77   29   10   59   77                       -0.00665352654728566285                                                    
op     11   29   58   77   29   11   58   77                       -0.00648366605221751581                                                    
a_ia   59   71                                                      0.19239061554670458531                                                    
a_ia   64   67                                                     -0.06575209328484109272                                                    
op     10   29   58   77   29   10   58   77                       -0.00589823844966754461                                                    
om      6   29   54   77   29    6   54   77                       -0.00402465270369298158                                                    
a_ia   10   29                                                     -0.00073093431071071175                                                    
a_ia   59   80                                                      0.00115204202851812432                                                    
a_ia   54   77                                                     -0.00068037102910258594                                                    
a_ia    6   29                                                     -0.00061219243157393795                                                    
op     11   32   59   80   32   11   59   80                       -0.00422703138946521270                                                    
a_ia   11   32                                                      0.00126694280642327913                                                    
om     10   29   64   77   29   10   64   77                       -0.00381873368510810820                                                    
a_ia   64   77                                                     -0.00142321134445725023                                                    
op      7   30   55   78   30    7   55   78                       -0.00296230502026120692                                                    
a_ia   55   78                                                      0.00080703079814550968                                                    
op      0   30   48   78   30    0   48   78                       -0.00530838437233448028                                                    
a_ia    0   30                                                      0.00115440859541000493                                                    
a_ia   48   78                                                      0.00110652965951572153                                                    
a_ia    9   30                                                     -0.00110487505601347203                                                    
a_ia   14   30                                                      0.00132309289875863815                                                    
om      4   29   52   77   29    4   52   77                       -0.00477563992486083975                                                    
a_ia    4   19                                                     -0.11131064428021579527                                                    
a_ia   58   77                                                     -0.00086359506750874858                                                    
op      2   30   50   78   30    2   50   78                       -0.00288672771355042357                                                    
om      0   29   48   77   29    0   48   77                       -0.00547994084349893995                                                    
a_ia    0   29                                                     -0.00073724657343499545                                                    
op     14   29   62   77   29   14   62   77                       -0.00671220424135843523                                                    
