op     16   18   52   54   18   16   52   54                       -0.01220891625903522230                                                    
op     14   18   50   54   18   14   50   54                       -0.06563126192572270312                                                    
op     17   19   53   55   19   17   53   55                       -0.02381740438517729666                                                    
op     16   18   50   54   18   16   50   54                       -0.00135173309275910284                                                    
op     17   20   53   56   20   17   53   56                       -0.01372282818233239339                                                    
a_ia   50   54                                                     -0.00440033695940505749                                                    
a_ia   16   18                                                     -0.00239286966667461151                                                    
op     16   20   52   56   20   16   52   56                       -0.04287748111228666809                                                    
a_ia   14   18                                                     -0.00377545174360234808                                                    
op     16   19   52   55   19   16   52   55                       -0.01552833198072561295                                                    
op     16   19   52   56   19   16   52   56                        0.03592939909765065915                                                    
op     17   27   53   63   27   17   53   63                       -0.04313935973651356753                                                    
op     17   27   53   55   27   17   53   55                       -0.02460043656661987932                                                    
op     17   23   53   59   23   17   53   59                       -0.01153803766586527016                                                    
op     17   19   53   63   19   17   53   63                       -0.02531594415588350744                                                    
op     17   26   53   62   26   17   53   62                       -0.01372578275351341200                                                    
om     14   18   52   54   18   14   52   54                       -0.00008717353927509183                                                    
op     12   22   48   58   22   12   48   58                       -0.01923226972858976119                                                    
a_ia   12   18                                                     -0.00437889476309384629                                                    
op     12   22   47   58   22   12   47   58                       -0.01252006691164367184                                                    
a_ia   48   54                                                     -0.00371591634676145472                                                    
a_ia   12   22                                                      0.00139944327392505928                                                    
op     16   23   52   59   23   16   52   59                       -0.00626500096262254651                                                    
op     16   23   50   59   23   16   50   59                       -0.00276969417354643943                                                    
op     11   22   47   58   22   11   47   58                       -0.01471631658900827977                                                    
op     10   22   46   58   22   10   46   58                       -0.01269818744731955780                                                    
op     14   23   50   59   23   14   50   59                       -0.01137862366360851800                                                    
a_ia   14   23                                                     -0.00366583029144809539                                                    
a_ia   50   56                                                     -0.00548109961052417865                                                    
mvp2   14   23   50   54   23   14   50   54                       -0.02165892912853567900    0.23360041178243251547                          
op     16   24   52   60   24   16   52   60                       -0.00508067047779796159                                                    
op     16   25   52   61   25   16   52   61                       -0.00725572344627062674                                                    
op     16   25   52   60   25   16   52   60                       -0.00314974009942540524                                                    
op     16   24   52   61   24   16   52   61                       -0.00388172512507467407                                                    
op     14   21   50   57   21   14   50   57                       -0.00572687760614719234                                                    
a_ia   11   18                                                      0.00181066512661193744                                                    
mvp2   14   18   50   59   18   14   50   59                       -0.01245822553528753290   -0.16541360964321991101                          
a_ia   50   59                                                     -0.00253557681569610257                                                    
op     11   22   48   58   22   11   48   58                       -0.01348789559331535493                                                    
a_ia   11   22                                                      0.00167893681162544937                                                    
mvp2   17   27   52   60   27   17   52   60                        0.01991177256187808692   -0.27682293050813422397                          
op     14   18   47   54   18   14   47   54                        0.01869731461029464428                                                    
mvp2   17   27   52   61   27   17   52   61                        0.02014693353063420206   -0.25484843993217898284                          
mvp2   16   25   17   27   16   17   27   25                        0.01460155139072124610    0.42193818847272629435                          
op     14   20   50   56   20   14   50   56                       -0.00509140040536202806                                                    
a_ia   14   20                                                     -0.00452834570444671236                                                    
op     10   22   48   58   22   10   48   58                       -0.01017191249828195386                                                    
mvp2   14   18   45   54   18   14   45   54                       -0.00033735737760918523    0.15557956154828184170                          
op     13   22   49   58   22   13   49   58                       -0.00121568649899205959                                                    
op      1   22   37   58   22    1   37   58                       -0.00937435356083071887                                                    
op      4   22   40   58   22    4   40   58                       -0.00757412298019260414                                                    
op      1   22   40   58   22    1   40   58                       -0.00295092452228253206                                                    
op      2   22   38   58   22    2   38   58                       -0.00574211901221509564                                                    
op      4   22   38   58   22    4   38   58                       -0.00331993790163674684                                                    
op     16   20   52   55   20   16   52   55                        0.01630749021580780653                                                    
mvp2    9   18   50   54   18    9   50   54                       -0.03015134005280539070   -0.08658930187124687372                          
a_ia   45   50                                                     -0.45066503073943314783                                                    
mvp2   12   18   50   54   18   12   50   54                       -0.01062444577423661551    0.13835665132691624124                          
op      5   22   41   58   22    5   41   58                       -0.00402745048563796747                                                    
om      9   20   45   56   20    9   45   56                       -0.00877978572814348476                                                    
mvp2   11   18   50   54   18   11   50   54                        0.01815878733530463737   -0.03693707400541740293                          
mvp2   16   23   52   61   23   16   52   61                       -0.00200242724455298050    0.15230079007898009169                          
op      9   19   45   56   19    9   45   56                        0.00781092486932074073                                                    
om      9   19   45   55   19    9   45   55                       -0.00456176211350300259                                                    
op      9   20   45   55   20    9   45   55                        0.00316788856225831738                                                    
mvp2   16   23   52   60   23   16   52   60                       -0.00333390749849173411    0.01282649974628491917                          
mvp2   16   23   53   63   23   16   53   63                        0.00549833416505322251    0.12316010850096389961                          
mvp2   14   18   48   54   18   14   48   54                       -0.01649810961200788573   -0.11670178873493435023                          
mvp2   14   18   49   54   18   14   49   54                        0.00790039988286365263   -0.10241644555934507899                          
a_ia   49   54                                                     -0.00005426661868810850                                                    
mvp2   16   24   17   27   16   17   27   24                        0.01316034208486219735    0.44259908764138744530                          
mvp2   14   23   53   63   23   14   53   63                        0.02552184746393934209    0.39248013949831173086                          
a_ia   14   19                                                      0.00339352610287534757                                                    
mvp2   14   23   52   61   23   14   52   61                       -0.01099125866006182839    0.23027154435190183568                          
mvp3   14   23   16   25   14   16   25   23   14   16   23   25   -0.00752565297894643766    0.15718691391932657075    0.30850804716845708908
a_ia   14   16                                                      0.47616387821316175089                                                    
a_ia   17   26                                                     -0.00078778639319763923                                                    
mvp2   14   23   52   60   23   14   52   60                       -0.00698182519311600809   -0.01779186375631148023                          
a_ia   53   63                                                      0.00340845214286508063                                                    
mvp2   14   23   52   59   23   14   52   59                       -0.00431299207886068695    0.21678297485390857213                          
a_ia   50   55                                                      0.00151742765551677152                                                    
mvp3   50   59   53   63   50   53   63   59   50   53   59   63    0.01210509071655983641    0.53862154838376574695    0.29806982402583742653
a_ia   50   52                                                      0.48675563808516486564                                                    
op     14   28   50   64   28   14   50   64                       -0.00425086390781656467                                                    
a_ia   14   28                                                     -0.00067824994139146361                                                    
a_ia   52   53                                                     -0.15854609130468838574                                                    
a_ia    9   20                                                      0.00140193715475405095                                                    
a_ia    9   19                                                     -0.00112242926473159720                                                    
a_ia   16   28                                                     -0.00162801606195991043                                                    
a_ia   50   57                                                      0.00178683941568458281                                                    
op     13   19   49   55   19   13   49   55                       -0.01753515985599004429                                                    
om     13   19   49   56   19   13   49   56                       -0.00564319702398762609                                                    
om     13   20   49   55   20   13   49   55                       -0.01244465009367118173                                                    
a_ia   54   56                                                      0.15635002402402808919                                                    
om     13   20   49   56   20   13   49   56                       -0.00408929713787407976                                                    
a_ia   18   21                                                     -0.20508837717813788171                                                    
op      2   22   40   58   22    2   40   58                       -0.00330913993520936048                                                    
op      4   22   37   58   22    4   37   58                       -0.00291193014153075984                                                    
op      6   22   42   58   22    6   42   58                       -0.00502944688229893782                                                    
op     10   25   46   61   25   10   46   61                       -0.01437251390828226880                                                    
a_ia   46   56                                                      0.00139863238295568205                                                    
a_ia   46   61                                                     -0.00215749779781719770                                                    
a_ia   10   25                                                     -0.00210125090338600861                                                    
om     10   25   46   60   25   10   46   60                        0.01453251977800204021                                                    
a_ia   45   60                                                      0.00054142065126047733                                                    
a_ia   46   54                                                      0.00057388315535537523                                                    
a_ia   46   60                                                      0.00267695990311659802                                                    
op     10   24   46   60   24   10   46   60                       -0.01580441849341942054                                                    
a_ia    9   24                                                      0.00035472666278953211                                                    
a_ia   10   24                                                      0.00264655747662741886                                                    
op     10   24   46   61   24   10   46   61                        0.01446903337023516638                                                    
op     10   21   46   57   21   10   46   57                       -0.01028526531467347307                                                    
a_ia   45   61                                                      0.00099106288193896329                                                    
op     14   29   50   65   29   14   50   65                       -0.00477763457140285407                                                    
a_ia   50   64                                                     -0.00039897509657002675                                                    
mvp2   14   26   17   27   14   17   27   26                       -0.00870726353770756925   -0.37769254801609752903                          
op     16   29   50   65   29   16   50   65                       -0.00227135254058877765                                                    
a_ia   52   64                                                     -0.00149838052435743714                                                    
op     16   29   52   65   29   16   52   65                       -0.00168476553538487355                                                    
a_ia   16   29                                                      0.00057408260676515424                                                    
mvp2   14   26   50   62   26   14   50   62                       -0.00516191423732317075    0.75386976128558791377                          
a_ia   17   30                                                     -0.00069686344839027157                                                    
a_ia   55   56                                                      0.35499999640535156997                                                    
op     15   19   51   55   19   15   51   55                       -0.00751214353011255866                                                    
op     15   20   51   55   20   15   51   55                       -0.00549470917752826332                                                    
a_ia   12   19                                                      0.00070319074953607722                                                    
a_ia   48   56                                                     -0.00155220433424548649                                                    
a_ia   48   49                                                     -0.45753862596166144927                                                    
om      1   18   37   54   18    1   37   54                       -0.00888191752849056861                                                    
a_ia   18   20                                                      0.17223998162410200652                                                    
a_ia   37   54                                                     -0.00018951610483455727                                                    
op     14   31   50   67   31   14   50   67                       -0.00388990273552765591                                                    
om      1   21   37   57   21    1   37   57                       -0.00828445716428373620                                                    
a_ia   49   57                                                      0.00061303561797642974                                                    
a_ia   48   57                                                     -0.00167207795401633978                                                    
op      1   25   37   61   25    1   37   61                       -0.00457514437839159297                                                    
a_ia   11   21                                                     -0.00260679027017065440                                                    
om      4   21   40   57   21    4   40   57                       -0.02099277694461637589                                                    
om      4   18   40   54   18    4   40   54                       -0.00924748330037272921                                                    
a_ia   40   54                                                     -0.00260542333911789950                                                    
a_ia   12   21                                                     -0.00148257449448381019                                                    
a_ia    4   18                                                     -0.00241588164950469562                                                    
a_ia   40   57                                                      0.00005197876263017651                                                    
a_ia   54   57                                                     -0.20975955485490349606                                                    
op      1   21   40   57   21    1   40   57                       -0.01111249237438616255                                                    
a_ia   11   25                                                      0.00181890152576597345                                                    
op      4   21   47   57   21    4   47   57                       -0.00945364852052029900                                                    
a_ia   47   57                                                     -0.00364348085439944631                                                    
op      4   21   37   57   21    4   37   57                       -0.01145243711150425135                                                    
a_ia   44   54                                                     -0.00112659103773304166                                                    
om     10   24   46   63   24   10   46   63                        0.00429228970502335341                                                    
a_ia    9   23                                                     -0.00249456789536713899                                                    
om     16   28   52   64   28   16   52   64                       -0.00326896716596768730                                                    
op     14   32   50   68   32   14   50   68                       -0.00313401236862686800                                                    
a_ia   14   32                                                     -0.00060803939902496151                                                    
a_ia   50   68                                                     -0.00058798418624916621                                                    
op     10   31   46   67   31   10   46   67                       -0.00517442515025104063                                                    
a_ia   10   31                                                      0.00101830003977318364                                                    
a_ia   48   63                                                     -0.00095559324063467074                                                    
a_ia   48   59                                                     -0.00155104051747093855                                                    
a_ia   48   53                                                      0.13321954921283998829                                                    
om     16   32   52   68   32   16   52   68                       -0.00430937224554589927                                                    
a_ia   16   32                                                      0.00032063281620249237                                                    
a_ia   52   65                                                      0.00059179054004775470                                                    
a_ia   14   30                                                      0.00141400281830547929                                                    
a_ia   14   17                                                      0.03144514632235972940                                                    
op     10   32   46   68   32   10   46   68                       -0.00479825799424332504                                                    
a_ia   10   32                                                      0.00054505040014634905                                                    
om     10   32   46   67   32   10   46   67                       -0.00425772798262734602                                                    
a_ia   46   67                                                      0.00057749531982028985                                                    
om     10   31   46   68   31   10   46   68                       -0.00426019336337964301                                                    
a_ia   16   26                                                      0.00053603595106627969                                                    
om     16   26   52   62   26   16   52   62                       -0.00265189856947852963                                                    
a_ia   46   68                                                      0.00056350427529355438                                                    
op     14   33   50   69   33   14   50   69                       -0.00127051833156412272                                                    
a_ia   14   33                                                     -0.00041994421585270447                                                    
op     14   34   50   70   34   14   50   70                       -0.00219742271090142506                                                    
a_ia   45   56                                                      0.00336338426683174298                                                    
a_ia   47   54                                                      0.00266243875752748436                                                    
a_ia   17   27                                                      0.00121694199620178299                                                    
a_ia   14   35                                                     -0.00142490077560419913                                                    
a_ia    1   18                                                      0.00009676416582816280                                                    
a_ia   50   66                                                      0.00105031133999911779                                                    
a_ia   50   71                                                     -0.00140618381845190378                                                    
a_ia   17   33                                                     -0.00058901379873400645                                                    
op     16   34   52   70   34   16   52   70                       -0.00475795167634293723                                                    
a_ia   16   34                                                     -0.00099534175757930664                                                    
a_ia   37   57                                                      0.00078941292770496729                                                    
a_ia   16   17                                                     -0.16076438252878999524                                                    
a_ia   52   70                                                     -0.00102810646380864729                                                    
a_ia   16   30                                                      0.00130198753280553049                                                    
a_ia   10   31                                                     -0.00040698706759796193                                                    
om      4   25   40   61   25    4   40   61                       -0.00631620613032235489                                                    
a_ia   26   27                                                     -0.43545701105149359211                                                    
mvp2   17   27   53   62   27   17   53   62                       -0.01225005546499971162    0.42818011608018863301                          
a_ia   53   62                                                     -0.00055453260026145019                                                    
op     11   28   47   64   28   11   47   64                       -0.00848488299647535797                                                    
a_ia   11   28                                                      0.00168674602639412043                                                    
a_ia   56   64                                                      0.10509513618168037086                                                    
a_ia   47   64                                                      0.00171168286893551833                                                    
a_ia   23   29                                                     -0.11120507353423353392                                                    
om      4   28   40   64   28    4   40   64                       -0.00466159517012757971                                                    
a_ia   55   64                                                     -0.15137273941119744336                                                    
a_ia    4   28                                                      0.00125731892457579320                                                    
mvp2   11   28   40   57   28   11   40   57                        0.00813636113195575529    0.10795638470275618903                          
mvp2    4   28   40   57   28    4   40   57                        0.00684567075245008823    0.28388507175261856741                          
om      4   28   37   57   28    4   37   57                        0.00529802893932514781                                                    
op     11   28   37   57   28   11   37   57                        0.00529213243874157926                                                    
op      1   28   37   64   28    1   37   64                       -0.00376231031678109186                                                    
mvp2    4   21   47   64   21    4   47   64                        0.01046981343523070186   -0.33664830080249136257                          
op      4   21   40   64   21    4   40   64                        0.00625087436626060346                                                    
mvp2    1   21   40   64   21    1   40   64                        0.00522755663889014691   -0.30139699747561843335                          
om      1   21   47   64   21    1   47   64                        0.00664410550925335300                                                    
om     11   21   47   57   21   11   47   57                       -0.00977537665240046580                                                    
mvp2   11   21   40   57   21   11   40   57                       -0.00890770032462370569    0.46612225319820665970                          
op      4   28   47   64   28    4   47   64                       -0.00476757532225087662                                                    
a_ia   45   55                                                     -0.00205592501798623544                                                    
a_ia    4   20                                                     -0.00125857973106315610                                                    
a_ia   49   55                                                     -0.00116858670465679938                                                    
om      4   20   40   56   20    4   40   56                       -0.00464907021946056077                                                    
a_ia   40   56                                                     -0.00163705455150078448                                                    
mvp2   11   21   47   64   21   11   47   64                        0.00729179773106349190   -0.17688026773701223671                          
om      4   24   40   60   24    4   40   60                       -0.00474178985992150526                                                    
a_ia   40   60                                                      0.00124397999226735301                                                    
a_ia    4   24                                                      0.00112888125878568449                                                    
om      4   23   40   59   23    4   40   59                       -0.00561515044321313477                                                    
a_ia   40   59                                                     -0.00137428390616798788                                                    
a_ia   49   59                                                      0.00174902784188775331                                                    
a_ia   20   28                                                      0.18631322642566808256                                                    
om      9   31   45   67   31    9   45   67                       -0.00392616532367939895                                                    
a_ia   55   63                                                     -0.10788401743135989097                                                    
a_ia   46   62                                                     -0.00113768878694054374                                                    
a_ia   46   53                                                      0.12647648403476510759                                                    
om      9   32   45   68   32    9   45   68                       -0.00346899810108491219                                                    
om      9   31   45   68   31    9   45   68                        0.00317621259024271699                                                    
op      9   32   45   67   32    9   45   67                        0.00317106246033287348                                                    
a_ia   45   67                                                     -0.00044059726173913149                                                    
om     10   33   46   69   33   10   46   69                       -0.00330942931287222597                                                    
a_ia   10   17                                                      0.14301509492526312539                                                    
a_ia   52   66                                                      0.00109024466197637387                                                    
om     11   21   37   57   21   11   37   57                       -0.00498339165045351157                                                    
om     11   25   47   61   25   11   47   61                       -0.00593865305894200179                                                    
a_ia   47   61                                                      0.00260970919281961920                                                    
mvp2    4   21   40   69   21    4   40   69                        0.00280518482995945713   -0.15920402736521493958                          
a_ia   40   69                                                      0.00030282201337004640                                                    
a_ia    4   23                                                     -0.00103931813933234472                                                    
om     11   28   37   54   28   11   37   54                        0.00321308100610534237                                                    
om     10   30   46   66   30   10   46   66                       -0.00494026219071101811                                                    
a_ia   46   66                                                      0.00136148021228518420                                                    
a_ia   10   30                                                      0.00135111560245769285                                                    
a_ia   10   26                                                     -0.00066486339901221392                                                    
mvp2    4   33   40   57   33    4   40   57                        0.00350827061471237862    0.13116409325111383355                          
a_ia   57   69                                                     -0.37219312643721103040                                                    
a_ia    4   33                                                      0.00022934923610551977                                                    
mvp2    4   21   40   69   21    4   40   69                       -0.00205883454343449559    0.09985769921420374617                          
op      4   33   40   69   33    4   40   69                       -0.00051602376486354251                                                    
om     10   30   48   66   30   10   48   66                       -0.00411150411068527451                                                    
a_ia   48   66                                                      0.00129499509600455669                                                    
om      9   34   45   70   34    9   45   70                       -0.00198011198911042432                                                    
mvp3   16   26   17   27   16   17   27   26   16   17   26   27   -0.00374782377867998243   -0.23930218871538766479    0.21076648447327012148
om     16   34   45   70   34   16   45   70                        0.00246536434906019074                                                    
a_ia   46   52                                                     -0.03041320984213644052                                                    
a_ia   46   50                                                      0.14069767873981386952                                                    
op     11   18   47   54   18   11   47   54                       -0.00863919534755408676                                                    
mvp2    1   18   47   64   18    1   47   64                        0.00682568420022105875    0.23581481286196939728                          
a_ia   15   25                                                     -0.00081227264948706152                                                    
a_ia   51   61                                                     -0.00079729800707126035                                                    
mvp2   37   54   47   64   37   47   64   54                        0.00652882544360261323    0.14142512956621081099                          
a_ia   54   64                                                      0.06840609938223791986                                                    
mvp2    6   28   47   64   28    6   47   64                        0.00524180586226783568    0.38704815515272289472                          
a_ia   18   28                                                      0.08481218220332475966                                                    
a_ia    6   25                                                     -0.00190861803669895198                                                    
mvp2    8   28   47   64   28    8   47   64                        0.00410258072883604163    0.34755091500354473588                          
a_ia    8   25                                                     -0.00182100359807348773                                                    
om     12   22   38   58   22   12   38   58                       -0.00453566679604146001                                                    
mvp2   11   28   42   64   28   11   42   64                        0.00097396322117124289   -0.33122825121223609113                          
a_ia   42   47                                                      0.40560301141567867145                                                    
op      4   33   37   57   33    4   37   57                        0.00046314074023680600                                                    
a_ia   37   59                                                     -0.00079381987206324505                                                    
a_ia   40   63                                                     -0.00093782485854858137                                                    
om      4   33   37   69   33    4   37   69                       -0.00044919456275266173                                                    
om      4   24   37   61   24    4   37   61                        0.00406453113627653750                                                    
a_ia   21   33                                                     -0.42557358500918063271                                                    
mvp2    4   33   40   57   33    4   40   57                       -0.00344845945972575363   -0.07950105888542474686                          
op      6   22   47   58   22    6   47   58                        0.00756321206107476648                                                    
om      1   22   47   58   22    1   47   58                        0.00456724149939850745                                                    
a_ia   47   58                                                      0.00150720354709906823                                                    
a_ia   19   22                                                      0.07603320715208777836                                                    
om      4   24   40   61   24    4   40   61                        0.00368663948643611992                                                    
a_ia   37   60                                                      0.00063542943895891670                                                    
op     10   35   46   71   35   10   46   71                       -0.00205711217103057191                                                    
a_ia   10   14                                                      0.14540365715829428606                                                    
a_ia   26   30                                                      0.29093683654575086539                                                    
op      9   34   52   70   34    9   52   70                        0.00278563337989255234                                                    
a_ia   45   52                                                      0.33166776518968266174                                                    
mvp3   52   62   53   63   52   53   63   62   52   53   62   63   -0.00520617941314645716   -0.31644801605635713981    0.23866483726885429073
a_ia    9   16                                                      0.28080987782039118494                                                    
a_ia   57   59                                                     -0.25856494784373551532                                                    
mvp2    4   23   40   57   23    4   40   57                        0.00335750422834479433    0.04911336403306846426                          
a_ia   23   33                                                     -0.12111993424249213602                                                    
