op     24   32   88   96   32   24   88   96                       -0.14654745739771599111                                                    
a_ia   24   32                                                      0.05070865063849663845                                                    
op     31   33   95   97   33   31   95   97                       -0.03965219302115825101                                                    
op     28   35   92   99   35   28   92   99                       -0.13204266655004837094                                                    
a_ia   28   35                                                      0.00826215996737766217                                                    
op     31   36   95  100   36   31   95  100                       -0.04882708029229475971                                                    
a_ia   88   96                                                      0.02067866959073769509                                                    
a_ia   92   99                                                      0.07131293608955328878                                                    
op     31   34   95   98   34   31   95   98                       -0.04973342251576236273                                                    
mvp2   28   35   91   99   35   28   91   99                       -0.00014006251682539237   -0.48069650311657791120                          
om     24   32   88   99   32   24   88   99                        0.00707351057409509772                                                    
a_ia   96   99                                                     -0.00039989886128128272                                                    
a_ia   88   99                                                      0.00488481378767404231                                                    
a_ia   31   36                                                      0.01437752589600203509                                                    
op     31   37   95  101   37   31   95  101                       -0.02532846862122536957                                                    
a_ia   31   37                                                     -0.00325437167052939572                                                    
op     24   35   88   96   35   24   88   96                        0.00999120149065574337                                                    
mvp2   27   35   92   99   35   27   92   99                        0.07037723848985853736    0.09975758155329920995                          
a_ia   92   96                                                      0.02147492743903760271                                                    
op     27   35   91   99   35   27   91   99                        0.00004460464634153438                                                    
a_ia   32   35                                                      0.07912246368715528111                                                    
a_ia   91   96                                                     -0.00341732876115528449                                                    
a_ia   24   27                                                     -0.15002601410093463485                                                    
mvp2   25   34   92   99   34   25   92   99                       -0.09003412193091771265   -0.64246381191959911483                          
a_ia   34   35                                                      0.09524965922314275468                                                    
a_ia   95   97                                                     -0.00605398263852868247                                                    
mvp2   26   34   92   99   34   26   92   99                       -0.00544628382388994466   -0.05547107155236209730                          
a_ia   32   34                                                      0.00709562540497758222                                                    
a_ia   88   89                                                      0.07816275401028749403                                                    
a_ia   25   35                                                     -0.00091842138537602677                                                    
mvp2   25   34   89   98   34   25   89   98                       -0.07916098895077432196    0.75702303400941906020                          
a_ia   88   90                                                     -0.21211440959980581988                                                    
op     22   35   86   99   35   22   86   99                       -0.02966564029521804105                                                    
a_ia   22   24                                                     -0.20189294957000586406                                                    
a_ia   86   88                                                     -0.21589217177923306079                                                    
om     26   34   89   98   34   26   89   98                       -0.00538272758984716191                                                    
a_ia   95  101                                                     -0.00745294084085559253                                                    
a_ia   95  100                                                      0.01495749655377698328                                                    
a_ia   31   33                                                     -0.00210744608296665895                                                    
a_ia   96   97                                                      0.13704934066283042116                                                    
mvp2   26   34   90   98   34   26   90   98                       -0.00222118416302473972    0.79504172560601404918                          
a_ia   90   92                                                      0.21943040858066101273                                                    
om     31   36   95  101   36   31   95  101                        0.01940924536061990058                                                    
mvp2   25   33   88   96   33   25   88   96                       -0.00149633016062650790   -0.03065452182879488396                          
a_ia   32   33                                                     -0.04662582526481879458                                                    
mvp2   25   32   88   96   32   25   88   96                       -0.00419451088673225472    0.04630377413191837793                          
a_ia   88   89                                                      0.03537211806477760095                                                    
mvp3   88   96   89   97   88   89   97   96   88   89   96   97    0.00530300900858608499   -0.01903953206611086121   -0.18011494130363778221
a_ia   88   91                                                      0.11016829543031989025                                                    
mvp2   25   34   90   98   34   25   90   98                       -0.01460716518813778494    0.09626404109863617720                          
a_ia   23   24                                                     -0.09260208019373333821                                                    
a_ia   96   97                                                     -0.21159755731995488759                                                    
mvp2   25   36   89   98   36   25   89   98                       -0.04047607069693081455   -0.63682888528373049475                          
a_ia   97   98                                                      0.13141389147564236373                                                    
a_ia   33   36                                                     -0.19422425438522245011                                                    
mvp2   26   36   89   98   36   26   89   98                       -0.00367342982847095306   -0.01909409460929932176                          
a_ia   32   34                                                      0.00250682609155188953                                                    
mvp2   24   32   87   97   32   24   87   97                        0.03050549303035129944   -0.25054536117265996387                          
a_ia   97   99                                                     -0.03755966348450628239                                                    
mvp2   24   32   85   97   32   24   85   97                        0.05052763631817108053   -0.35180165807768870589                          
mvp2   25   36   89  100   36   25   89  100                       -0.02273935162127965759    0.50337830104180147917                          
mvp2   25   34   89  100   34   25   89  100                       -0.03985814675277222358    0.20255697522495103025                          
mvp3   88   96   89   98   88   89   98   96   88   89   96   98   -0.01309661387521174856   -0.01222102764809655448    0.27886840816653807318
a_ia   33   34                                                      0.35035256613254328606                                                    
a_ia   96   99                                                      0.42171392792203332700                                                    
a_ia   98   99                                                      0.01404889213166547919                                                    
a_ia   90   92                                                      0.28280430080012941563                                                    
mvp2   25   34   90  100   34   25   90  100                       -0.00809139081647153660    0.06379393937383652513                          
mvp2   25   34   95  100   34   25   95  100                        0.03175541421732771402   -0.37904886087456568511                          
a_ia   25   34                                                     -0.01557676069095131378                                                    
mvp3   25   34   31   36   25   31   36   34   25   31   34   36    0.01607125956753010024   -0.24164148763395579267   -0.71880162285995430338
a_ia   31   34                                                     -0.00520611703599352729                                                    
a_ia   90   91                                                      1.32258698128188401100                                                    
mvp2   25   36   95   98   36   25   95   98                        0.04229586856887177643   -0.14726196305135327846                          
a_ia   95   98                                                     -0.00070623339676680432                                                    
mvp2   25   34   95  101   34   25   95  101                       -0.01565557607615383068    0.19196766503044829233                          
a_ia   98  101                                                     -0.32110751771576145908                                                    
a_ia   88   92                                                      0.13621709369687501345                                                    
a_ia   92   99                                                     -0.04250663747955162053                                                    
a_ia   29   31                                                      0.16227772120179825843                                                    
mvp2   25   34   95   98   34   25   95   98                        0.01968900880255550559   -0.26899844431942959710                          
op     18   33   82   97   33   18   82   97                       -0.00661763613713614932                                                    
a_ia   82   97                                                      0.00246514279210579765                                                    
a_ia   89   90                                                      0.51530209063477527831                                                    
a_ia   85   97                                                     -0.00339570824196687221                                                    
a_ia   88   89                                                      0.19588666481789945850                                                    
a_ia   91   99                                                      0.02616805782503116642                                                    
mvp2   23   33   87   97   33   23   87   97                       -0.01529673810210058910   -0.75139142144937987045                          
a_ia   87   97                                                     -0.00118873058950834040                                                    
a_ia   32   35                                                      0.38911465360527791590                                                    
mvp2   26   34   95  100   34   26   95  100                        0.00671302622680440639    0.15589582385304801004                          
a_ia   25   26                                                      0.42294349319028951006                                                    
mvp2   18   33   85   97   33   18   85   97                       -0.02007996878018011855   -0.44974552813961676812                          
a_ia   89   99                                                      0.00001195720328872049                                                    
mvp3   21   32   24   33   21   24   33   32   21   24   32   33   -0.02417348620712964427   -0.18015631427381367802    0.32104685588153492048
a_ia   24   33                                                      0.01037630458686619739                                                    
a_ia   32   33                                                     -0.28873937075258854223                                                    
a_ia   82   85                                                     -0.71400755781033597991                                                    
a_ia   28   29                                                      0.13122199978809517829                                                    
a_ia   30   31                                                     -0.19337563839937146892                                                    
a_ia   93   98                                                     -0.00254338403397947124                                                    
a_ia   34   37                                                     -0.33352029349592571261                                                    
a_ia   28   34                                                      0.00111153450585694765                                                    
a_ia   98  101                                                     -0.05373997271980582996                                                    
a_ia   34   38                                                     -0.02742470915981778251                                                    
mvp2   31   37   95  100   37   31   95  100                        0.01168684037444955165    0.32320001498105555005                          
a_ia   18   36                                                     -0.00112796533709092232                                                    
a_ia   18   25                                                      0.31041788445153911669                                                    
mvp2   24   38   88   96   38   24   88   96                       -0.01061604011888283086   -0.07903454599124926094                          
a_ia   35   38                                                      0.26565314962987657266                                                    
a_ia   82   89                                                      0.38320569465410381227                                                    
a_ia   85   92                                                      0.05844321018560073161                                                    
a_ia   34   39                                                      0.05414368706417183735                                                    
a_ia   85   89                                                      0.34668317291685363246                                                    
a_ia   95   98                                                     -0.01492190438850888798                                                    
a_ia   24   38                                                     -0.00515899419038065750                                                    
a_ia   24   25                                                      0.25423588814740710751                                                    
a_ia   18   24                                                     -0.08687315165294642871                                                    
a_ia   32   33                                                     -0.03966028792933330716                                                    
a_ia   24   26                                                     -0.10885865670110102255                                                    
a_ia   28   40                                                      0.00247202385998471609                                                    
mvp2   24   32   88  102   32   24   88  102                       -0.00129583128415103159    0.05392809690165702857                          
a_ia   99  102                                                      0.29166675906511790872                                                    
a_ia   88  102                                                     -0.00452668851757759456                                                    
mvp2   24   38   88  102   38   24   88  102                       -0.00501551351259792600   -0.18368734990505883320                          
a_ia   35   36                                                      0.07493304169435827111                                                    
a_ia   99  101                                                      0.11229789565845160748                                                    
a_ia   93   95                                                      0.18961794986171903732                                                    
a_ia   94   95                                                     -0.19737815083081353129                                                    
a_ia   99  100                                                      0.04773253681971715429                                                    
a_ia   98   99                                                      0.11810883233610647292                                                    
a_ia   82   92                                                     -0.07168105087177013834                                                    
mvp2   24   32   82   98   32   24   82   98                       -0.01308717152239844903    0.19615493276926357358                          
a_ia   82   88                                                     -0.18119651757660099056                                                    
a_ia   82   98                                                      0.01773740661970991603                                                    
a_ia   98  102                                                     -0.01657985472929869933                                                    
mvp2   23   33   90   97   33   23   90   97                        0.00886672283087119179   -0.34977049307152613400                          
mvp2   24   32   85   98   32   24   85   98                       -0.01155437359431497196    0.18404775444538779006                          
a_ia   85   98                                                     -0.00512085883446873873                                                    
mvp2   24   32   89   98   32   24   89   98                       -0.01183038796111802321    0.07518791034797540906                          
a_ia   82  100                                                     -0.01683631447101375384                                                    
a_ia   82  101                                                      0.00066067220478936543                                                    
mvp2   27   33   90   97   33   27   90   97                       -0.00664444048635481812   -0.15101391398036342895                          
mvp2   18   34   88   96   34   18   88   96                       -0.01394545338610813506   -0.15383313097740916597                          
a_ia   18   34                                                      0.00278533628470040108                                                    
a_ia   96  102                                                      0.08816270496166467296                                                    
mvp2   25   34   88   96   34   25   88   96                       -0.00571544816708148204   -0.02070533231063409474                          
a_ia   18   25                                                      0.05109327220035084910                                                    
a_ia   21   36                                                     -0.01732194640757764650                                                    
mvp2   21   34   88   96   34   21   88   96                       -0.01430232661360125550   -0.16960603009032720889                          
a_ia   96   98                                                     -0.01630666729682522104                                                    
mvp2   21   32   24   36   21   24   32   36                       -0.00958113683372116900    0.20317705360233043188                          
a_ia   24   36                                                      0.00014303413596567375                                                    
mvp2   31   36   82  100   36   31   82  100                        0.00452570433700877697   -0.07128150551675858926                          
mvp2   18   36   82  100   36   18   82  100                       -0.00378493159417145082   -0.00575492889401829893                          
a_ia   82  100                                                      0.01988818063271051081                                                    
a_ia   26   31                                                      0.05056642784293398363                                                    
a_ia   18   31                                                      0.18079583510652824652                                                    
mvp2   31   36   85  100   36   31   85  100                       -0.00109594423497613876   -0.07333894287870992845                          
a_ia   85  100                                                     -0.00797757198438921004                                                    
a_ia   18   26                                                      0.02181945557265912647                                                    
a_ia   31   36                                                     -0.00042692377392907648                                                    
a_ia   21   25                                                      0.40018817370339371253                                                    
a_ia   21   34                                                      0.00144071311288618796                                                    
mvp2   21   36   82  100   36   21   82  100                       -0.00106115631337206176    0.21082542687540245518                          
a_ia   24   32                                                     -0.01682862082820887895                                                    
a_ia   23   33                                                      0.00104325505291716879                                                    
a_ia   90   97                                                      0.00016468567791396094                                                    
a_ia   88   96                                                     -0.00379954433525494552                                                    
a_ia   18   31                                                      0.09432244935119710183                                                    
a_ia   28   39                                                      0.00088928807784564574                                                    
a_ia   24   35                                                     -0.01157306566091713396                                                    
mvp2   18   36   85  100   36   18   85  100                       -0.00048893550293354401   -0.16650538824499752644                          
mvp2   21   36   85  100   36   21   85  100                       -0.00122796062672495053    0.34342666827205436952                          
a_ia   21   36                                                      0.01296663847032734906                                                    
a_ia   99  103                                                     -0.10152292335976653703                                                    
a_ia   24   32                                                     -0.00060719199651966082                                                    
mvp2   18   34   82   98   34   18   82   98                       -0.00644332297011333301    0.04955390894188744372                          
a_ia   21   31                                                      0.25452554612653283117                                                    
a_ia   85  100                                                      0.01391313525863058405                                                    
a_ia   25   36                                                      0.00788680753968754727                                                    
a_ia   18   25                                                      0.00663828694022445577                                                    
mvp2   18   36   82   98   36   18   82   98                        0.00639519048948852462    0.24684221225431424163                          
a_ia   82   98                                                      0.01012934778885417851                                                    
a_ia   18   36                                                      0.00444410180871499059                                                    
mvp2   23   33   89   97   33   23   89   97                       -0.00934864401857843537   -0.01695748999668887647                          
a_ia   92   97                                                     -0.00022007950454279188                                                    
a_ia   91   97                                                      0.00076230295600140420                                                    
op     15   38   79  102   38   15   79  102                       -0.01046351406858741021                                                    
op     15   38   84  102   38   15   84  102                       -0.00583997552767607370                                                    
a_ia   15   38                                                     -0.00146155801299107215                                                    
a_ia   20   22                                                     -0.33388445427740764959                                                    
a_ia   79  102                                                     -0.00088725375615026085                                                    
op      9   38   73  102   38    9   73  102                       -0.00925256167927931104                                                    
a_ia   73  102                                                     -0.00208471458922175482                                                    
a_ia    9   38                                                      0.00688359145213211961                                                    
a_ia   81  102                                                      0.00054524560196160825                                                    
op     14   38   78  102   38   14   78  102                       -0.00534339648234363404                                                    
a_ia   14   38                                                     -0.00170790770748146061                                                    
a_ia   78  102                                                     -0.00137625969420317835                                                    
mvp2   23   34   82   97   34   23   82   97                        0.01161304326393203593    0.27104030790752392521                          
a_ia   23   35                                                     -0.00113979490025194023                                                    
a_ia   82   97                                                     -0.00312398507063189109                                                    
a_ia   34   35                                                      0.06531860175401313362                                                    
a_ia   79   89                                                     -0.07662501505109051148                                                    
a_ia   15   33                                                     -0.00121390388697554174                                                    
a_ia   79   92                                                      0.05817332034910484284                                                    
a_ia   88   98                                                      0.00156694297696278236                                                    
a_ia   85  101                                                     -0.00004010183139359248                                                    
a_ia   85   95                                                      0.22256661499912522295                                                    
a_ia   17   38                                                      0.00114571112703061259                                                    
mvp2   23   36   82   97   36   23   82   97                       -0.00861859469854147665   -0.26898717675117023163                          
a_ia   23   32                                                     -0.00264548156527016735                                                    
a_ia   24   34                                                      0.00002679259308429833                                                    
a_ia   96   97                                                     -0.09076518771932441665                                                    
mvp2   31   36   82   97   36   31   82   97                        0.01029015352290845245   -0.10497581828350302513                          
mvp2   31   36   88   96   36   31   88   96                        0.01030744319038692271    0.12137307457351181883                          
a_ia   18   25                                                      0.04578789700510408484                                                    
a_ia   32   34                                                     -0.10450621687877537092                                                    
a_ia   15   24                                                     -0.11163311655520030685                                                    
a_ia   15   35                                                     -0.00223209018260929135                                                    
a_ia   84   89                                                     -0.04872015358769592186                                                    
a_ia   27   33                                                     -0.00220258383213669780                                                    
mvp2   18   37   88   96   37   18   88   96                       -0.00629999317701615894   -0.05566381319776107783                          
mvp2   88   96   95  100   88   95  100   96                        0.01119147331279202011   -0.06732214561670928077                          
mvp2   31   36   95   97   36   31   95   97                       -0.03457442635616952975   -0.01091558575176965022                          
a_ia   82   95                                                      0.28364765556682786096                                                    
a_ia   82   98                                                     -0.02782973912560235408                                                    
mvp2   31   34   82   97   34   31   82   97                       -0.01088899647461598862    0.02699479429128986280                          
a_ia   34   36                                                      0.14333931765593058150                                                    
a_ia   95   97                                                      0.00923195143249765093                                                    
mvp2   18   36   95   97   36   18   95   97                        0.00972812668739129159   -0.15670038656155196866                          
a_ia   96  101                                                     -0.04697267194684620617                                                    
a_ia   84   92                                                      0.04573281071798682151                                                    
mvp2   24   45   88   96   45   24   88   96                       -0.03716709642400718716   -0.09114776637666531511                          
a_ia   24   45                                                      0.00210120366309089713                                                    
op     24   37   88  101   37   24   88  101                       -0.00671432192091712867                                                    
a_ia   21   24                                                     -0.09691461918772154016                                                    
a_ia   97  100                                                      0.15524947600711544449                                                    
a_ia   28   42                                                      0.00120876359245968294                                                    
a_ia   28   43                                                      0.00097592117113451968                                                    
mvp2   24   45   88   99   45   24   88   99                        0.00264285809163803407    0.07574022838752211828                          
a_ia   93   99                                                      0.00189952239333388874                                                    
a_ia   96   99                                                      0.02785955526815945410                                                    
mvp2   24   32   88  109   32   24   88  109                       -0.00095863141843629466    0.00372990668685594610                          
a_ia   96  109                                                      0.18868790631816603764                                                    
a_ia   26   32                                                      0.00383203528172177364                                                    
a_ia   99  109                                                     -0.03954604736783193936                                                    
a_ia   32   45                                                      0.21574749151654773471                                                    
mvp2   24   45   88   96   45   24   88   96                        0.03987288644961696493    0.13469579839041329050                          
mvp2   24   32   88   96   32   24   88   96                       -0.02552081744807822503   -0.07628894261656207765                          
a_ia   85   94                                                      0.15313600342360242368                                                    
mvp2   24   45   88  109   45   24   88  109                        0.00360710900577830042   -0.20891834897911826241                          
a_ia   88  109                                                      0.00281150384023015794                                                    
a_ia   32   40                                                      0.10295401509745891189                                                    
a_ia   32   46                                                     -0.11384541530386252384                                                    
a_ia   32   44                                                      0.09706014641648932906                                                    
a_ia   32   47                                                      0.07721385205215695879                                                    
a_ia   97  101                                                     -0.14221588353333328159                                                    
om      9   35   73   99   35    9   73   99                       -0.01247009053222738161                                                    
a_ia    9   35                                                      0.00210765130192912004                                                    
a_ia   73   99                                                      0.00139858928702964094                                                    
om      9   34   73   98   34    9   73   98                       -0.00839244525972770300                                                    
mvp2   31   36   73  102   36   31   73  102                       -0.01295725353051765776    0.18567317806752409171                          
a_ia   73   91                                                      0.12520279559747532483                                                    
mvp2    9   36   31   38    9   31   36   38                        0.01139752377042777681   -0.20830928679054086516                          
a_ia    9   38                                                     -0.00841723206487980831                                                    
a_ia   27   31                                                      0.14068144931653558949                                                    
a_ia   27   36                                                      0.00091310618530153714                                                    
mvp2   17   35   92   99   35   17   92   99                        0.00941441079426946770    0.10922512742590247126                          
a_ia   17   33                                                     -0.00150987908732224231                                                    
mvp2   18   36   73  102   36   18   73  102                        0.00560651551462491675   -0.04226022952470995242                          
a_ia    9   27                                                      0.10723374901828633399                                                    
a_ia   22   35                                                     -0.00307788450330859090                                                    
a_ia   22   33                                                      0.00165173395664453102                                                    
om      9   37   73  101   37    9   73  101                       -0.00698960196736115886                                                    
a_ia   96   97                                                     -0.11113422815285224632                                                    
a_ia    9   23                                                     -0.09128871913630927371                                                    
a_ia   28   46                                                      0.00155607198050569098                                                    
a_ia   28   44                                                     -0.00079704041060076893                                                    
a_ia   28   32                                                      0.00360307400792137921                                                    
a_ia   28   48                                                      0.00185789074036541682                                                    
a_ia   28   51                                                      0.00270089240765899975                                                    
a_ia   28   52                                                     -0.00170240640361801754                                                    
a_ia   28   54                                                      0.00209190910381671638                                                    
a_ia   28   53                                                      0.00121672613128165938                                                    
a_ia   85   93                                                     -0.25153944346822298961                                                    
op     29   41   93  105   41   29   93  105                       -0.00358821675991091759                                                    
a_ia   85   88                                                     -0.08651075927970176827                                                    
a_ia   88  103                                                     -0.00206955122713874855                                                    
a_ia   88   94                                                      0.04633453471416011660                                                    
a_ia   88   93                                                     -0.05512301448500266099                                                    
a_ia   96   97                                                     -0.10674793238765295511                                                    
mvp2   22   38   92   99   38   22   92   99                        0.00393461978283757025    0.08026312373709074133                          
a_ia   33   35                                                     -0.03472095932043795657                                                    
mvp2   27   34   91   98   34   27   91   98                       -0.00769167294639465024   -0.12313047884780847774                          
a_ia   28   53                                                      0.00016405910309405362                                                    
a_ia   22   35                                                     -0.00075270996631670467                                                    
a_ia   21   26                                                     -0.03836829403202576122                                                    
a_ia   18   27                                                     -0.02805179781042648965                                                    
