op     25   26   77   78   26   25   77   78                       -0.14410431848613222683                                                    
op     25   27   77   79   27   25   77   79                       -0.10774479488208560385                                                    
op     23   27   75   79   27   23   75   79                       -0.06941376767749531107                                                    
op     23   26   75   78   26   23   75   78                        0.01480263307631803950                                                    
a_ia   75   78                                                     -0.01774216259980889929                                                    
a_ia   23   26                                                      0.00818563718629683121                                                    
op     23   26   77   79   26   23   77   79                        0.10267898793155209869                                                    
mvp3   75   78   77   79   75   77   79   78   75   77   78   79    0.05824528554024625132    0.83079869260459071612    0.27974554583231237004
a_ia   75   77                                                     -0.06694604176872206991                                                    
a_ia   24   25                                                      0.02028585347511172032                                                    
a_ia   23   24                                                      0.26725743363061887914                                                    
mvp2   23   27   77   78   27   23   77   78                        0.06663589070007056026   -0.26898145053982047692                          
a_ia   25   26                                                      0.07177088399864520185                                                    
op     25   35   77   87   35   25   77   87                       -0.02013304053359332019                                                    
mvp2   25   35   77   78   35   25   77   78                        0.02970583386409620871   -0.07862319729184270856                          
a_ia   75   78                                                      0.01370793734619924972                                                    
a_ia   75   87                                                      0.00881755845355302811                                                    
mvp2   25   26   77   87   26   25   77   87                        0.03316142042439305937    0.05548679879244206720                          
op     23   38   75   90   38   23   75   90                       -0.01034240250914372945                                                    
a_ia   75   90                                                     -0.00791035182226261686                                                    
a_ia   23   38                                                     -0.03132845321109974795                                                    
op     23   40   75   92   40   23   75   92                       -0.00739629172468752021                                                    
op     23   37   75   89   37   23   75   89                       -0.00947324001361696949                                                    
mvp2   25   38   77   78   38   25   77   78                       -0.01310356275884582908   -0.02369188833714912235                          
a_ia   25   38                                                      0.01268590415088268093                                                    
a_ia   26   38                                                     -0.22641491589076448432                                                    
a_ia   23   36                                                     -0.00160379635691227859                                                    
mvp2   25   26   77   90   26   25   77   90                       -0.01452731113580886350    0.01967392708284386796                          
a_ia   77   90                                                      0.00531057408868835807                                                    
mvp2   25   38   77   90   38   25   77   90                       -0.00168784226628478800   -0.16421869948993045307                          
a_ia   78   87                                                      0.10661406472629088305                                                    
a_ia   26   35                                                      0.07138955742323475906                                                    
a_ia   78   90                                                     -0.25087270852563348100                                                    
op     23   42   75   94   42   23   75   94                       -0.00701384046923222895                                                    
a_ia   23   42                                                     -0.00171295730088247538                                                    
mvp2   23   27   75   92   27   23   75   92                       -0.02591150844936524963   -0.11829906621075338136                          
a_ia   27   40                                                      0.15935737690888884810                                                    
a_ia   27   42                                                     -0.14899431054129166907                                                    
mvp2   23   27   75   94   27   23   75   94                        0.01476922440075645326    0.12870121903083403536                          
a_ia   75   94                                                     -0.00168328248319813485                                                    
a_ia   23   40                                                      0.00103093423847857766                                                    
op     17   28   69   80   28   17   69   80                       -0.01916065892087577896                                                    
a_ia   79   87                                                      0.02116274618517315423                                                    
op     17   28   67   80   28   17   67   80                        0.01222626782356632177                                                    
a_ia   17   28                                                      0.00557926223759561222                                                    
op     15   33   67   85   33   15   67   85                       -0.01721800238129934935                                                    
a_ia   67   85                                                     -0.00236506410614732362                                                    
a_ia   15   33                                                     -0.00248975632488428579                                                    
mvp2   15   31   77   78   31   15   77   78                        0.01604023354308886998    0.07599270362519902622                          
a_ia   15   25                                                      0.02864680539149124655                                                    
a_ia   23   35                                                      0.03768961609932456464                                                    
a_ia   15   31                                                     -0.00205065644529410203                                                    
mvp2   67   78   77   83   67   77   78   83                       -0.01214861062184924810    0.10239975007601363755                          
a_ia   67   77                                                      0.02753803830247219739                                                    
op     15   32   67   84   32   15   67   84                       -0.00733132901015065563                                                    
op     15   29   67   81   29   15   67   81                       -0.00587157679608066741                                                    
mvp2   15   27   23   41   15   23   27   41                        0.01945306232017437326   -0.20988029750645753602                          
mvp2   15   41   67   93   41   15   67   93                       -0.00822083489449748107    0.77257060919030451362                          
op     15   34   67   86   34   15   67   86                       -0.00428827465796364007                                                    
mvp2   19   31   77   79   31   19   77   79                        0.01773756127200804347    0.19895628270625920209                          
a_ia   19   33                                                     -0.00126894117429846801                                                    
a_ia   25   40                                                     -0.00447749795793122175                                                    
a_ia   76   77                                                      0.08172286231158666647                                                    
mvp2   71   79   77   83   71   77   79   83                       -0.01464519006313860956    0.22332898737046469329                          
op     19   32   71   84   32   19   71   84                       -0.00608339979900500601                                                    
a_ia   19   32                                                     -0.01809088086032812140                                                    
a_ia   71   85                                                     -0.00163066024390338114                                                    
a_ia   73   77                                                      0.09016775269238029578                                                    
op     19   29   71   81   29   19   71   81                       -0.00639380028890310093                                                    
a_ia   71   84                                                     -0.00187551942897181702                                                    
op     19   30   71   82   30   19   71   82                       -0.00631258719081328589                                                    
a_ia   19   30                                                     -0.00126959638019024539                                                    
a_ia   26   40                                                     -0.05033079762415770125                                                    
a_ia   25   26                                                     -0.08146712023718187534                                                    
op     19   34   71   86   34   19   71   86                       -0.00559990527022029023                                                    
a_ia   71   82                                                     -0.00183861586819030658                                                    
mvp2   25   26   67   93   26   25   67   93                        0.01268091351881824730    0.00808813341755672613                          
a_ia   67   93                                                      0.00135709626722447878                                                    
mvp2   15   26   25   41   15   25   26   41                       -0.01067422301315070800    0.00885064362687353577                          
mvp2   19   27   25   41   19   25   27   41                       -0.01126708912832735145    0.16870770336094598196                          
a_ia   15   26                                                      0.00266512794745616972                                                    
mvp2   25   27   71   93   27   25   71   93                        0.01122337514888671790   -0.15431241858092037411                          
op     19   41   71   93   41   19   71   93                       -0.00476441871117893462                                                    
a_ia   23   25                                                     -0.07300886886246804597                                                    
op     25   37   75   89   37   25   75   89                       -0.00460427337230829865                                                    
a_ia   75   89                                                      0.00140372505162949385                                                    
a_ia   25   37                                                     -0.00125242830099725434                                                    
a_ia   23   37                                                      0.00133908131631633814                                                    
mvp2   25   27   67   88   27   25   67   88                       -0.01277779179375156463    0.17158040262927709563                          
mvp2   15   36   67   88   36   15   67   88                       -0.00608893771622867619   -0.78821814823988034515                          
a_ia   25   36                                                     -0.00184090711510380921                                                    
op     15   39   67   91   39   15   67   91                       -0.00390459419761700734                                                    
mvp2   15   27   25   39   15   25   27   39                        0.00986999574075532460   -0.12716210074564998633                          
a_ia   15   39                                                      0.00095525542592632396                                                    
a_ia   25   39                                                      0.00173636014225312676                                                    
mvp2   25   27   67   91   27   25   67   91                       -0.01007892546091080851    0.13005398800516534963                          
a_ia   67   91                                                      0.00084993333860696222                                                    
op     15   43   67   95   43   15   67   95                       -0.00441178684694815311                                                    
op     15   44   67   96   44   15   67   96                       -0.00407356041433432417                                                    
op     15   45   67   97   45   15   67   97                       -0.00410539928217514526                                                    
a_ia   25   27                                                     -0.00862948741040426605                                                    
a_ia   23   27                                                      0.00064088257657350916                                                    
a_ia   77   79                                                      0.00552528604718435616                                                    
op     15   46   67   98   46   15   67   98                       -0.00380183882476677016                                                    
op     15   47   67   99   47   15   67   99                       -0.00358826547568699304                                                    
om     19   36   71   88   36   19   71   88                       -0.00570779909717781999                                                    
mvp2   23   27   71   95   27   23   71   95                       -0.00690301368002744706    0.06131709903455503929                          
om     19   39   71   91   39   19   71   91                       -0.00653489319460259267                                                    
mvp2   19   27   23   43   19   23   27   43                        0.00566763472080592749   -0.14739888408499607353                          
a_ia   19   39                                                     -0.00013323600370067801                                                    
op     19   43   71   95   43   19   71   95                       -0.00355706924324185802                                                    
mvp2   25   26   71   91   26   25   71   91                       -0.01256301338631207916    0.08211781963164642428                          
mvp2   19   26   25   39   19   25   26   39                        0.01136857253534981523   -0.10716190987419464686                          
a_ia   26   37                                                      0.03114806186373696856                                                    
mvp2   19   26   25   43   19   25   26   43                       -0.00564472194877708132   -0.00281313328257693776                          
a_ia   19   25                                                     -0.01529709125353243687                                                    
mvp2   23   27   71   97   27   23   71   97                        0.00646997188215009660   -0.08925073922411411176                          
a_ia   91   95                                                     -0.45307334660978448859                                                    
mvp2   19   27   23   45   19   23   27   45                       -0.00615473145063290435    0.09918819701547006151                          
op     19   46   71   98   46   19   71   98                       -0.00235233760348625351                                                    
op     15   47   67   96   47   15   67   96                        0.00213557025337011465                                                    
om     17   28   68   80   28   17   68   80                        0.00796651784644722069                                                    
a_ia   69   80                                                      0.00129997103603071511                                                    
mvp2   23   26   71   98   26   23   71   98                       -0.00515387459743047414    0.07430728310144316118                          
a_ia   71   98                                                      0.00086686389790870003                                                    
mvp2   23   27   71   98   27   23   71   98                        0.00507961307761386604   -0.03116490017557812728                          
op     15   44   67   99   44   15   67   99                        0.00212952345304441050                                                    
mvp2   19   26   23   46   19   23   26   46                        0.00444294886050018278   -0.08205584979986706162                          
a_ia   26   27                                                      0.02958325205997414456                                                    
mvp2   19   27   23   46   19   23   27   46                       -0.00455407372277084714    0.04787256475412428325                          
op     15   48   67  100   48   15   67  100                       -0.00255854416543376288                                                    
a_ia   15   48                                                      0.00036888822232057850                                                    
op     15   49   67  101   49   15   67  101                       -0.00233652699562192021                                                    
a_ia   67  100                                                      0.00030228481912304917                                                    
a_ia   15   49                                                      0.00062333086401847012                                                    
mvp2   23   27   71   84   27   23   71   84                       -0.01147073401267195876    0.25857632015636605738                          
a_ia   27   39                                                     -0.02848955820062308922                                                    
mvp2   19   27   23   32   19   23   27   32                        0.01193603232326559405   -0.23197223744846298676                          
mvp2   23   40   71   84   40   23   71   84                       -0.00569426595058593419   -0.30219577766130323315                          
a_ia   19   32                                                      0.01442056359263355243                                                    
a_ia   27   32                                                      0.01542263033470772475                                                    
a_ia   78   92                                                     -0.04460264053017692215                                                    
a_ia   77   92                                                      0.01167625611819754841                                                    
a_ia   77   78                                                     -0.00534659519993389409                                                    
mvp2   23   38   77   92   38   23   77   92                       -0.00965341005746492634    0.14314001007397011977                          
a_ia   77   88                                                     -0.00204758579225028034                                                    
a_ia   23   38                                                      0.02725059257527161216                                                    
a_ia   77   93                                                     -0.00045755040478336008                                                    
om     25   40   77   92   40   25   77   92                       -0.00613688657618830478                                                    
mvp2   23   26   77   92   26   23   77   92                        0.01360699966714405511   -0.06459540723319445732                          
mvp2   23   35   77   92   35   23   77   92                        0.00591189547559483816    0.21282315716295682750                          
a_ia   23   35                                                     -0.02706536264656327767                                                    
mvp2   25   26   71   84   26   25   71   84                        0.01142429965292235915    0.05285384755666212159                          
a_ia   77   92                                                     -0.02217296963746961252                                                    
om     17   28   64   80   28   17   64   80                       -0.01004729620855404626                                                    
a_ia   64   80                                                      0.00165261996019968704                                                    
mvp3   19   27   25   37   19   25   37   27   19   25   27   37    0.00473353404152032035   -0.07971140842927960934   -0.08852191046253678197
a_ia   39   43                                                     -0.41256380927539360037                                                    
op     15   51   67  103   51   15   67  103                       -0.00212097231846229391                                                    
a_ia   67   89                                                      0.00105706163745494276                                                    
op     15   50   67  102   50   15   67  102                       -0.00183119958342513474                                                    
om     17   28   66   80   28   17   66   80                       -0.00612682338873356096                                                    
om     17   28   61   80   28   17   61   80                        0.00919051946037421040                                                    
a_ia   66   80                                                      0.00105320871723014781                                                    
om     17   28   62   80   28   17   62   80                       -0.00403041373094782142                                                    
om     17   28   58   80   28   17   58   80                       -0.01118102172251396985                                                    
a_ia   58   80                                                      0.00192866511966976713                                                    
a_ia   61   80                                                     -0.00121053884388717817                                                    
a_ia   16   28                                                     -0.00023774421449424538                                                    
op      6   28   58   80   28    6   58   80                       -0.00287715025003818436                                                    
a_ia    6   28                                                      0.00044566824473098838                                                    
op     12   28   58   80   28   12   58   80                       -0.00001767796942833117                                                    
a_ia   12   28                                                     -0.00010817516955495035                                                    
op      6   28   61   80   28    6   61   80                        0.00132860537442612038                                                    
op      9   28   58   80   28    9   58   80                        0.00410693340067179013                                                    
a_ia    9   28                                                     -0.00101373626731695796                                                    
om     17   28   60   80   28   17   60   80                        0.00882239164339308247                                                    
a_ia   60   80                                                     -0.00122400206535163997                                                    
a_ia   12   17                                                     -0.43722479343552278497                                                    
op      9   28   60   80   28    9   60   80                       -0.00355035013629601296                                                    
op      6   28   60   80   28    6   60   80                        0.00126069578578578826                                                    
a_ia    6   17                                                     -0.43127896885215138978                                                    
mvp2   19   26   25   45   19   25   26   45                        0.00618605746022565621    0.00317032078493929489                          
mvp2   25   26   71   97   26   25   71   97                       -0.00698761912823071644   -0.00794144486164220960                          
op     23   40   71   97   40   23   71   97                        0.00445689161446189818                                                    
mvp2   19   38   25   43   19   25   38   43                        0.00567257545438703149    0.24835734062301495495                          
a_ia   27   43                                                     -0.02765961917998139077                                                    
mvp2   19   32   25   38   19   25   38   32                       -0.00474780291920156878    0.29222609344939581844                          
a_ia   25   38                                                      0.00773702856275962619                                                    
a_ia   19   32                                                      0.00051444675849181254                                                    
om     25   38   71   97   38   25   71   97                        0.00262874379519207864                                                    
op     25   34   77   86   34   25   77   86                       -0.00550840515231781468                                                    
a_ia   25   35                                                      0.00329402979372593564                                                    
a_ia   34   41                                                     -0.24411460995129072304                                                    
op      8   28   60   80   28    8   60   80                       -0.00387293002686923829                                                    
a_ia    8   28                                                     -0.00080480679034900090                                                    
op      8   28   58   80   28    8   58   80                        0.00392232090855956696                                                    
a_ia   67  102                                                     -0.00046628826512432731                                                    
op     10   29   62   81   29   10   62   81                       -0.01030988263190158599                                                    
op     10   29   66   81   29   10   66   81                        0.00699489089864521740                                                    
a_ia   10   29                                                      0.00122621235915381429                                                    
a_ia   62   81                                                      0.00138910695221723733                                                    
op     14   29   66   81   29   14   66   81                       -0.00665013942347385083                                                    
op     14   29   62   81   29   14   62   81                        0.00708855690444683533                                                    
om      6   29   58   81   29    6   58   81                       -0.00724379642570608783                                                    
a_ia    6   29                                                     -0.00077617541404144223                                                    
om     10   33   62   85   33   10   62   85                       -0.00450759659668846947                                                    
om     10   30   62   82   30   10   62   82                       -0.00691321151624866691                                                    
a_ia   62   83                                                      0.00129762063396047719                                                    
op     10   34   62   86   34   10   62   86                       -0.00465779953767541267                                                    
mvp2   62   78   77   86   62   77   78   86                        0.00792272680281989709   -0.04035628235388349222                          
a_ia   10   31                                                      0.00156082092568765487                                                    
mvp2   10   34   77   78   34   10   77   78                       -0.00506780749762925607   -0.05011805730611650772                          
a_ia   62   77                                                      0.03095725267583028170                                                    
a_ia   62   88                                                     -0.00170894584130048079                                                    
op      6   30   58   82   30    6   58   82                       -0.00777348784075592662                                                    
a_ia    6   30                                                      0.00091069206629402978                                                    
a_ia   72   82                                                     -0.00033294887138508053                                                    
op      6   33   58   85   33    6   58   85                       -0.00516818550883125800                                                    
om      6   34   58   86   34    6   58   86                       -0.00616792014871460088                                                    
a_ia   58   83                                                     -0.00310984631260563093                                                    
op      6   31   58   83   31    6   58   83                       -0.00539770727581035791                                                    
a_ia    6   31                                                     -0.00321481988244461288                                                    
mvp2    6   31   77   78   31    6   77   78                        0.01046860645931824846    0.06006368824269178730                          
mvp2   58   78   77   83   58   77   78   83                       -0.00792641009575095583    0.08975341094655873986                          
mvp2    6   41   77   78   41    6   77   78                        0.00875471360125650543    0.07668028566168799687                          
a_ia    6   41                                                     -0.00176480389171518098                                                    
mvp2    6   41   58   93   41    6   58   93                       -0.00452730899807596895    0.82502304813032178998                          
op     10   36   62   88   36   10   62   88                       -0.00315824526455300630                                                    
a_ia   10   36                                                     -0.00106711799243693300                                                    
a_ia   14   30                                                      0.00067687527636567542                                                    
a_ia   76   78                                                     -0.00262665932073218120                                                    
a_ia   10   25                                                      0.03370557458978959420                                                    
om      6   36   58   88   36    6   58   88                       -0.00434747263608730762                                                    
a_ia   58   88                                                      0.00077924269287608092                                                    
a_ia   31   36                                                     -0.14944508271668877075                                                    
a_ia   10   23                                                     -0.05030081791359309468                                                    
mvp2    6   30   77   78   30    6   77   78                        0.01183478184864891238    0.06184600583682552805                          
mvp2    6   36   77   79   36    6   77   79                       -0.00493719862105447809   -0.05853146144685466429                          
a_ia    6   36                                                      0.00072247861268334690                                                    
a_ia   78   79                                                      0.03300188302002106389                                                    
mvp2    6   33   77   79   33    6   77   79                        0.00609780438145252675    0.08527340465615373954                          
op      6   30   58   86   30    6   58   86                        0.00396530587879732627                                                    
op      6   30   58   93   30    6   58   93                       -0.00351028804195548149                                                    
mvp2    6   30   77   87   30    6   77   87                       -0.00539686591921197719    0.05475431288161904109                          
om      6   34   77   87   34    6   77   87                        0.00272541175487992209                                                    
mvp2    6   41   77   87   41    6   77   87                       -0.00360983954656552558   -0.02720317459394318294                          
mvp2   25   35   62   97   35   25   62   97                       -0.00291284921181650131    0.13132663444380640594                          
a_ia   62   97                                                     -0.00067153106399988726                                                    
mvp2   69   79   77   88   69   77   79   88                       -0.00711398196603405496    0.16192257887910727066                          
a_ia   69   88                                                     -0.00165789806733295832                                                    
mvp2    6   34   69   88   34    6   69   88                        0.00478942412550713032    0.27920675645480808047                          
mvp2   58   86   69   88   58   69   88   86                        0.00407494904607925632    0.34864659330304947904                          
mvp2   23   27   69   84   27   23   69   84                        0.01198634124925810826   -0.12285252087574648205                          
a_ia   69   84                                                      0.00135068988470811750                                                    
mvp2   23   40   69   96   40   23   69   96                        0.00661770275232060647   -0.29224803784068548174                          
mvp2   23   27   69   96   27   23   69   96                        0.00705218400476227084   -0.03846136481898318471                          
mvp2   25   27   76   78   27   25   76   78                        0.01398697302278482414   -0.16735800938080871991                          
mvp2    6   27   58   79   27    6   58   79                       -0.00888137989076715623   -1.02568794424081377592                          
mvp2   23   40   62   96   40   23   62   96                        0.00226016763698449899   -0.17232934463199142683                          
a_ia   69   71                                                     -0.10612861042644586296                                                    
mvp2   25   38   62   96   38   25   62   96                        0.00370883520786878832   -0.04315935481213707681                          
mvp2   23   38   69   97   38   23   69   97                        0.00362813546128230770   -0.22459785154700967480                          
a_ia   69   97                                                     -0.00128446910139919297                                                    
op     23   40   69   84   40   23   69   84                        0.00483558188732052287                                                    
mvp2   11   27   77   78   27   11   77   78                        0.01845609063325251778    0.03294233274989215310                          
mvp2   24   27   77   78   27   24   77   78                        0.02164148139082682637   -0.00582166782730829911                          
a_ia   11   24                                                     -0.53834569096137308009                                                    
mvp2   25   35   69   96   35   25   69   96                       -0.00423425645050119499    0.02246573201446254442                          
a_ia   62   69                                                     -0.17511185854116734228                                                    
mvp2   25   38   69   96   38   25   69   96                        0.00411529811142134338    0.05335890964914003637                          
mvp2   23   35   69   96   35   23   69   96                       -0.00307772259465056942    0.11154429832160760172                          
mvp2   12   27   77   78   27   12   77   78                        0.01516806471644397032    0.01366511847363814126                          
a_ia   72   77                                                      0.06824430945806640725                                                    
om      8   29   60   81   29    8   60   81                       -0.00402864849807942418                                                    
mvp2   58   78   77   82   58   77   78   82                       -0.00532779030233017023    0.10271936655263994020                          
op      8   28   61   80   28    8   61   80                       -0.00351336167983034827                                                    
a_ia   16   17                                                      0.39962061906416285195                                                    
om     24   27   77   78   27   24   77   78                        0.00109423142878915520                                                    
op      9   28   61   80   28    9   61   80                       -0.00343196302516674163                                                    
om     10   39   62   91   39   10   62   91                       -0.00367369432327771354                                                    
a_ia   10   39                                                      0.00095447867058734610                                                    
a_ia   62   91                                                      0.00089434311730182637                                                    
mvp2   19   39   62   91   39   19   62   91                        0.00231130821794719521   -0.34605878215469204617                          
om     23   38   71   93   38   23   71   93                        0.00426925919851259359                                                    
mvp2   25   27   63   78   27   25   63   78                        0.02069475185137678586    0.00529577930435316292                          
a_ia   63   78                                                      0.00148529163971734628                                                    
a_ia   24   25                                                      0.07108943521446499381                                                    
a_ia   63   77                                                      0.01718786283551557853                                                    
mvp2   25   27   58   85   27   25   58   85                        0.00646020030011347848   -0.06201228216197536558                          
a_ia   21   25                                                      0.09527158395701500193                                                    
a_ia   74   77                                                      0.02157439861861456046                                                    
mvp2   25   27   64   78   27   25   64   78                        0.01336384669109069549    0.01774588909796117123                          
a_ia   58   85                                                     -0.00075536592728029446                                                    
a_ia   64   78                                                      0.00180739521897915799                                                    
a_ia   20   25                                                      0.06825250821545705837                                                    
mvp2   25   26   63   79   26   25   63   79                        0.02297550009423773507    0.00238417370879834669                          
om     11   26   63   78   26   11   63   78                       -0.01438494796852772019                                                    
a_ia   63   88                                                      0.00093009885805528120                                                    
mvp2   11   26   58   86   26   11   58   86                       -0.00537207217546064111   -0.07168015662029576796                          
