E(ADAPT): -75.01049779350996 Eh
E(FCI):   -75.012085141056  Eh
ERROR: 1.587 mEh
