op     25   26   77   78   26   25   77   78                       -0.13413994445440946546                                                    
op     25   27   77   79   27   25   77   79                        0.00394195630520186718                                                    
op     23   27   75   79   27   23   75   79                       -0.13785157935563319143                                                    
a_ia   23   27                                                     -0.00757381457469297539                                                    
op     23   26   75   78   26   23   75   78                       -0.06978497111874222558                                                    
a_ia   23   26                                                     -0.00208847086013687084                                                    
op     25   28   77   80   28   25   77   80                       -0.05148888671807992645                                                    
op     22   26   74   78   26   22   74   78                       -0.08992069276123706989                                                    
a_ia   75   78                                                      0.01825989869609515037                                                    
mvp2   25   28   74   78   28   25   74   78                        0.03329758067743400496    0.19133749032594135620                          
mvp2   22   26   77   80   26   22   77   80                        0.04123895154357622855   -1.25810438622931575203                          
a_ia   77   78                                                      0.01802782071734438177                                                    
om     23   26   77   79   26   23   77   79                       -0.06133646787108276710                                                    
a_ia   78   80                                                     -0.39867859200393535035                                                    
mvp2   22   28   74   80   28   22   74   80                       -0.03213306276784264753    0.27456200295583221838                          
a_ia   75   76                                                     -0.24063600514448418854                                                    
a_ia   24   27                                                     -0.00115480509451942404                                                    
mvp2   22   28   77   80   28   22   77   80                        0.01034686883459157332    0.76653726455905890624                          
mvp2   25   27   75   78   27   25   75   78                       -0.02337859990761262385    0.64578867554885166502                          
a_ia   23   24                                                     -0.26908639754372593034                                                    
a_ia   26   27                                                      0.17926977759817211422                                                    
mvp2   25   27   75   79   27   25   75   79                       -0.01164091149836858630   -1.62315001279115955768                          
a_ia   79   80                                                      0.50642862282381273520                                                    
a_ia   25   27                                                     -0.01038792557140720031                                                    
a_ia   22   25                                                     -0.37992325615565186725                                                    
mvp2   22   26   75   80   26   22   75   80                       -0.00585911636620783070    0.28612917779155683240                          
a_ia   25   26                                                      0.00250356235958210365                                                    
mvp3   75   79   77   80   75   77   80   79   75   77   79   80   -0.02648943820580589373    0.03156634839659903241    0.26728394034150299019
mvp3   23   26   25   27   23   25   27   26   23   25   26   27   -0.04806458383421007702    0.45190282094951872427    0.01386732477576521107
a_ia   23   25                                                      0.43807844124302963706                                                    
a_ia   75   77                                                      0.28287921969383561516                                                    
mvp2   23   26   74   80   26   23   74   80                       -0.01370922348785026494    0.20023599886970558370                          
a_ia   75   79                                                     -0.01980023884850524302                                                    
mvp2   23   28   75   79   28   23   75   79                        0.00207689150724862980    0.04566218327120618453                          
mvp2   22   27   75   80   27   22   75   80                        0.01688370271451873628    0.46826401554802365990                          
a_ia   23   28                                                     -0.00338306587508822995                                                    
mvp2   25   26   74   80   26   25   74   80                        0.01329974127171227975   -0.05444515505524734345                          
a_ia   27   28                                                      0.37745081588686041352                                                    
a_ia   76   78                                                     -0.01333952269508451721                                                    
mvp2   23   28   74   79   28   23   74   79                        0.00824997705876332442   -0.06335312948966995150                          
a_ia   74   79                                                      0.00191248895640506815                                                    
op     23   36   75   88   36   23   75   88                       -0.01016063925413484073                                                    
a_ia   23   36                                                      0.00855194531837208394                                                    
a_ia   75   88                                                      0.04604398142270054589                                                    
op     23   32   75   84   32   23   75   84                       -0.00771277539917942893                                                    
a_ia   22   28                                                     -0.01195027035966524445                                                    
op     13   29   65   81   29   13   65   81                       -0.02565015108252137813                                                    
a_ia   65   81                                                      0.00299609393185506752                                                    
a_ia   13   29                                                      0.00362640516887410575                                                    
mvp2   25   26   74   78   26   25   74   78                       -0.02190527445964222594   -0.29940526137981438026                          
a_ia   26   28                                                     -0.50381179478304360941                                                    
op     23   39   75   91   39   23   75   91                       -0.00957082160448843172                                                    
op     23   37   75   89   37   23   75   89                       -0.00520212952374513905                                                    
a_ia   23   37                                                      0.00300605750704393930                                                    
a_ia   75   89                                                      0.00011427100635538290                                                    
mvp2   23   27   75   91   27   23   75   91                       -0.00776729494239245064    0.05636186011701425219                          
a_ia   27   39                                                      0.18879941768593500040                                                    
a_ia   27   37                                                     -0.08041367880274218061                                                    
mvp2   25   26   74   79   26   25   74   79                       -0.01413236438734792599    0.03182216099027701528                          
a_ia   78   79                                                     -0.23594593483220951957                                                    
a_ia   74   76                                                     -0.17521384883845758651                                                    
a_ia   24   25                                                     -0.07129964537065619501                                                    
a_ia   22   28                                                      0.00300528867338148431                                                    
op     13   30   65   82   30   13   65   82                       -0.00780494939982995413                                                    
a_ia   22   36                                                     -0.00308851270758417253                                                    
op     13   32   65   84   32   13   65   84                       -0.00897701357158677687                                                    
a_ia   65   84                                                      0.00149129899079317608                                                    
a_ia   13   32                                                      0.00105621720892473854                                                    
op     13   31   65   83   31   13   65   83                       -0.00666124797373282476                                                    
a_ia   13   31                                                      0.00141263515140493024                                                    
a_ia   77   91                                                     -0.00367676524180044753                                                    
om     23   36   77   91   36   23   77   91                        0.00574289553041614203                                                    
op     13   34   65   86   34   13   65   86                       -0.00915177850534900153                                                    
op     13   37   65   89   37   13   65   89                       -0.00977165670317002404                                                    
a_ia   13   37                                                     -0.00105387731131213508                                                    
a_ia   65   89                                                     -0.00109394747027653284                                                    
op     13   45   65   97   45   13   65   97                       -0.01199299466435111393                                                    
op     13   38   65   90   38   13   65   90                       -0.00609593255945306209                                                    
op     13   45   65   90   45   13   65   90                        0.00306681133554126796                                                    
op     13   40   65   92   40   13   65   92                       -0.00325741179571389320                                                    
op     13   44   65   97   44   13   65   97                        0.00505922455223135892                                                    
op     13   45   65   96   45   13   65   96                        0.00509083151955782003                                                    
op     13   45   65   95   45   13   65   95                        0.00398869240178160479                                                    
op     13   43   65   95   43   13   65   95                       -0.00408199525218830035                                                    
a_ia   23   39                                                     -0.00193749608401628495                                                    
op     13   43   65   97   43   13   65   97                        0.00419350143685340900                                                    
op     13   43   65   96   43   13   65   96                       -0.00237660688162340044                                                    
op     13   44   65   96   44   13   65   96                       -0.00292099403747947579                                                    
op     13   50   65   97   50   13   65   97                       -0.00425325282577039120                                                    
op     13   50   65  102   50   13   65  102                       -0.00440977631594741300                                                    
op     13   45   65  102   45   13   65  102                       -0.00424887875950144545                                                    
op     13   43   65  102   43   13   65  102                        0.00253090074613956679                                                    
op     13   42   65   94   42   13   65   94                       -0.00228804397486893647                                                    
a_ia   13   42                                                      0.00052162430063609376                                                    
op     13   46   65   98   46   13   65   98                       -0.00280468001608381650                                                    
op     13   50   65  100   50   13   65  100                       -0.00249746305350247947                                                    
a_ia   65   94                                                      0.00073139525901910762                                                    
op     13   48   65  100   48   13   65  100                       -0.00256994728702443671                                                    
a_ia   13   48                                                      0.00065609749636611988                                                    
a_ia   65  100                                                      0.00062812890960877419                                                    
a_ia   75   91                                                     -0.00412529634284669513                                                    
a_ia   73   81                                                      0.00120622853694250191                                                    
a_ia   21   29                                                      0.00125212996280514967                                                    
op     13   51   65  103   51   13   65  103                       -0.00269426765277244002                                                    
op     13   47   65   99   47   13   65   99                       -0.00222979724939360207                                                    
mvp2   23   27   75   92   27   23   75   92                        0.00440566415927615574    0.05731092671595297561                          
op     23   39   75   92   39   23   75   92                        0.00451022922905265199                                                    
om     23   38   75   90   38   23   75   90                       -0.00543782271363920256                                                    
a_ia   23   38                                                     -0.00120124155287029862                                                    
a_ia   27   40                                                     -0.00189392602947245810                                                    
mvp2   23   36   75   91   36   23   75   91                        0.00903843204395243793   -0.62023883833392656761                          
a_ia   75   91                                                      0.00305516780204822657                                                    
a_ia   23   36                                                      0.00283068820072945350                                                    
op     17   30   69   82   30   17   69   82                       -0.00780864068162703817                                                    
a_ia   69   82                                                     -0.00202258283427526062                                                    
a_ia   17   30                                                     -0.00205051957368041892                                                    
op     15   30   67   82   30   15   67   82                       -0.00749350571086423826                                                    
op     12   30   64   82   30   12   64   82                       -0.00704864389142435127                                                    
a_ia   12   30                                                     -0.00178539211843604505                                                    
a_ia   64   82                                                     -0.00176207419833106270                                                    
op      6   30   58   82   30    6   58   82                       -0.00852126838186876429                                                    
a_ia   58   82                                                     -0.00119627694027054201                                                    
a_ia    6   30                                                     -0.00120216463015259084                                                    
op      8   30   60   82   30    8   60   82                       -0.00612360055296252460                                                    
a_ia    8   30                                                     -0.00104029200550838689                                                    
op      7   30   59   82   30    7   59   82                       -0.00546825374186823629                                                    
a_ia   60   82                                                     -0.00109488250711200228                                                    
op      3   30   55   82   30    3   55   82                       -0.00560339711865871521                                                    
a_ia   61   82                                                      0.00049675303378613888                                                    
a_ia   74   80                                                     -0.00397914366899632804                                                    
mvp2   25   26   76   78   26   25   76   78                       -0.01441956850136572217   -0.12624372667094685418                          
a_ia   76   78                                                      0.01919838262516073910                                                    
op     15   31   67   83   31   15   67   83                       -0.01232183644983656651                                                    
a_ia   15   31                                                     -0.00315196734194587861                                                    
a_ia   67   83                                                     -0.00242574517962787679                                                    
op     15   32   67   84   32   15   67   84                       -0.00752420351657727329                                                    
op     22   33   74   85   33   22   74   85                       -0.00351342680086452882                                                    
a_ia   79   80                                                     -0.21825207910857422067                                                    
op     15   34   67   86   34   15   67   86                       -0.00867117917947556570                                                    
a_ia   77   88                                                     -0.01072227662145870328                                                    
op     15   33   67   85   33   15   67   85                       -0.00659965160281279946                                                    
a_ia   74   88                                                     -0.00089683772308582238                                                    
op     15   35   67   87   35   15   67   87                       -0.00893851292513468156                                                    
a_ia   15   35                                                     -0.00329739344976906924                                                    
a_ia   67   87                                                     -0.00140809945609818104                                                    
a_ia   27   38                                                      0.04930607460847374890                                                    
op     15   40   67   92   40   15   67   92                       -0.00374530167143598660                                                    
a_ia   67   92                                                     -0.00077070140244373756                                                    
a_ia   15   39                                                     -0.00136939392522987730                                                    
mvp3   67   91   75   92   67   75   92   91   67   75   91   92   -0.00827292017513747008   -0.37412081810225328304    0.38517922520447733792
mvp2   15   40   75   91   40   15   75   91                        0.00817258086658934242    0.45866694638878091617                          
a_ia   67   89                                                      0.00155825679659350388                                                    
mvp2   15   44   75   91   44   15   75   91                       -0.00627987751563078254   -0.51307169247709716320                          
mvp2   15   44   67   96   44   15   67   96                       -0.00469416875265630043    0.77301651969487605864                          
a_ia   15   44                                                      0.00138444733046089695                                                    
mvp2   15   40   67   96   40   15   67   96                        0.00463197061644855107   -0.07018440174785307850                          
a_ia   15   40                                                      0.00045293229174699090                                                    
om     15   44   67   92   44   15   67   92                        0.00151668612771462832                                                    
a_ia   27   36                                                     -0.11982578152980155606                                                    
op      4   30   56   82   30    4   56   82                       -0.00310752275159451681                                                    
op      2   30   54   82   30    2   54   82                       -0.00284470553389599978                                                    
a_ia    2   30                                                      0.00071493394789408880                                                    
op     22   33   77   85   33   22   77   85                       -0.00553439603233440991                                                    
a_ia   89   91                                                      0.30014359291746217639                                                    
a_ia   77   79                                                     -0.01019961139077955534                                                    
a_ia   79   88                                                     -0.07972455557332634724                                                    
op     25   33   77   85   33   25   77   85                       -0.00738230793991430725                                                    
op     17   34   69   86   34   17   69   86                       -0.00663300343348635288                                                    
a_ia   69   86                                                     -0.00174720598793520624                                                    
a_ia   17   34                                                     -0.00167560252484892755                                                    
a_ia   25   26                                                      0.02600248246324458543                                                    
op     17   33   69   85   33   17   69   85                       -0.00701615317860832758                                                    
a_ia   25   28                                                      0.00341578897573754535                                                    
om     17   32   69   84   32   17   69   84                       -0.00553516309921816847                                                    
a_ia   77   80                                                     -0.00063174810602470172                                                    
a_ia   25   39                                                     -0.00729739142902895242                                                    
om     25   39   75   88   39   25   75   88                        0.00623033312518488005                                                    
mvp2   17   37   77   80   37   17   77   80                        0.01386247463340099101    0.27846908351116061997                          
a_ia   17   37                                                      0.00270525368355545998                                                    
mvp2   25   39   77   91   39   25   77   91                       -0.00499621393439130500    0.19523211254607855669                          
a_ia   67   96                                                      0.00201269319889767944                                                    
om     13   50   65  103   50   13   65  103                       -0.00211885117484192104                                                    
op     13   51   65  102   51   13   65  102                       -0.00212243658198319699                                                    
a_ia   65  102                                                      0.00042268400707829346                                                    
om     13   48   65  102   48   13   65  102                       -0.00250125771205194887                                                    
mvp2   17   37   69   89   37   17   69   89                       -0.00511122075070440628    0.79171286111003191799                          
mvp2   15   40   75   79   40   15   75   79                        0.01186103155096629273    0.13449495744554315624                          
a_ia   79   91                                                      0.14304148343505482255                                                    
a_ia   25   40                                                     -0.00114031526777754106                                                    
a_ia   75   77                                                      0.17818626346186214326                                                    
a_ia   17   37                                                     -0.00278069445539693046                                                    
a_ia   79   92                                                     -0.05007883436392451815                                                    
mvp2   15   44   75   79   44   15   75   79                       -0.00710332605665289687   -0.07148599254824090921                          
mvp2   15   40   75   88   40   15   75   88                       -0.00796806857903768588    0.16210357208992901001                          
a_ia   15   40                                                      0.01144678291349902899                                                    
a_ia   75   88                                                     -0.04012926700576684852                                                    
mvp2   15   44   75   88   44   15   75   88                        0.00391027609429487905   -0.09081030237665546623                          
mvp2   67   79   75   92   67   75   79   92                       -0.00971929609073009931    0.10494697629695033669                          
mvp2   67   79   75   96   67   75   79   96                        0.00708831971787086436   -0.06577885595586796530                          
a_ia   39   40                                                     -0.28566705231814082389                                                    
a_ia   54   82                                                      0.00068760334508076448                                                    
op      5   30   57   82   30    5   57   82                       -0.00227622769484769460                                                    
om     15   35   67   83   35   15   67   83                       -0.00800498203988715337                                                    
a_ia   74   77                                                     -0.22110748685860431850                                                    
op     17   33   67   85   33   17   67   85                        0.00370241267091170898                                                    
a_ia   17   33                                                      0.00060507368396313615                                                    
mvp2   17   37   67   89   37   17   67   89                        0.00329379966136366048   -0.54596538523829252210                          
a_ia   17   37                                                     -0.00184189889752947459                                                    
a_ia   67   85                                                     -0.00067264265131895514                                                    
mvp2   25   39   74   88   39   25   74   88                       -0.00273775267171795728    0.09039179679999272132                          
om     15   31   67   87   31   15   67   87                       -0.00798911323164001527                                                    
a_ia   15   37                                                      0.00342202977121956829                                                    
mvp2   15   37   69   89   37   15   69   89                        0.00317442101060709395    0.55467304526462302139                          
a_ia   69   89                                                     -0.00535757803365933746                                                    
op     15   31   67   85   31   15   67   85                       -0.00464880524426185791                                                    
op     15   33   67   87   33   15   67   87                       -0.00460548429576958501                                                    
a_ia   15   33                                                     -0.00096425813152820029                                                    
op     11   26   63   78   26   11   63   78                       -0.01752366687916395369                                                    
a_ia   63   78                                                     -0.00036799330010488452                                                    
op     15   35   67   85   35   15   67   85                       -0.00478142325630611601                                                    
om     15   33   69   85   33   15   69   85                        0.00478878142338673082                                                    
a_ia   69   85                                                      0.00132442324142279725                                                    
a_ia   69   87                                                      0.00058696335066717555                                                    
a_ia   17   32                                                      0.00113030511553752319                                                    
op      4   30   57   82   30    4   57   82                       -0.00178903873685910320                                                    
mvp2   25   28   77   93   28   25   77   93                       -0.01151089798147128355    0.08396819195184010431                          
a_ia   75   93                                                     -0.00108901521769266298                                                    
a_ia   28   40                                                     -0.12098318787840238453                                                    
mvp2   25   28   74   93   28   25   74   93                       -0.00810440481494252747    0.09611870455261452284                          
a_ia   74   93                                                     -0.00168104709723125990                                                    
a_ia   74   75                                                      0.14900766393977529778                                                    
a_ia   22   39                                                     -0.00204639040518865990                                                    
mvp2   22   28   77   93   28   22   77   93                       -0.00889751922708385649   -0.08007320085015612321                          
a_ia   77   93                                                      0.00144177620430780968                                                    
a_ia   74   91                                                     -0.00156636696323977768                                                    
mvp2   15   35   69   85   35   15   69   85                        0.00294673332474923617   -0.07996467628737263800                          
mvp2   25   36   75   91   36   25   75   91                        0.00508658397853060506    0.07342013569118753524                          
a_ia   25   36                                                     -0.00344953748393969769                                                    
a_ia   79   93                                                      0.03431418846419914681                                                    
op     25   36   74   91   36   25   74   91                       -0.00304374749829354084                                                    
a_ia   17   31                                                      0.00051414885340039676                                                    
a_ia   22   44                                                      0.00035057510046743938                                                    
mvp2   17   31   67   86   31   17   67   86                       -0.00471299880700356676   -0.33763184059468276388                          
op     25   41   77   93   41   25   77   93                       -0.00501582840470648529                                                    
a_ia   25   41                                                      0.00556936832190091987                                                    
mvp2   25   41   74   93   41   25   74   93                       -0.00368404020397655003   -0.69710607075009334288                          
a_ia   74   93                                                      0.00132360455982136627                                                    
a_ia   28   41                                                      0.19842325053665643697                                                    
a_ia   25   28                                                      0.00313162902800388906                                                    
a_ia   22   40                                                     -0.00090321740662510760                                                    
a_ia   22   41                                                      0.00401352587928954091                                                    
mvp2   22   41   74   93   41   22   74   93                       -0.00428616392127939734   -0.27090347230988465199                          
a_ia   22   28                                                      0.00336430873713662636                                                    
mvp2   22   41   77   93   41   22   77   93                       -0.00377577454954294324   -0.18746541697979907104                          
mvp2   22   28   74   93   28   22   74   93                       -0.00538799761081124387   -0.03445930028000832035                          
mvp2   15   40   67   87   40   15   67   87                        0.00430288742583483704   -0.27309746800215445317                          
a_ia   15   40                                                     -0.00334572495259782094                                                    
a_ia   74   93                                                      0.00590658481519322660                                                    
mvp2   15   40   67   83   40   15   67   83                        0.00508132941400110238   -0.42141529311780501210                          
a_ia   88   89                                                      0.21256087424254216378                                                    
mvp2   15   40   67   85   40   15   67   85                        0.00382196438579622110   -0.40914435900592804884                          
om     15   44   67   83   44   15   67   83                       -0.00382704249774904262                                                    
om     15   44   67   87   44   15   67   87                       -0.00315480108095598372                                                    
a_ia   79   89                                                     -0.03923228378440664355                                                    
a_ia   69   85                                                     -0.00083256897152308496                                                    
om     15   37   67   89   37   15   67   89                       -0.00315140576166893791                                                    
op     13   45   65   81   45   13   65   81                       -0.01179946987439496955                                                    
a_ia   65   90                                                     -0.00057930901840029644                                                    
a_ia   13   45                                                      0.00008769350595777058                                                    
om     23   36   65   97   36   23   65   97                        0.00646057456501875418                                                    
om     13   36   23   45   13   23   36   45                       -0.00448948328825002959                                                    
mvp2   23   27   65   94   27   23   65   94                        0.00592965353283465575   -0.06714492139052448405                          
mvp2   23   27   65   90   27   23   65   90                        0.00423501189095957641   -0.08481743905612167123                          
mvp2   23   27   65   92   27   23   65   92                       -0.00660304754412442598    0.09759675570557331536                          
mvp2   13   27   23   38   13   23   27   38                       -0.00451095014075012825    0.08338930889580002670                          
a_ia   13   38                                                     -0.00079192873967536752                                                    
om     13   38   65   97   38   13   65   97                        0.00340056923800154511                                                    
mvp2   13   27   23   42   13   23   27   42                       -0.00446905099403806152    0.09057542799687134938                          
op     13   29   65   97   29   13   65   97                       -0.01226368201880614038                                                    
om     13   29   65   96   29   13   65   96                        0.00617218506929089090                                                    
mvp2   65   79   75   83   65   75   79   83                        0.00681928306122457119   -0.10200598552634927707                          
a_ia   65   83                                                      0.00156915540298783237                                                    
mvp2   13   40   75   79   40   13   75   79                       -0.00616336776499735745   -0.10580727509416557042                          
mvp2   13   40   77   79   40   13   77   79                       -0.00616528354430054184   -0.02505379273450708891                          
mvp2   65   88   75   97   65   75   88   97                       -0.00436633391120036605   -0.12313027807194698582                          
op      3   32   55   84   32    3   55   84                       -0.00796713283792343206                                                    
op      6   32   58   84   32    6   58   84                       -0.00677081267615979327                                                    
op      8   32   60   84   32    8   60   84                       -0.00740717241287418629                                                    
a_ia    8   32                                                     -0.00178293892059630033                                                    
a_ia   60   84                                                     -0.00184306444398800234                                                    
op      7   32   59   84   32    7   59   84                       -0.00401620349785803549                                                    
op      7   32   60   84   32    7   60   84                        0.00454696896344013949                                                    
om      8   32   59   84   32    8   59   84                        0.00442806020633973365                                                    
op      3   34   55   86   34    3   55   86                       -0.00451365138811152689                                                    
op      3   26   55   78   26    3   55   78                       -0.00363029824854279324                                                    
op     11   34   63   86   34   11   63   86                       -0.00297692658403330085                                                    
mvp2   11   26   17   34   11   17   34   26                        0.00689799108027239812   -0.23232785959953461408                          
om     21   35   73   87   35   21   73   87                       -0.00440384155402900618                                                    
om      6   34   58   86   34    6   58   86                       -0.00577388471553200514                                                    
a_ia   58   86                                                     -0.00147528088985251766                                                    
