op     20   25   68   73   25   20   68   73                       -0.14695217990696821109                                                    
op     23   27   71   75   27   23   71   75                       -0.05615843760377575711                                                    
op     23   24   71   72   24   23   71   72                       -0.01856422121972504946                                                    
a_ia   23   24                                                      0.00860292668140496576                                                    
mvp2   20   25   67   72   25   20   67   72                       -0.06544542095753479172    0.65472405784081966207                          
mvp2   19   24   68   73   24   19   68   73                       -0.09109209235753035205   -0.54799648474288509270                          
a_ia   19   20                                                      0.13328088487156217190                                                    
mvp2   19   27   68   73   27   19   68   73                       -0.00563141994909759601    0.05229554656576185928                          
a_ia   72   75                                                     -0.45647284743140470464                                                    
mvp2   23   27   68   73   27   23   68   73                       -0.00778089038371031216   -0.12003423721030970217                          
mvp2   68   73   71   75   68   71   75   73                       -0.02683772926836360331    0.21201133940974015157                          
a_ia   67   70                                                      0.11683509713952308640                                                    
mvp2   23   24   68   73   24   23   68   73                        0.04025224860113647135    0.29852032930139149602                          
a_ia   24   27                                                     -0.50137796467162321079                                                    
mvp2   68   72   71   73   68   71   72   73                       -0.02773756189376715489   -0.24769984028236835538                          
a_ia   66   67                                                      0.35943010066746022835                                                    
mvp2   20   25   66   73   25   20   66   73                       -0.01874644672192968958    0.18431448775406383822                          
op     15   25   63   73   25   15   63   73                       -0.03121175388606479278                                                    
op     20   26   68   74   26   20   68   74                       -0.01099975422155199251                                                    
a_ia   72   74                                                      0.13432310311709547146                                                    
mvp2   20   32   68   73   32   20   68   73                       -0.02094747764510005231   -0.13978688848178477677                          
a_ia   24   26                                                      0.12997965525355317795                                                    
mvp2   20   34   68   73   34   20   68   73                        0.01937027670555615741    0.13322625751696517971                          
a_ia   20   34                                                      0.00195856351634718893                                                    
a_ia   20   28                                                      0.00545348092766777606                                                    
op     20   30   68   78   30   20   68   78                       -0.00882210800099666147                                                    
a_ia   20   30                                                     -0.00680321871779260550                                                    
a_ia   73   74                                                      0.06160062724493118452                                                    
a_ia   68   78                                                     -0.00637820344177899342                                                    
a_ia   68   76                                                      0.01494482781231440405                                                    
mvp2   20   28   68   73   28   20   68   73                       -0.01453873128528862697   -0.09551323771298522725                          
a_ia   73   75                                                     -0.00349727686469573093                                                    
mvp2   20   34   68   82   34   20   68   82                       -0.00748469859123245245    0.46063290029953046778                          
op     20   39   68   87   39   20   68   87                       -0.00940474573291883408                                                    
a_ia   20   39                                                     -0.01134602984669185952                                                    
a_ia   68   87                                                     -0.02641141329087270950                                                    
a_ia   68   81                                                     -0.03844215533968417531                                                    
a_ia   20   33                                                     -0.00124988575017256540                                                    
a_ia   73   82                                                      0.00700617264023212487                                                    
a_ia   73   76                                                     -0.12256943119697456812                                                    
a_ia   73   78                                                      0.05157417648068633037                                                    
a_ia   73   80                                                      0.02064346500820289296                                                    
a_ia   73   79                                                      0.07725779957606886128                                                    
a_ia   73   87                                                      0.09331534402255958760                                                    
mvp2   20   39   68   73   39   20   68   73                        0.01589348182200225543    0.04881147436345854157                          
mvp2   20   41   68   73   41   20   68   73                        0.02294036752527871259    0.10486935131397204235                          
a_ia   73   81                                                      0.07617618036990254915                                                    
a_ia   20   41                                                     -0.21502365034693640689                                                    
a_ia   68   81                                                      0.04168733937356861041                                                    
a_ia   20   37                                                      0.00388460110066111150                                                    
mvp2   20   42   68   73   42   20   68   73                        0.01471387204215219777    0.08680496231528553319                          
a_ia   20   42                                                     -0.00127681866968615732                                                    
a_ia   73   83                                                      0.05109323161208551706                                                    
mvp2   20   43   68   73   43   20   68   73                       -0.01659241465498789009   -0.09992218664009429319                          
a_ia   20   43                                                      0.00182974745732363757                                                    
a_ia   73   84                                                     -0.02543319329670794965                                                    
a_ia   68   85                                                      0.00467276808979984193                                                    
a_ia   73   89                                                     -0.14035181006532462811                                                    
a_ia   73   90                                                     -0.10706620303140167161                                                    
a_ia   73   91                                                      0.12218093057696205461                                                    
a_ia   73   92                                                     -0.05552850780313893508                                                    
a_ia   68   89                                                     -0.00445480614772629860                                                    
a_ia   68   90                                                     -0.00207431895890920542                                                    
a_ia   68   91                                                      0.00211925936133127704                                                    
mvp2   19   24   67   72   24   19   67   72                       -0.03471779743395042583    0.00199599258675663138                          
a_ia   67   72                                                     -0.01437092602835902434                                                    
op     15   24   63   72   24   15   63   72                       -0.02002720032637039793                                                    
op     15   27   63   72   27   15   63   72                        0.01145998450713261139                                                    
a_ia   63   72                                                      0.00064370610304647258                                                    
a_ia   66   72                                                      0.00465207719527560831                                                    
a_ia   63   66                                                      0.01301603460571447608                                                    
mvp2   19   27   64   72   27   19   64   72                        0.00995724069770151377   -0.22475649619644952337                          
a_ia   64   72                                                     -0.00167116777718426886                                                    
a_ia   15   19                                                     -0.07225579170591596434                                                    
mvp2   19   27   61   72   27   19   61   72                       -0.01184559581103002829    0.19577008322440764276                          
a_ia   61   72                                                      0.00082439030521762758                                                    
a_ia   18   19                                                      0.35985976978124023518                                                    
a_ia   15   24                                                     -0.00055698263736471019                                                    
a_ia   64   66                                                      0.61404254224845222776                                                    
op     15   24   63   75   24   15   63   75                        0.01002171895608826128                                                    
a_ia   67   75                                                      0.00649016996711118503                                                    
om     15   27   63   75   27   15   63   75                       -0.00624135725804269865                                                    
a_ia   15   27                                                      0.00010633739087204526                                                    
mvp2   19   27   67   75   27   19   67   75                       -0.01162127580810397125    0.13278747379729630151                          
a_ia   70   72                                                     -0.00526469979151867728                                                    
mvp2   16   24   67   75   24   16   67   75                        0.01097952556229749022    0.27906070543953576113                          
a_ia   66   75                                                     -0.00194051553662305141                                                    
a_ia   15   26                                                     -0.00179176814084543992                                                    
mvp2   16   27   64   75   27   16   64   75                       -0.00708027922604764163   -0.51447488536644458978                          
a_ia   64   75                                                      0.00161167132457365708                                                    
mvp2   16   27   67   72   27   16   67   72                        0.01054507665608187851    0.00297824404344611054                          
mvp2   13   24   67   75   24   13   67   75                       -0.01478763349598263138   -0.60197311996223712427                          
a_ia   72   75                                                     -0.19578045435335528213                                                    
mvp2   13   27   64   75   27   13   64   75                        0.00900312011266941013    0.37408237285300577346                          
a_ia   16   19                                                     -0.30110723467897537731                                                    
a_ia   66   67                                                      0.12417275614841043196                                                    
mvp2   13   27   67   72   27   13   67   72                       -0.00725858138809180441   -0.11591289153381469090                          
mvp2   23   27   64   75   27   23   64   75                       -0.01447909565049375694   -0.11573086447084081352                          
a_ia   16   23                                                     -0.19856202011019630227                                                    
mvp2   13   27   61   75   27   13   61   75                       -0.00786706008144032534    0.46675415897907318596                          
a_ia   61   67                                                      0.16285166028025549467                                                    
a_ia   18   22                                                     -0.33162380389039747275                                                    
a_ia   18   25                                                     -0.00177041671068709611                                                    
a_ia   18   24                                                      0.00162362850009592562                                                    
op     15   36   63   84   36   15   63   84                       -0.01272547590927074028                                                    
om     15   35   63   84   35   15   63   84                       -0.00930800207497107027                                                    
op     15   35   63   83   35   15   63   83                       -0.00840856393044825921                                                    
om     15   36   63   83   36   15   63   83                       -0.00885520744825037120                                                    
mvp2   15   45   68   73   45   15   68   73                        0.02737994997786494938    0.24218397772440822258                          
a_ia   15   45                                                      0.00249136035111777090                                                    
mvp2   15   42   68   73   42   15   68   73                       -0.01152039135543503172   -0.08338364579588726511                          
a_ia   15   42                                                     -0.00102617137057348811                                                    
a_ia   68   86                                                      0.00159980484007047783                                                    
mvp2   15   44   68   73   44   15   68   73                       -0.02066041470120781945   -0.17717040118301419227                          
a_ia   15   44                                                     -0.00129698253855847160                                                    
mvp2   15   46   68   73   46   15   68   73                        0.01014195873686867151    0.08634843689875255912                          
op     15   47   63   95   47   15   63   95                       -0.00583655537800490017                                                    
mvp2   15   45   63   93   45   15   63   93                       -0.00731673168911427512    0.58477249695293953557                          
mvp2   15   44   63   93   44   15   63   93                        0.00535569371680059709   -0.05999155748217018663                          
mvp2   15   45   63   92   45   15   63   92                        0.00549742720170996561   -0.50792148869371833708                          
mvp2   15   46   63   93   46   15   63   93                       -0.00459628147370316591    0.04780499959088052586                          
mvp2   15   44   63   92   44   15   63   92                       -0.00468792162702130408    0.14597168327903303764                          
mvp2   15   47   63   93   47   15   63   93                       -0.00377190634385116434   -0.35292853115602873526                          
mvp2   15   45   63   90   45   15   63   90                        0.00506194401095651572   -0.54937583112514976058                          
mvp2   15   44   63   90   44   15   63   90                       -0.00427748348996931024    0.24526691286932975067                          
mvp2   15   45   63   94   45   15   63   94                       -0.00467619746661118458    0.57570870472069279877                          
mvp2   15   44   63   94   44   15   63   94                        0.00363706766584758531   -0.24336926409655820769                          
mvp2   15   46   63   94   46   15   63   94                       -0.00404580438892543533   -0.07911464233571824378                          
mvp2   15   46   63   90   46   15   63   90                        0.00381920691327714392    0.03439794834881549496                          
mvp2   15   46   63   92   46   15   63   92                        0.00372699149132103185    0.04245512363400696931                          
a_ia   73   93                                                     -0.04187986640029464636                                                    
mvp2   19   40   68   73   40   19   68   73                        0.00961690618701232722    0.06982682612269645872                          
a_ia   19   40                                                     -0.00370433115459407230                                                    
a_ia   19   38                                                      0.00580733229577198168                                                    
a_ia   19   37                                                     -0.00727714205410739425                                                    
mvp2   20   41   68   87   41   20   68   87                        0.00691512118442695004    0.21021824111171708016                          
a_ia   20   41                                                      0.20153239824389124202                                                    
a_ia   68   87                                                      0.06088534293400316849                                                    
a_ia   73   85                                                      0.04156140208227541988                                                    
mvp2   15   42   63   90   42   15   63   90                       -0.00527454536082258563   -0.07764794714112478735                          
mvp2   15   42   63   93   42   15   63   93                        0.00515325427462647468    0.06200433682923831707                          
mvp2   15   42   63   92   42   15   63   92                       -0.00445434860984060110   -0.07653911837639777727                          
om     15   42   63   94   42   15   63   94                        0.00373337832442311368                                                    
mvp2   15   42   63   95   42   15   63   95                        0.00347558955296941316   -0.37274816201601784771                          
mvp2   19   38   68   73   38   19   68   73                       -0.01222352171539504116   -0.08991568907542853151                          
op     15   47   63   92   47   15   63   92                        0.00310271187661749015                                                    
mvp2   15   45   63   95   45   15   63   95                       -0.00388620784472699671    0.02222670628562683701                          
mvp2   15   44   63   95   44   15   63   95                        0.00318497978702748539   -0.06870559941405585125                          
mvp2   16   27   61   75   27   16   61   75                        0.00770672108823454178    0.15482569991139652488                          
a_ia   13   24                                                     -0.00249991693299420276                                                    
a_ia   19   20                                                     -0.19914452731886736481                                                    
a_ia   20   38                                                      0.00333981128591971177                                                    
op     23   27   61   75   27   23   61   75                        0.01114025738195659372                                                    
a_ia   33   39                                                      0.30632067406046709079                                                    
mvp2   15   43   68   73   43   15   68   73                       -0.00823153769245751031   -0.07572986722035701668                          
a_ia   15   37                                                     -0.00048751744436009828                                                    
mvp2   15   35   68   73   35   15   68   73                        0.01502345398109150749    0.09105107634233636227                          
mvp2   15   35   68   87   35   15   68   87                       -0.00367280989285715363    0.05188321733102477240                          
a_ia   40   41                                                     -0.27195681255564885248                                                    
mvp2   20   35   68   73   35   20   68   73                       -0.00677704923031091644   -0.06290578699543346308                          
mvp2   15   47   68   87   47   15   68   87                       -0.00269342309288495051   -0.11845704259635746192                          
a_ia   73   87                                                     -0.19123157274747976109                                                    
mvp2   15   34   68   73   34   15   68   73                        0.01411994350638779566    0.13456870637040632688                          
a_ia   15   34                                                      0.00287374480667589981                                                    
mvp2   15   32   68   73   32   15   68   73                        0.01340499753491562751    0.10719577887671598304                          
a_ia   15   32                                                      0.00306569480938935273                                                    
a_ia   73   80                                                      0.15520026795386709928                                                    
a_ia   71   74                                                      0.00205631376824880717                                                    
a_ia   71   72                                                      0.01293615416497199966                                                    
a_ia   23   27                                                     -0.00803098131020521522                                                    
a_ia   71   75                                                     -0.01219821207144572081                                                    
a_ia   68   73                                                     -0.00963331933173568883                                                    
a_ia   68   77                                                     -0.00434852899453758331                                                    
a_ia   73   77                                                     -0.06708393035468852850                                                    
mvp2   23   29   71   75   29   23   71   75                        0.01319723379396171153    0.08621351035787401529                          
a_ia   16   27                                                      0.00150307577589161678                                                    
a_ia   19   41                                                     -0.00096214731016030109                                                    
a_ia   16   24                                                     -0.00253554640552229116                                                    
a_ia   24   27                                                     -0.14302991826981070744                                                    
mvp2   15   28   68   73   28   15   68   73                       -0.01306082991314458548   -0.12491368894525237132                          
a_ia   15   28                                                     -0.00219580650999724909                                                    
a_ia   63   95                                                     -0.00095443225525111870                                                    
a_ia   68   73                                                      0.01762282433653735922                                                    
a_ia   19   35                                                     -0.00075193607901515285                                                    
a_ia   13   27                                                      0.00030374496553826094                                                    
om     16   24   64   72   24   16   64   72                       -0.00873868773464656946                                                    
mvp2   23   40   68   73   40   23   68   73                       -0.00677091534854040288   -0.06559514499572845214                          
op     23   38   71   86   38   23   71   86                       -0.01321582751864205756                                                    
a_ia   23   38                                                     -0.01143303541869662709                                                    
a_ia   71   77                                                      0.00106589503190035136                                                    
a_ia   71   86                                                     -0.04627623211224132088                                                    
op      7   33   55   81   33    7   55   81                       -0.02033754552436099761                                                    
a_ia    7   33                                                      0.00345310198989538667                                                    
a_ia   55   81                                                      0.00328775996605094878                                                    
op      7   26   55   74   26    7   55   74                       -0.01038878233553839139                                                    
a_ia    7   26                                                     -0.00184287596817913637                                                    
om      7   24   55   72   24    7   55   72                       -0.00778675172332814105                                                    
om      7   33   57   81   33    7   57   81                        0.01177794288212234697                                                    
a_ia   57   81                                                     -0.00282466054040747452                                                    
a_ia   23   38                                                      0.00681250046134279554                                                    
mvp2   13   27   55   81   27   13   55   81                       -0.00629355611300256180   -0.11534020875870104605                          
op      9   33   57   81   33    9   57   81                       -0.00871728300310981724                                                    
a_ia    9   33                                                     -0.00293508062032154160                                                    
op      9   33   55   81   33    9   55   81                        0.01178023053919197843                                                    
om      7   33   60   81   33    7   60   81                       -0.00884849661173713053                                                    
a_ia   60   81                                                      0.00190211158591873254                                                    
om      9   33   60   81   33    9   60   81                        0.00572146251464891557                                                    
op     12   33   55   81   33   12   55   81                       -0.00880988966754262318                                                    
a_ia   12   33                                                      0.00200611973163031167                                                    
om     12   33   57   81   33   12   57   81                        0.00573655664322820971                                                    
om     12   33   60   81   33   12   60   81                       -0.00497858181038846308                                                    
a_ia   25   33                                                      0.07778180421611545492                                                    
op     17   33   65   81   33   17   65   81                       -0.00412892441290756747                                                    
op      2   33   50   81   33    2   50   81                       -0.00738607603654342984                                                    
op      2   33   52   81   33    2   52   81                        0.00585964192972494163                                                    
op      4   33   52   81   33    4   52   81                       -0.00640800943401892507                                                    
a_ia   52   81                                                     -0.00194908850436545703                                                    
a_ia    4   33                                                     -0.00188407325696498466                                                    
om      4   33   50   81   33    4   50   81                        0.00551221068892610196                                                    
op      4   33   55   81   33    4   55   81                        0.00724367364776757564                                                    
op     10   33   58   81   33   10   58   81                       -0.00233303073388572285                                                    
mvp2   67   73   68   88   67   68   73   88                       -0.01189479613672960075    0.23720042811172686870                          
a_ia   67   68                                                     -0.07919888058399281172                                                    
a_ia   67   73                                                      0.00176161743082807053                                                    
a_ia   67   86                                                      0.00706126063629769398                                                    
a_ia   67   71                                                     -0.03399411050154810959                                                    
a_ia   67   85                                                     -0.00428974789576266804                                                    
a_ia   73   88                                                     -0.02384928855123079686                                                    
mvp2   68   73   71   88   68   71   88   73                       -0.00716963992595853923    0.13714065795433394435                          
a_ia   71   73                                                     -0.00333238348053052852                                                    
op     19   37   67   85   37   19   67   85                       -0.00690066605131149820                                                    
a_ia   71   86                                                      0.04230397561804329076                                                    
a_ia   34   39                                                      0.23183702772160633132                                                    
om      9   31   57   79   31    9   57   79                       -0.01012182989246116459                                                    
a_ia    9   31                                                     -0.00121382770674457129                                                    
a_ia   57   79                                                     -0.00111248874777914288                                                    
a_ia   15   36                                                     -0.00255052962709713350                                                    
op     10   31   58   79   31   10   58   79                       -0.01318162218884955973                                                    
a_ia   25   31                                                      0.08545948811547544877                                                    
a_ia   58   79                                                      0.00170228632289967565                                                    
a_ia   10   31                                                      0.00168370232887635001                                                    
om      2   31   50   79   31    2   50   79                       -0.00987569143736787003                                                    
a_ia   50   79                                                     -0.00028297950415859588                                                    
a_ia   10   25                                                     -0.00088225739257894429                                                    
op      2   31   58   79   31    2   58   79                        0.00651424079050796998                                                    
op     10   31   50   79   31   10   50   79                        0.00650707318622845837                                                    
mvp2    2   31   55   81   31    2   55   81                        0.00579852289320445437    0.16206612173807785626                          
op      4   31   52   79   31    4   52   79                       -0.00531566793493634757                                                    
a_ia    4   31                                                     -0.00175643818465958746                                                    
a_ia   52   79                                                     -0.00166934402543606896                                                    
mvp2    4   31   55   81   31    4   55   81                       -0.00429794671584063977   -0.21212530788772479551                          
a_ia   11   33                                                      0.00061363238527124321                                                    
a_ia   59   79                                                      0.00066761422503018478                                                    
a_ia   63   93                                                      0.00038797667586286150                                                    
om      7   33   52   81   33    7   52   81                        0.00720843203136897065                                                    
mvp2    7   33   50   79   33    7   50   79                        0.00575662850653704036   -0.11320645763722488042                          
mvp2    7   33   50   81   33    7   50   81                       -0.00339382685110401665    0.33363619409135947258                          
mvp2    7   33   52   79   33    7   52   79                       -0.00400142335249550722    0.17361599497294522010                          
om      2   33   55   81   33    2   55   81                       -0.00349781022949125549                                                    
mvp2    2   33   55   79   33    2   55   79                        0.00346940062220707675    0.14064145711237061032                          
op     17   26   65   74   26   17   65   74                       -0.01068153777177969187                                                    
op     17   30   65   74   30   17   65   74                       -0.00805569614037831942                                                    
a_ia   25   26                                                      0.05725751050376546442                                                    
op     17   30   65   78   30   17   65   78                       -0.00873618420660361196                                                    
a_ia   16   17                                                      0.22914323153337348704                                                    
mvp2   15   36   68   82   36   15   68   82                        0.00505142565192850512    0.05718329163619211009                          
op     17   26   65   78   26   17   65   78                       -0.00798908473474858015                                                    
a_ia   17   26                                                     -0.00126362526545744833                                                    
a_ia   24   30                                                      0.01883299912418592154                                                    
mvp2   63   73   68   82   63   68   73   82                       -0.00947622384217421988    0.15923261991546641680                          
a_ia   63   82                                                      0.00442308061822973501                                                    
a_ia   73   82                                                     -0.13044906922241411573                                                    
a_ia   68   82                                                      0.00384074036278942181                                                    
mvp3   63   73   68   80   63   68   80   73   63   68   73   80   -0.00633263943156196427    0.02896485569783619624    0.16691447564591502251
a_ia   63   80                                                      0.00545564276905008763                                                    
mvp3   63   73   68   83   63   68   83   73   63   68   73   83   -0.00522390557045409459   -0.08942890053899857361    0.16038579595732788130
a_ia   63   68                                                     -0.07693632793881942378                                                    
a_ia   63   83                                                      0.00268477142493917268                                                    
a_ia   71   80                                                     -0.00131175882454367932                                                    
mvp3   63   73   68   76   63   68   76   73   63   68   73   76    0.00916149058155119392    0.05145851445659514745   -0.17499799160307433210
a_ia   63   76                                                     -0.00791893703425839562                                                    
a_ia   73   76                                                      0.26466511194837644139                                                    
a_ia   68   73                                                      0.00383667038099040581                                                    
a_ia   24   40                                                     -0.23473970747141403859                                                    
a_ia   24   28                                                     -0.09106135721479767520                                                    
a_ia   19   37                                                      0.00235911556905308217                                                    
mvp3   64   73   68   88   64   68   88   73   64   68   73   88   -0.00356590201997597934    0.17486999898531319086    0.09296237668777011798
a_ia   64   88                                                      0.00048737166901106091                                                    
a_ia   63   64                                                     -0.26808446558716225727                                                    
a_ia   64   77                                                      0.00168900179672393323                                                    
om     23   38   64   86   38   23   64   86                       -0.00445680755004100159                                                    
a_ia   64   86                                                      0.00176243891794460603                                                    
a_ia   68   76                                                     -0.01241467187559603010                                                    
a_ia   71   85                                                      0.00283560348728752144                                                    
a_ia   64   83                                                     -0.00045349892906820717                                                    
a_ia   67   80                                                      0.00241685930954452623                                                    
a_ia   20   43                                                     -0.00051855680358903764                                                    
om     15   47   63   83   47   15   63   83                       -0.00487886009592570537                                                    
a_ia   15   38                                                      0.00073648263180264135                                                    
a_ia   64   82                                                     -0.00022267137457119909                                                    
