op     33   34  101  102   34   33  101  102                       -0.02342782300818942176                                                    
op     32   36  100  104   36   32  100  104                       -0.14561412857726596659                                                    
op     32   34  100  104   34   32  100  104                       -0.03116637582838027373                                                    
a_ia  100  104                                                     -0.00659620622050184190                                                    
op     29   35   97  103   35   29   97  103                       -0.07831612909843922721                                                    
a_ia   29   35                                                      0.00421616829267387489                                                    
op     33   38  101  106   38   33  101  106                       -0.05362815637211821446                                                    
op     33   37  101  106   37   33  101  106                       -0.03129851866109417680                                                    
a_ia  103  104                                                     -0.07616269055375345098                                                    
op     27   34   95  102   34   27   95  102                       -0.06504585121952023707                                                    
a_ia   95  102                                                      0.01261821005218863485                                                    
a_ia   27   34                                                      0.00219635429273079509                                                    
a_ia   27   29                                                     -0.38295092131343583253                                                    
op     30   34   98  102   34   30   98  102                       -0.00077212275016828554                                                    
op     30   34   98  104   34   30   98  104                       -0.00940581993109026321                                                    
a_ia  102  104                                                     -0.63395161211446671157                                                    
op     33   37  101  105   37   33  101  105                       -0.02242292701090939366                                                    
op     33   38  101  105   38   33  101  105                       -0.03781624872187764469                                                    
op     27   35   95  103   35   27   95  103                       -0.01765593704525651036                                                    
a_ia  100  101                                                      0.51431678264384939059                                                    
op     29   35   95  103   35   29   95  103                       -0.02415965053347990388                                                    
a_ia   30   32                                                      0.22418535845999887357                                                    
mvp2   32   34   98  104   34   32   98  104                        0.00504774338138721992   -0.09540258455934276516                          
mvp2   32   34   98  102   34   32   98  102                        0.00144037404087674179    0.23448434514098137615                          
om     33   38  100  104   38   33  100  104                        0.00539259401663710544                                                    
mvp2   33   38   95  102   38   33   95  102                       -0.01459286549408190040    0.26102548063309877202                          
a_ia   95  102                                                      0.00202648173080789522                                                    
a_ia   29   38                                                     -0.00096155966935372789                                                    
mvp2   27   38   95  102   38   27   95  102                       -0.02170378997389738746   -0.18377664727215897722                          
mvp2   33   34   95  102   34   33   95  102                       -0.02193592958428235151    1.04780155281278553048                          
a_ia   27   32                                                     -0.01188944261815574367                                                    
mvp2   27   34   97  102   34   27   97  102                        0.02081127896674662275   -0.03316498476153973557                          
mvp2   33   34  100  102   34   33  100  102                       -0.00929629913043770323   -0.02084251363031991780                          
a_ia   34   38                                                      0.28437922163153334099                                                    
a_ia   33   34                                                     -0.00577350207884579688                                                    
mvp2   29   34  100  104   34   29  100  104                       -0.00258269499394296739   -0.03003063241590740381                          
a_ia   34   35                                                     -0.04105055412331395231                                                    
mvp2   29   35   95  104   35   29   95  104                        0.00238713705194530884   -0.03828780253645640286                          
a_ia   95  100                                                      0.11612472346848708160                                                    
a_ia  103  105                                                      0.36483843175721131225                                                    
mvp2   95  102  100  104   95  100  104  102                        0.02377866907850419154    0.02629337868576488504                          
a_ia   32   33                                                      0.35864526618105069256                                                    
a_ia   97   98                                                      0.01374270266528662340                                                    
a_ia  103  106                                                     -0.11149328588741724833                                                    
mvp2   27   34  101  106   34   27  101  106                       -0.00298895369922258644    0.07286077276238359102                          
a_ia   35   37                                                      0.39782956953738318751                                                    
a_ia   35   36                                                     -0.16053227364975833358                                                    
mvp2   27   34   95  106   34   27   95  106                        0.00526343933821720334    0.18391379286543735327                          
mvp2   30   36   98  104   36   30   98  104                       -0.02384386657329777212   -0.16196330983721818342                          
om     30   36   98  102   36   30   98  102                       -0.01895440315507841353                                                    
a_ia   98  100                                                      0.33128062138698316508                                                    
a_ia   31   32                                                     -0.27630014373660366500                                                    
a_ia   96   97                                                     -0.29390256889850435718                                                    
mvp2   27   36   95  104   36   27   95  104                       -0.00255690187419881912   -0.11621311570696656046                          
mvp2   27   36   95  102   36   27   95  102                       -0.00163943633136388422   -0.00661393289737327670                          
a_ia  104  106                                                     -0.44234748124921507983                                                    
op     27   38   95  106   38   27   95  106                       -0.00404789391023944491                                                    
a_ia   36   38                                                     -0.27897443093363644140                                                    
a_ia   32   36                                                     -0.00649085187950460517                                                    
a_ia   31   33                                                      0.18840252100801993529                                                    
a_ia   30   33                                                      0.08892118061219422831                                                    
mvp2   32   36   97  102   36   32   97  102                       -0.00385639276291236364    0.07226648943978709883                          
a_ia   97  102                                                     -0.00616733136236273429                                                    
op     31   39   99  107   39   31   99  107                       -0.01950430987479812722                                                    
a_ia  106  107                                                      0.13372226446927548693                                                    
a_ia   99  100                                                     -0.00570598271601224435                                                    
op     31   43   99  111   43   31   99  111                       -0.01405416201717991052                                                    
op     29   43   99  111   43   29   99  111                        0.02407384043534327445                                                    
a_ia   29   31                                                     -0.14552660220193597285                                                    
a_ia  103  111                                                     -0.27339679058284854785                                                    
a_ia   37   43                                                     -0.18772821768128369890                                                    
op     31   45   99  113   45   31   99  113                       -0.01059356486562872644                                                    
mvp2   31   45   99  111   45   31   99  111                       -0.01265634037004349267   -0.84824970718267289627                          
op     31   44   99  113   44   31   99  113                        0.00024140442168839793                                                    
op     31   44   99  112   44   31   99  112                       -0.00694533802107327215                                                    
om     31   43   99  113   43   31   99  113                       -0.02046918076854998408                                                    
a_ia   29   37                                                     -0.00014758508931200548                                                    
mvp2   29   43   31   44   29   31   43   44                       -0.02470124862640245625    0.76018797533007942402                          
op     31   47   99  115   47   31   99  115                       -0.01128309087508060603                                                    
op     31   41   99  109   41   31   99  109                       -0.00364558134026980165                                                    
mvp2   29   44   97  112   44   29   97  112                       -0.01388626683128937195    0.46535655142024984210                          
mvp2   29   44   97  111   44   29   97  111                       -0.01085272577353482183    0.43624370096538306329                          
mvp2   29   43   97  111   43   29   97  111                       -0.01747557742070172948    0.22917197488626037116                          
a_ia   35   44                                                     -0.18122498563209321620                                                    
mvp2   29   43   97  112   43   29   97  112                       -0.01526347354967009379    0.37866333358629977734                          
mvp2   29   35   97  112   35   29   97  112                        0.01435793484201888272    0.11457391589597502868                          
a_ia  103  104                                                     -0.24412538663480945478                                                    
a_ia  104  105                                                     -0.02362962465041508822                                                    
mvp2   29   43   99  113   43   29   99  113                        0.01646344096685994907   -0.41125692750576753332                          
mvp2   31   43   99  115   43   31   99  115                       -0.01033734447814741407    0.62483975937605373829                          
mvp2   31   45   99  115   45   31   99  115                       -0.00880584850310897442   -0.45429846685009500629                          
mvp2   29   43   99  115   43   29   99  115                        0.01147688325074267338   -0.22884832668044960413                          
mvp2   31   47   99  111   47   31   99  111                       -0.01043523008210914781   -0.31933955711183598103                          
mvp2   27   34  101  102   34   27  101  102                       -0.02435821381013113934    0.02691832262324084929                          
a_ia  101  102                                                      0.00611094413872920010                                                    
a_ia   33   36                                                     -0.01350914994530268663                                                    
mvp2   27   34   93  102   34   27   93  102                       -0.01359137544600259526   -0.17363747862315961901                          
a_ia   95  101                                                      0.26114049756636592559                                                    
a_ia   98  101                                                      0.22767729005179959678                                                    
a_ia   30   32                                                      0.14766594669186258737                                                    
a_ia   97  100                                                     -0.03249034927586404858                                                    
mvp2   25   34   95  102   34   25   95  102                        0.00228052679345638670    0.02402940554064637510                          
a_ia   93   95                                                     -0.42311308192652907767                                                    
mvp2   27   34   95  102   34   27   95  102                       -0.04141806683927391763   -0.39312181509629234855                          
a_ia   25   27                                                     -0.30546743022342603968                                                    
a_ia   34   36                                                     -0.54128762530814078513                                                    
a_ia   38   39                                                      0.19724533279421255227                                                    
mvp2   29   38   97  103   38   29   97  103                        0.00473500842777316733    0.08982436392483970911                          
a_ia   97  103                                                      0.00229417153260223555                                                    
mvp2   29   44   97  103   44   29   97  103                        0.00618333919330321582    0.09759685639804896451                          
a_ia   35   44                                                      0.07935998680430876584                                                    
mvp2   31   47   99  113   47   31   99  113                       -0.01278034404982854311   -0.45752963126927403970                          
mvp2   25   34   95  102   34   25   95  102                        0.00162273065127399130    0.03001232700820600369                          
om     31   45   99  112   45   31   99  112                        0.00660055249531051220                                                    
a_ia  100  108                                                      0.00107717545288101534                                                    
a_ia   33   34                                                      0.02460654154276935984                                                    
mvp2   29   34   97  102   34   29   97  102                       -0.01325858614632006299   -0.11805965899114123641                          
a_ia   97  106                                                     -0.00173814710131753726                                                    
a_ia   97  101                                                     -0.17148894352221680237                                                    
a_ia  102  106                                                      0.24025731934908720056                                                    
a_ia   38   44                                                     -0.21599040595141358323                                                    
a_ia   29   34                                                     -0.00337385763039816430                                                    
a_ia   35   44                                                     -0.04077317244118262851                                                    
a_ia   35   38                                                     -0.06876802555390172655                                                    
a_ia   27   33                                                      0.34972892625649626419                                                    
a_ia   29   33                                                     -0.17308204608715377359                                                    
a_ia   97   98                                                      0.17493982028596680167                                                    
op     29   44  101  102   44   29  101  102                       -0.01064582553998621485                                                    
a_ia   38   40                                                      0.11064979980850779551                                                    
a_ia  108  112                                                     -0.25847465917807221913                                                    
mvp2   29   44   95  102   44   29   95  102                       -0.00850882445022056906   -0.07062814449698567865                          
a_ia   27   36                                                     -0.00529959670701724873                                                    
a_ia   25   32                                                      0.08576452757852209841                                                    
a_ia   36   39                                                      0.08535093439893194633                                                    
op     31   47   99  112   47   31   99  112                        0.00658856427946790616                                                    
mvp2   27   34   88  102   34   27   88  102                        0.00155302274079032604   -0.04285367537387282932                          
a_ia   33   44                                                     -0.00222671103020682199                                                    
a_ia   29   33                                                     -0.05208077198723550655                                                    
a_ia   93  106                                                      0.00516449242457940952                                                    
om     33   40  101  108   40   33  101  108                       -0.00841858768672092833                                                    
a_ia   33   40                                                      0.00145299648914993542                                                    
a_ia  101  104                                                     -0.00273222590484658787                                                    
a_ia   38   45                                                     -0.09427846885089492812                                                    
a_ia   95   97                                                     -0.23908686140602861125                                                    
op     31   35   99  103   35   31   99  103                       -0.01490347596350607463                                                    
mvp3   31   45   33   47   31   33   47   45   31   33   45   47    0.00451747114915658932   -0.30090249621859954665    0.64109539714457397519
a_ia   38   47                                                      0.06500274773827849351                                                    
a_ia   33   45                                                      0.00249543326262784051                                                    
a_ia   38   41                                                      0.17247374509557961142                                                    
mvp2   33   45  101  113   45   33  101  113                       -0.00457494151602990794    0.57287558283531003767                          
a_ia   99  101                                                      0.17393709975605253781                                                    
a_ia   99  100                                                     -0.28578379310932999768                                                    
mvp2   33   45   99  113   45   33   99  113                       -0.00110771058772954822   -0.18222332033565347142                          
a_ia  100  101                                                      0.00219751770617541801                                                    
op     18   40   86  108   40   18   86  108                       -0.01360779032900778264                                                    
a_ia   86  108                                                      0.00129902112806745120                                                    
a_ia   18   40                                                      0.00125682038556982787                                                    
om     28   40   96  108   40   28   96  108                       -0.00530726720045270745                                                    
op     26   40   94  108   40   26   94  108                       -0.00334169653774599174                                                    
op     19   40   87  108   40   19   87  108                       -0.00727849144972100761                                                    
a_ia   87  108                                                      0.00132322711134645827                                                    
op     11   40   79  108   40   11   79  108                       -0.00896193262799119088                                                    
op     19   40   79  108   40   19   79  108                        0.00521351529185532913                                                    
om     18   37   86  105   37   18   86  105                       -0.01060855560488233040                                                    
a_ia   18   39                                                      0.00106399774156572323                                                    
a_ia   18   36                                                     -0.00093138488890401891                                                    
a_ia   86  107                                                      0.00077543362278528532                                                    
op     19   40   81  108   40   19   81  108                       -0.00498087314762119503                                                    
a_ia   81  108                                                      0.00174985013488029102                                                    
mvp3   95  113   99  115   95   99  115  113   95   99  113  115   -0.00708454079150108544   -0.67780917492302383831    0.49758139090282116346
a_ia   95  101                                                      0.10310476739448912187                                                    
op     13   40   81  108   40   13   81  108                       -0.00565449378169168015                                                    
a_ia   13   40                                                      0.00179112515259486011                                                    
op      3   40   71  108   40    3   71  108                       -0.00665216534821898905                                                    
op      7   40   75  108   40    7   75  108                       -0.00466157391217221582                                                    
op      5   40   73  108   40    5   73  108                       -0.00281190139995413915                                                    
op      3   40   75  108   40    3   75  108                       -0.00245590612585411868                                                    
op      5   40   75  108   40    5   75  108                       -0.00219521723438193461                                                    
op      5   40   74  108   40    5   74  108                        0.00169238687895992648                                                    
op      3   40   77  108   40    3   77  108                       -0.00183456813825075564                                                    
a_ia  103  104                                                     -0.15631474962820965380                                                    
op      7   40   71  108   40    7   71  108                       -0.00243100150621595058                                                    
a_ia   71  108                                                     -0.00041808500112398725                                                    
a_ia  101  113                                                     -0.00350753866547941218                                                    
a_ia  101  115                                                      0.00015853144132142534                                                    
mvp3   99  111  101  115   99  101  115  111   99  101  111  115    0.00447880037463132315   -0.37761268237485051680    0.24303578868259353984
a_ia  101  111                                                     -0.00155829082596603725                                                    
a_ia   33   45                                                     -0.00449280649196007881                                                    
a_ia   99  115                                                     -0.00052140689707832599                                                    
mvp2   95  111   99  115   95   99  115  111                       -0.00469239300471077560   -0.15546843278336391903                          
a_ia   95  111                                                     -0.00202049310843680895                                                    
a_ia  100  115                                                      0.00117456200374798985                                                    
a_ia  103  113                                                      0.12141852917609080587                                                    
a_ia   29   44                                                     -0.00231645536339674177                                                    
a_ia   99  113                                                     -0.00082485168426828671                                                    
a_ia   86  105                                                      0.00236617826581960421                                                    
a_ia   18   37                                                     -0.00112363015801744074                                                    
a_ia   31   35                                                      0.00222851628247979936                                                    
a_ia   33   38                                                      0.00760261967382711706                                                    
a_ia   95  112                                                     -0.00236945688055689588                                                    
a_ia   33   43                                                     -0.00128004459743025754                                                    
a_ia   33   41                                                      0.00085985308248501908                                                    
op     33   46  101  114   46   33  101  114                       -0.00548824094297711666                                                    
a_ia  101  112                                                     -0.00076910574930028378                                                    
a_ia   42   43                                                     -0.28674489698722316344                                                    
a_ia  103  115                                                     -0.14341367549547742732                                                    
a_ia   98  104                                                      0.00148778718492893563                                                    
a_ia   32   34                                                     -0.01075101547908530880                                                    
a_ia   27   32                                                      0.17663274665596531698                                                    
a_ia   86  106                                                      0.00098017793189481960                                                    
a_ia   93  105                                                      0.00321602039916647937                                                    
a_ia  105  107                                                      0.08428730714175089456                                                    
a_ia   95  103                                                      0.00447857804217723175                                                    
a_ia   34   37                                                      0.07610921137403524328                                                    
a_ia   18   34                                                      0.00126303790073216903                                                    
op     14   40   82  108   40   14   82  108                       -0.00312810736806218119                                                    
a_ia    9   40                                                     -0.00041868600133100484                                                    
op     11   40   75  108   40   11   75  108                       -0.00398863949668928908                                                    
a_ia   11   40                                                      0.00080267024717284037                                                    
a_ia   10   40                                                      0.00043051177960178738                                                    
om     33   41  101  109   41   33  101  109                       -0.00455031742838276666                                                    
mvp3   27   45   31   47   27   31   47   45   27   31   45   47   -0.00590821165557128911   -0.61915826100314708125    0.47791982505994862196
a_ia   35   47                                                     -0.13217538090678349061                                                    
a_ia   31   45                                                     -0.00083284433363792177                                                    
mvp2   27   35   97  112   35   27   97  112                        0.00553927200486604467    0.10614473136519692043                          
a_ia   97  112                                                     -0.00238512771234880962                                                    
a_ia   27   35                                                      0.00183592197450458653                                                    
a_ia   35   45                                                      0.05211990664249845778                                                    
mvp3   27   35   29   45   27   29   45   35   27   29   35   45    0.00550436023397835386    0.12415696018670044354   -0.10514599728788485977
a_ia   27   29                                                     -0.22521199912901126994                                                    
a_ia   27   44                                                     -0.00096825220771780320                                                    
a_ia  104  112                                                      0.05706443800219532236                                                    
om     29   45   97  113   45   29   97  113                       -0.00447753149688119492                                                    
a_ia   29   45                                                      0.00050316965412945094                                                    
a_ia  104  113                                                     -0.03182154529928288289                                                    
a_ia  103  111                                                      0.07826577807099811823                                                    
mvp2   95  111  101  115   95  101  115  111                       -0.00366882177582260804    0.11680126447121652600                          
a_ia  101  103                                                      0.00220786822043637573                                                    
a_ia  100  104                                                     -0.00226773665803540157                                                    
a_ia   99  104                                                      0.00059818306668319745                                                    
a_ia   12   40                                                      0.00065216681650006692                                                    
op      7   40   79  108   40    7   79  108                       -0.00398055980000147896                                                    
a_ia   79  108                                                      0.00067317536161828841                                                    
a_ia   80  108                                                      0.00077159458780440878                                                    
mvp2   29   44   99  112   44   29   99  112                       -0.00550040643309611908    0.15137435394928491772                          
a_ia   99  112                                                      0.00066627569389917458                                                    
mvp2   27   34   86  105   34   27   86  105                       -0.00651638819773182887    0.09540771163920779008                          
a_ia   86  105                                                     -0.00360743124216915184                                                    
mvp2   27   34   84  102   34   27   84  102                       -0.01465579881997348087    0.25022215546131443276                          
mvp2   32   36   84  102   36   32   84  102                        0.01293773833154034103    0.05222352199829940339                          
a_ia   88  105                                                     -0.00103564929148757673                                                    
a_ia   88  106                                                      0.00139021760610892370                                                    
a_ia   88   93                                                      0.76256059240116913500                                                    
a_ia   93  106                                                     -0.00643056026461105452                                                    
a_ia   25   34                                                      0.00133829685795954097                                                    
om     32   34   84  102   34   32   84  102                        0.00738612496361591882                                                    
a_ia   93  105                                                     -0.00278886338953065072                                                    
op     18   37   86  107   37   18   86  107                        0.00280921737899230686                                                    
op     32   36   84  104   36   32   84  104                        0.01414158690688764944                                                    
a_ia  104  107                                                      0.06921421766009132337                                                    
a_ia   86  104                                                     -0.00144199147268959677                                                    
a_ia   88  104                                                     -0.00199271828190835656                                                    
op     32   34   84  104   34   32   84  104                        0.01106322689301909162                                                    
a_ia   96  102                                                     -0.00157804422597068944                                                    
a_ia   27   28                                                      0.16122074090988078310                                                    
mvp2   18   34   27   37   18   27   34   37                        0.00405531745174650491   -0.12999106765701140542                          
a_ia   84  104                                                      0.00102644433470764642                                                    
a_ia   32   34                                                      0.00793986045449536319                                                    
mvp3   95  103   97  112   95   97  112  103   95   97  103  112    0.00752891002614132065   -0.02643725622029311981   -0.03268380958135976011
a_ia  100  112                                                     -0.00053375542784380207                                                    
mvp3   95  103   97  113   95   97  113  103   95   97  103  113    0.00491084403382140676   -0.08850353028882342044   -0.06603916947877028210
mvp2   29   44   99  107   44   29   99  107                        0.00493097669023027929   -0.24093267730786607772                          
mvp2   29   44   97  107   44   29   97  107                        0.00460214392762962800   -0.32726491541933955265                          
a_ia   97   99                                                     -0.05370816889288704959                                                    
op     32   35   84  104   35   32   84  104                        0.00243645566520814044                                                    
a_ia   35   36                                                     -0.31861024693265793672                                                    
a_ia   32   35                                                     -0.00162303758357729253                                                    
a_ia   27   37                                                      0.00038478290413759711                                                    
a_ia   27   34                                                      0.00220356295833802748                                                    
mvp2   27   36   84  104   36   27   84  104                       -0.00447886615408752027    0.04049271748037979596                          
mvp2   33   38  101  112   38   33  101  112                        0.00558438659653040688   -0.07313580169222881622                          
mvp2   31   41   99  107   41   31   99  107                       -0.00708976266173495361   -0.48327932658621503004                          
mvp2   29   44   97  106   44   29   97  106                       -0.00317016735012707728    0.23800027143993507384                          
a_ia   29   44                                                     -0.00010559398880192893                                                    
op     13   40   87  108   40   13   87  108                       -0.00496939281540992404                                                    
om     11   40   87  108   40   11   87  108                        0.00520269877684193752                                                    
mvp2   31   41   99  113   41   31   99  113                       -0.00344405320772216486   -0.19217171213297495891                          
a_ia   95  100                                                      0.01656759905405117902                                                    
a_ia  100  103                                                     -0.00136897357219663307                                                    
mvp2   33   38  101  109   38   33  101  109                       -0.00302453020520193497    0.09026989005146819622                          
om     33   38  101  118   38   33  101  118                       -0.00547977388340476802                                                    
a_ia  101  118                                                      0.00153972131543610733                                                    
a_ia  109  112                                                      0.18845126607087073212                                                    
op     33   54  101  122   54   33  101  122                       -0.00478935452282995121                                                    
a_ia  101  122                                                     -0.00119498466393153330                                                    
a_ia   33   54                                                     -0.00113430199583288045                                                    
a_ia  101  120                                                      0.00208592263174360972                                                    
a_ia  101  119                                                     -0.00074589426792734067                                                    
a_ia   33   50                                                      0.00140825832870583416                                                    
a_ia   33   52                                                      0.00195980418387469227                                                    
