op     23   28   79   84   28   23   79   84                       -0.02286745176112288738                                                    
op     23   28   80   84   28   23   80   84                        0.02101330618295909128                                                    
op     24   28   80   84   28   24   80   84                       -0.01972682829006779451                                                    
op     24   28   79   84   28   24   79   84                        0.02128771759279616746                                                    
op     21   31   77   87   31   21   77   87                       -0.01838016866261701909                                                    
op     23   29   79   85   29   23   79   85                       -0.00564155139877235354                                                    
om     23   29   79   84   29   23   79   84                        0.00618054930839761259                                                    
op     23   28   79   85   28   23   79   85                        0.01438063205234892811                                                    
op     24   31   77   87   31   24   77   87                       -0.00463471280528653020                                                    
op     20   31   77   87   31   20   77   87                        0.00588183208091432996                                                    
op     24   28   79   85   28   24   79   85                       -0.01328343425533177330                                                    
op     24   29   79   84   29   24   79   84                       -0.00569451373928809602                                                    
a_ia   28   29                                                     -0.28500360110770506239                                                    
op     19   34   75   90   34   19   75   90                       -0.01596140873730620552                                                    
a_ia   75   90                                                      0.00142285516900439966                                                    
a_ia   19   34                                                      0.00111421914634143512                                                    
op     22   34   78   90   34   22   78   90                       -0.01308202598273519070                                                    
a_ia   78   90                                                     -0.00182694721060785992                                                    
a_ia   22   34                                                     -0.00165637344552430608                                                    
op     21   34   77   90   34   21   77   90                       -0.00874627479866316865                                                    
op     15   34   71   90   34   15   71   90                       -0.00904074372345194804                                                    
a_ia   71   90                                                     -0.00255393526073334444                                                    
a_ia   15   34                                                     -0.00245482656385243372                                                    
op     19   30   75   86   30   19   75   86                       -0.00822561333211465490                                                    
a_ia   19   29                                                      0.00136544277804428712                                                    
a_ia   75   86                                                     -0.00196926171846000149                                                    
a_ia   19   30                                                     -0.00182106383953892247                                                    
op     19   33   75   89   33   19   75   89                       -0.00976444706214190522                                                    
op     19   37   75   93   37   19   75   93                       -0.01055711366684980099                                                    
a_ia   19   32                                                      0.00127214006393237063                                                    
op     19   40   75   96   40   19   75   96                       -0.01373950737119156509                                                    
op     19   44   75  100   44   19   75  100                       -0.01540433155166402203                                                    
op     19   38   75   94   38   19   75   94                       -0.00430194404427590524                                                    
op     19   42   75   98   42   19   75   98                       -0.00909290915329283127                                                    
op     19   42   75  100   42   19   75  100                        0.00589276233609728039                                                    
a_ia   19   44                                                      0.00081666963627768116                                                    
op     19   42   75   96   42   19   75   96                        0.01264776801496901582                                                    
a_ia   75  100                                                      0.00067686909476932561                                                    
op     19   40   75   98   40   19   75   98                        0.00735998866263066435                                                    
op     19   44   75   98   44   19   75   98                        0.00763651210856776570                                                    
op     19   40   75   93   40   19   75   93                       -0.00477577238880306891                                                    
op     15   31   71   87   31   15   71   87                       -0.00846499064017499150                                                    
op     21   31   71   87   31   21   71   87                       -0.00699134651605262235                                                    
op     15   31   77   87   31   15   77   87                       -0.00691457973918273901                                                    
op     12   34   68   90   34   12   68   90                       -0.00785562499328731727                                                    
op     13   34   69   90   34   13   69   90                       -0.00606038609003091682                                                    
a_ia   68   90                                                     -0.00099385705113307272                                                    
op     12   31   68   87   31   12   68   87                       -0.01147543976172413910                                                    
a_ia   68   87                                                     -0.00093258987034902424                                                    
a_ia   12   31                                                     -0.00091899011083511665                                                    
op      8   34   64   90   34    8   64   90                       -0.00743422307950779640                                                    
op     12   31   77   87   31   12   77   87                        0.01023442965608910467                                                    
om     21   31   68   87   31   21   68   87                        0.01053652717756307401                                                    
op      8   34   62   90   34    8   62   90                       -0.00375761714620388102                                                    
a_ia   62   90                                                      0.00113570326529483520                                                    
a_ia   75   93                                                     -0.00159344334168290132                                                    
a_ia   19   40                                                      0.00039617671638535618                                                    
op      6   34   62   90   34    6   62   90                       -0.00444514424709460849                                                    
a_ia    6   34                                                      0.00115812406221815268                                                    
op     15   38   71   94   38   15   71   94                       -0.01113749939615430763                                                    
a_ia   15   38                                                      0.00341780354860905539                                                    
a_ia   71   94                                                      0.00339699614450363107                                                    
op     15   33   71   89   33   15   71   89                       -0.00766775143458379559                                                    
op     15   35   71   91   35   15   71   91                       -0.01062552987614954689                                                    
a_ia   15   35                                                     -0.00289662526075664924                                                    
op     15   36   71   92   36   15   71   92                       -0.01092079703427837993                                                    
a_ia   15   36                                                     -0.00100170787470047233                                                    
a_ia   71   91                                                     -0.00325304253827179328                                                    
om     15   40   71   96   40   15   71   96                       -0.00397140306057485251                                                    
a_ia   15   40                                                      0.00096507415111116623                                                    
a_ia   71   88                                                     -0.00143671573123632635                                                    
mvp3   71   96   75   98   71   75   98   96   71   75   96   98   -0.01271661959379784962   -0.18847044984173297322    0.32696954261276328646
a_ia   71   96                                                      0.00127532547576564661                                                    
mvp2   15   40   75   98   40   15   75   98                       -0.00509620153296356636   -0.30705256168120181881                          
mvp2   15   40   75   96   40   15   75   96                        0.00676865447380205383    0.50713831660296160297                          
mvp2   15   42   71   98   42   15   71   98                       -0.00604107173848557246   -0.31122539280492472757                          
a_ia   71   98                                                      0.00158102312694932278                                                    
op     15   43   71   99   43   15   71   99                       -0.00598774153899441289                                                    
op     15   45   71  101   45   15   71  101                       -0.00822703602367247377                                                    
op     15   46   71  102   46   15   71  102                       -0.00579810797430343333                                                    
op     15   41   71   97   41   15   71   97                       -0.00414076220552852571                                                    
op     15   49   71  105   49   15   71  105                       -0.00474729335227194044                                                    
a_ia   75   88                                                      0.00148386514600434231                                                    
op     15   39   71   95   39   15   71   95                       -0.00429868293046609985                                                    
op     15   43   71  101   43   15   71  101                        0.00521276945236992355                                                    
op     15   45   71   99   45   15   71   99                        0.00421812942241542050                                                    
op     15   46   71  101   46   15   71  101                       -0.00268471338722400246                                                    
op     15   43   71   97   43   15   71   97                        0.00233449385635953448                                                    
op     22   38   78   94   38   22   78   94                       -0.00711758969711263900                                                    
a_ia   78   94                                                     -0.00264760278671719116                                                    
a_ia   22   38                                                     -0.00255953935366461278                                                    
op     22   33   78   89   33   22   78   89                       -0.00766038200402073457                                                    
op     12   38   68   94   38   12   68   94                       -0.01015906708978077042                                                    
a_ia   12   38                                                      0.00168202041352173638                                                    
a_ia   68   94                                                      0.00156817618405387361                                                    
op     18   31   74   87   31   18   74   87                       -0.00331957084674985858                                                    
op     12   38   77   94   38   12   77   94                       -0.00504724748281788933                                                    
om     21   38   77   94   38   21   77   94                       -0.00616981799834714299                                                    
om     21   31   76   87   31   21   76   87                        0.00588009017327378522                                                    
om     19   45   75  100   45   19   75  100                       -0.00716110480729837979                                                    
op     19   44   75  101   44   19   75  101                       -0.00664592815828516856                                                    
op     19   45   75  101   45   19   75  101                       -0.00351344198022015631                                                    
mvp2   19   44   71   99   44   19   71   99                       -0.00529678431091236065    0.12787964628943071510                          
a_ia   71   99                                                     -0.00035917841335865740                                                    
op     22   30   78   86   30   22   78   86                       -0.00598260400123105506                                                    
op     19   49   75  105   49   19   75  105                       -0.00401924228198756364                                                    
op     19   50   75  106   50   19   75  106                       -0.00472703219184107334                                                    
op     19   48   75  104   48   19   75  104                       -0.00350333540573898039                                                    
op     19   48   75  106   48   19   75  106                        0.00216540231003959412                                                    
om     21   38   68   94   38   21   68   94                       -0.00517210355643586261                                                    
mvp2   21   38   77   87   38   21   77   87                       -0.00500494883706223588   -0.10424143191786486295                          
mvp2   21   31   77   94   31   21   77   94                       -0.00499909560039478017    0.13107700778690495325                          
op     13   38   69   94   38   13   69   94                       -0.00476820183412405511                                                    
a_ia   76   94                                                      0.00150555011488742209                                                    
op     17   38   73   94   38   17   73   94                       -0.00362430476326307998                                                    
op     13   33   69   89   33   13   69   89                       -0.01243381632116965368                                                    
op     12   33   68   89   33   12   68   89                       -0.00719175810300707111                                                    
a_ia   12   33                                                      0.00136914874580558129                                                    
a_ia   69   89                                                      0.00066595629672180109                                                    
om     13   29   69   85   29   13   69   85                       -0.01088837664757626861                                                    
op     18   38   74   94   38   18   74   94                       -0.00284045279452424092                                                    
a_ia   74   94                                                     -0.00082195909683812447                                                    
om     13   30   69   86   30   13   69   86                       -0.00780058308768781343                                                    
op     22   35   78   91   35   22   78   91                       -0.00592793274428682609                                                    
a_ia   22   35                                                     -0.00135751610513036775                                                    
om     22   37   78   93   37   22   78   93                       -0.00855068665189184264                                                    
op     22   36   78   92   36   22   78   92                       -0.00523982314446520825                                                    
a_ia   22   36                                                     -0.00158638996887338897                                                    
op     22   32   78   88   32   22   78   88                       -0.00772976305015506040                                                    
op     22   44   78  100   44   22   78  100                       -0.00404563475036103914                                                    
a_ia   78   92                                                     -0.00170407272489854988                                                    
op     22   49   78  105   49   22   78  105                       -0.00464873204088383975                                                    
op     22   41   78   97   41   22   78   97                       -0.00458600772942149761                                                    
op     22   46   78  102   46   22   78  102                       -0.00754867056224896738                                                    
op     22   46   71  102   46   22   71  102                       -0.00389255179623694894                                                    
op     22   41   78  102   41   22   78  102                        0.00485282925746832912                                                    
op     22   46   78   97   46   22   78   97                        0.00320495452888004033                                                    
a_ia   78   97                                                     -0.00120090018646188692                                                    
op     22   39   78   95   39   22   78   95                       -0.00546918148747900425                                                    
a_ia   22   39                                                     -0.00143014732713715211                                                    
op     22   50   78  106   50   22   78  106                       -0.00381217485226730554                                                    
om     22   39   78  102   39   22   78  102                        0.00440030302028427810                                                    
op     22   48   78  104   48   22   78  104                       -0.00473739139605350475                                                    
op     22   47   78  103   47   22   78  103                       -0.00353759396236566622                                                    
op     19   52   75  108   52   19   75  108                       -0.00201911350169538479                                                    
op     13   37   69   93   37   13   69   93                       -0.00700110722493561387                                                    
a_ia   69   93                                                     -0.00148818212037891192                                                    
a_ia   13   37                                                     -0.00134373028953069132                                                    
op     13   49   69  105   49   13   69  105                       -0.00466038852696083142                                                    
a_ia   13   32                                                      0.00271324556377631684                                                    
a_ia   69   88                                                      0.00277479012057413668                                                    
op     13   36   69   92   36   13   69   92                       -0.00547731170381812998                                                    
om     13   32   69   88   32   13   69   88                       -0.00619524631202741580                                                    
a_ia   15   42                                                      0.00161233366182569112                                                    
om     15   42   71   96   42   15   71   96                       -0.00504917275839352440                                                    
a_ia   68   89                                                      0.00129083401799507400                                                    
om     21   33   77   89   33   21   77   89                       -0.00642679270085782552                                                    
a_ia   21   33                                                     -0.00178231071197493957                                                    
a_ia   77   89                                                     -0.00179581204717597291                                                    
op     19   51   75  107   51   19   75  107                       -0.00161947039521709931                                                    
om     15   46   78  102   46   15   78  102                       -0.00466609632198022352                                                    
op     15   45   78   97   45   15   78   97                        0.00276169761264382979                                                    
op     15   45   78  102   45   15   78  102                       -0.00440368135909882750                                                    
om     15   46   78  104   46   15   78  104                       -0.00289977607889941669                                                    
op      6   34   64   90   34    6   64   90                       -0.00375733380583344366                                                    
op     13   44   69  100   44   13   69  100                       -0.00256534574833906012                                                    
op     13   41   69   97   41   13   69   97                       -0.00489370791926032733                                                    
a_ia   69  101                                                     -0.00018575930517904644                                                    
mvp3   69   98   71  101   69   71  101   98   69   71   98  101   -0.00378272817083471049   -0.38964995684213532545    0.37309781821822562975
a_ia   13   40                                                     -0.00044568314867400870                                                    
om     13   50   69  106   50   13   69  106                       -0.00513381703965319972                                                    
om     13   48   69  104   48   13   69  104                       -0.00439050104210693057                                                    
op     13   47   69  103   47   13   69  103                       -0.00356816414411737556                                                    
mvp2   22   46   69  103   46   22   69  103                        0.00326908505390299418   -0.12525808992128856234                          
a_ia   78   95                                                     -0.00144498391584331779                                                    
mvp3   13   42   15   45   13   15   45   42   13   15   42   45   -0.00359362141479077765   -0.42317725338780604050    0.45449818462314506284
om     13   48   78  104   48   13   78  104                        0.00296253004757309878                                                    
op     22   48   69  104   48   22   69  104                        0.00307245566593401494                                                    
om     22   39   69  103   39   22   69  103                       -0.00311413796172259208                                                    
om     13   50   78  105   50   13   78  105                        0.00369126420599580514                                                    
om     13   50   78  106   50   13   78  106                        0.00257101328623118809                                                    
op     17   38   74   94   38   17   74   94                        0.00287184940542174012                                                    
om     22   50   69  105   50   22   69  105                        0.00346325907206690301                                                    
om     22   50   69  106   50   22   69  106                        0.00260160518486836313                                                    
a_ia   78   96                                                     -0.00084857947162309639                                                    
op     13   41   71  102   41   13   71  102                       -0.00380966901916633856                                                    
a_ia   13   41                                                     -0.00053973821949175962                                                    
mvp2   22   41   71   96   41   22   71   96                        0.00421466748648398684    0.13667531939310040290                          
op     22   41   71  101   41   22   71  101                        0.00407990353870015237                                                    
a_ia   22   41                                                     -0.00086212410781298025                                                    
om     15   45   69  103   45   15   69  103                        0.00296398923575909128                                                    
op     22   41   69  101   41   22   69  101                       -0.00308203732522388920                                                    
mvp2   22   41   69  105   41   22   69  105                       -0.00299153442978728401    0.14422870033834231385                          
om     12   36   68   92   36   12   68   92                       -0.00878788066734954333                                                    
a_ia   68   92                                                     -0.00276226950990829086                                                    
a_ia   12   36                                                     -0.00270055962755956372                                                    
om     12   37   68   93   37   12   68   93                       -0.00398819552364214087                                                    
om     22   49   69  106   49   22   69  106                        0.00363982097587296164                                                    
op     13   49   78  106   49   13   78  106                        0.00346955469371264171                                                    
op     13   50   69  105   50   13   69  105                       -0.00245054084681603848                                                    
op     13   49   69  106   49   13   69  106                       -0.00245856921547974111                                                    
op     13   41   78  101   41   13   78  101                       -0.00348192386787041014                                                    
mvp2   15   45   75   96   45   15   75   96                        0.00629580160522663548   -0.08721973002728074242                          
a_ia   75  103                                                     -0.00046114692699731935                                                    
mvp2   22   41   75   96   41   22   75   96                       -0.00889424247326994766   -0.10131375296117341167                          
a_ia   75   99                                                     -0.00056324357061289748                                                    
om     13   50   75  106   50   13   75  106                        0.00319879024500241372                                                    
op     13   50   75  105   50   13   75  105                        0.00269512618190182168                                                    
op     13   49   75  106   49   13   75  106                        0.00277984012947530851                                                    
mvp2   22   44   75  100   44   22   75  100                        0.00629755064442005189    0.60610192268275220329                          
mvp3   75  100   78  101   75   78  101  100   75   78  100  101   -0.00566947389202377382    0.21995776519941215299   -0.33839210245843098779
mvp3   71  100   78  101   71   78  101  100   71   78  100  101    0.00213110939972191698    0.56971013893325472832    0.23599299122827882558
mvp2   22   44   71  101   44   22   71  101                       -0.00304645956589264400   -0.23777449063629105264                          
mvp3   69   98   75  100   69   75  100   98   69   75   98  100    0.00424964461632010813    0.10337974474589056717   -0.20837531255243740835
om     22   44   75   98   44   22   75   98                       -0.00326547559848096433                                                    
mvp2   71   97   75  100   71   75  100   97                        0.00653159031917204501    0.14570889814615123337                          
a_ia   69   98                                                      0.00052447355770960248                                                    
a_ia   71   75                                                      0.10020314874293113905                                                    
mvp2   75  101   78  102   75   78  101  102                       -0.00248416934915569052    0.70434405191679871905                          
mvp2   75   96   78   97   75   78   97   96                       -0.00647921032016974315    0.23858015366224633036                          
mvp3   71   96   78   97   71   78   97   96   71   78   96   97    0.00305348313579705422   -0.11755869877217371700   -0.35811621417880434848
mvp2   13   41   15   48   13   15   48   41                       -0.00318136000942795174    0.33089697588591399091                          
op     13   41   15   42   13   15   41   42                        0.00163207455877955828                                                    
mvp2   15   41   75  100   41   15   75  100                        0.00565890263857693736    0.19108905742936058147                          
mvp2   13   41   75  100   41   13   75  100                       -0.00379622963156287050   -0.10271518523884647089                          
mvp2   13   48   75  100   48   13   75  100                       -0.00372035539915900474   -0.09028262559426533662                          
mvp2   13   48   69  106   48   13   69  106                        0.00206401046087914628   -0.19985499246342350310                          
om     13   48   75  106   48   13   75  106                       -0.00215460292703927849                                                    
om     13   48   69  105   48   13   69  105                        0.00227344973366838069                                                    
op     13   48   75  105   48   13   75  105                       -0.00220736838114253672                                                    
op     19   50   69  106   50   19   69  106                        0.00321830000461686928                                                    
a_ia   69   99                                                     -0.00068619780619451798                                                    
mvp2   15   48   75  100   48   15   75  100                       -0.00193735817114046240   -0.03437940723336914417                          
op     21   36   77   92   36   21   77   92                       -0.00738865599023671386                                                    
a_ia   77   92                                                     -0.00250907473513881053                                                    
a_ia   21   36                                                     -0.00218884951138373753                                                    
op     21   35   77   91   35   21   77   91                       -0.00899668313790488207                                                    
om     12   35   68   91   35   12   68   91                       -0.00400138627256847994                                                    
a_ia   68   91                                                      0.00082568018783266139                                                    
a_ia   12   35                                                      0.00077392939076134659                                                    
op     21   35   77   93   35   21   77   93                       -0.00477519649599711469                                                    
a_ia   77   93                                                      0.00146131367902102094                                                    
op     21   37   77   93   37   21   77   93                       -0.00459315114101359768                                                    
op     12   32   68   88   32   12   68   88                       -0.00626833700202080336                                                    
a_ia   12   32                                                      0.00100149629893491019                                                    
om     21   37   77   91   37   21   77   91                       -0.00478020199329662679                                                    
a_ia   21   37                                                      0.00116515504367543997                                                    
op     21   40   77   96   40   21   77   96                       -0.00595923891700054099                                                    
a_ia   21   40                                                      0.00093032844824426106                                                    
a_ia   77   96                                                      0.00102795406777053309                                                    
mvp2   21   40   75   96   40   21   75   96                       -0.00767725013122146950   -0.64256009402956582033                          
mvp3   75   96   77   98   75   77   98   96   75   77   96   98   -0.00630530987252364127    0.42734882734027113127   -0.44132688705336425850
mvp2   21   40   75   98   40   21   75   98                        0.00602262707624200925    0.18090422707066092234                          
a_ia   77   98                                                     -0.00089578446832901397                                                    
mvp3   77  101   78  102   77   78  102  101   77   78  101  102   -0.00363798911480675948   -0.46004963982726032601    0.54275179953666385924
a_ia   68   79                                                      0.11594353657857506268                                                    
mvp2   21   45   77  101   45   21   77  101                       -0.00471701319339611763   -0.69371403723109270612                          
op     21   41   77   97   41   21   77   97                       -0.00445443885142673447                                                    
om     21   44   77  100   44   21   77  100                       -0.00382524756124155100                                                    
a_ia   77  100                                                      0.00095200759767057465                                                    
a_ia   21   44                                                      0.00092976596251019919                                                    
op     21   49   77  105   49   21   77  105                       -0.00373990712307837496                                                    
mvp2   15   42   77   99   42   15   77   99                       -0.00483256674395072475    0.50210741219381838096                          
op     21   51   77  107   51   21   77  107                       -0.00518746006214712823                                                    
op     21   53   77  109   53   21   77  109                       -0.00515099937738004721                                                    
op     13   51   69  107   51   13   69  107                       -0.00240059772043987917                                                    
op     21   39   77   95   39   21   77   95                       -0.00618998350815544093                                                    
op     21   52   77  108   52   21   77  108                       -0.00360912614638572368                                                    
op     21   52   77  109   52   21   77  109                        0.00321877203228624091                                                    
op     21   53   77  107   53   21   77  107                       -0.00386400012574240762                                                    
om     21   51   77  109   51   21   77  109                       -0.00389276833718905620                                                    
op     21   39   77  109   39   21   77  109                        0.00353575268132614532                                                    
op     21   50   77  106   50   21   77  106                       -0.00301307842241602120                                                    
op     21   39   77  107   39   21   77  107                        0.00323760806335480957                                                    
op     21   53   77  108   53   21   77  108                        0.00327468703623224342                                                    
op     21   53   77   95   53   21   77   95                        0.00351366203671372871                                                    
om     21   51   77  108   51   21   77  108                        0.00273784310793980879                                                    
op     19   49   69  106   49   19   69  106                        0.00275432458149810905                                                    
mvp3   13   42   19   44   13   19   44   42   13   19   42   44    0.00469900229828387056    0.21172258638511878837   -0.27084969714193818380
mvp2   19   44   77  100   44   19   77  100                       -0.00459406017107771413    0.31190047458403163949                          
mvp2   19   42   77   99   42   19   77   99                       -0.00328672015037383873    0.37444145306781179139                          
om     15   45   77   96   45   15   77   96                        0.00464432715257504652                                                    
mvp2   22   41   77   96   41   22   77   96                       -0.00277583022967304530    0.07945010729299555041                          
mvp2   22   41   77   97   41   22   77   97                       -0.00289354750735121118    0.18265745512890471658                          
mvp2   15   41   77   97   41   15   77   97                       -0.00338835817721268220    0.33401154297933677295                          
mvp2   13   41   77  101   41   13   77  101                       -0.00275073470351917294    0.13097788106512767148                          
mvp2   19   44   77  101   44   19   77  101                       -0.00435545078521129732    0.14538015725281697166                          
mvp2   15   42   19   45   15   19   45   42                        0.00319482625453050171   -0.12318142719040635347                          
a_ia   15   19                                                      0.10715209082246973660                                                    
mvp2   19   44   71  101   44   19   71  101                        0.00323435097159792450   -0.05951699178548773561                          
op     15   49   77  105   49   15   77  105                        0.00252295111956659128                                                    
om     19   40   71   96   40   19   71   96                        0.00437743717454775003                                                    
om     19   40   78  102   40   19   78  102                        0.00363033825603584909                                                    
mvp2   19   40   71  101   40   19   71  101                        0.00438545819857962850   -0.04865688583482177809                          
op     19   40   22   41   19   22   40   41                       -0.00451986197900044843                                                    
mvp3   19   40   22   44   19   22   44   40   19   22   40   44    0.00355460249472303513   -0.08309205816398514133    0.08976933078742473093
mvp2   19   45   77  101   45   19   77  101                       -0.00263458737158610030    0.10691610099745656182                          
mvp2   19   40   77   96   40   19   77   96                       -0.00368188641763607947    0.16429068803916765940                          
mvp2   15   40   19   45   15   19   45   40                       -0.00413275038791312797   -0.07032523990699333927                          
mvp2   19   44   77  102   44   19   77  102                        0.00289611790170846845   -0.04212521852970102509                          
